Timestamp,Pose_X,Pose_Y,Pose_Z,Pose_Rx,Pose_Ry,Pose_Rz,Force_X,Force_Y,Force_Z,Torque_X,Torque_Y,Torque_Z,Y
0.006921529769897461,-0.7456433749399305,0.6819698902756077,0.30311879090313576,-2.519510574945159,0.06817437816816622,1.7580551975724577,-0.021989256808094743,0.1705062203475553,0.046126549390430156,0.005006698771447585,-0.0012029042948014817,0.005191751752421437,1
0.008957386016845703,-0.7456605959190253,0.6819453919683843,0.30309708254706974,-2.5195516437164964,0.06815822168357524,1.758082759304481,-0.1353222113978351,0.13481723732998455,0.0520005830128136,0.0032253225611949916,-0.0005842552484420977,0.0022332266314780366
0.011000871658325195,-0.7456605959190253,0.6819453919683843,0.30309708254706974,-2.5195516437164964,0.06815822168357524,1.758082759304481,-0.1353222113978351,0.13481723732998455,0.0520005830128136,0.0032253225611949916,-0.0005842552484420977,0.0022332266314780366
0.013060331344604492,-0.7456610121539525,0.6819468219990186,0.30308464375238836,-2.5195964780234146,0.0682117584140034,1.7580581652425158,-0.2590014492233072,0.0009624633015615155,0.17714535531048098,0.0024093749051058914,-0.004396139662933058,0.0014699901419303388
0.015132904052734375,-0.7456709942579154,0.6819416992608761,0.3030686233378252,-2.5196315504594105,0.06824600244136013,1.7580690072596319,-0.09928737596740572,0.1107595172049832,-0.08314899874490445,0.0018559899008845355,0.007517836939699592,0.00704429510329412
0.017180681228637695,-0.745657140615493,0.6819604142857039,0.30309151419725827,-2.519557843122057,0.0681996927366314,1.7580421999637315,-0.10520718291639244,-0.09443685975627508,-0.141559794986247,0.002182195532225143,-0.0027464838149086667,0.005928716204263293
0.019231557846069336,-0.745669170232973,0.6819502997089627,0.30309972503831767,-2.519539294846219,0.06814929352036164,1.7580775536274835,-0.006680641585103633,-0.19253315366166976,-0.3151896438464794,0.002727185326055947,-0.012716828148849519,0.006120200020686035
0.02127814292907715,-0.7456669220263566,0.6819611202944478,0.3031009692310935,-2.519544107173723,0.06821612433624957,1.7580486055933817,-0.03458100287018673,0.01362355472850272,-0.19283542619134228,0.0018003534661766877,-0.019279874516563388,0.011561573701051275
0.023308992385864258,-0.7456676670262784,0.6819548963467322,0.30310683875719524,-2.519559784382744,0.06823316226451197,1.7580766549850542,-0.00668508393188471,0.20076785142669787,-0.11312457866412373,0.0057216241697343575,-0.0063675243470691974,-0.0005729644470164298
0.025336265563964844,-0.7456785178874019,0.6819452674917522,0.303110226871145,-2.5195354542708923,0.06813425823338423,1.758081992163676,-0.38728125138773156,0.3671157308469933,0.4913246857020152,0.009834833379728094,0.0024393976011141375,-0.0020409916765144194
0.027361631393432617,-0.7456768974094066,0.6819548264911407,0.3030999045453312,-2.519544797342696,0.06817984129743457,1.7580757801700244,-0.04162268647392674,0.13742527302698243,0.3786953683694566,0.008369843335492077,0.01229831843839583,-0.00744688982916068
0.029389381408691406,-0.7457026929839388,0.6819282664818405,0.30309724931606213,-2.5195596513597294,0.06813586069836022,1.7581069540320715,0.014505912751663227,-0.016438363742256885,0.017309221712122617,0.008309821597613816,0.013891725340911482,-0.00015445976332207744
0.03143811225891113,-0.7456970581848135,0.6819412463261041,0.3030893823209237,-2.519583330999229,0.06820155078365121,1.758081521147185,-0.27436203682351196,-0.1373047255807576,0.19167174815614163,0.004862452583581778,0.0016684291631490784,0.00843618198350623
0.03346395492553711,-0.7457173807320824,0.6819257261505248,0.3030625101406218,-2.519634471513283,0.06818949320040997,1.7580730531121962,-0.042399102107841834,-0.1785462356754505,-0.018690526889552625,0.0023340853690870765,-0.0066965999036529,0.010454494725974494
0.03548550605773926,-0.7457043727158446,0.6819424461932058,0.30307135214774006,-2.519604479296521,0.06820928912794112,1.7580697329868242,-0.03535234563947531,-0.21217711693755822,0.06096646907881138,0.004626204415224581,-0.01103194742264283,0.009245000496875155
0.03750753402709961,-0.7457432168656677,0.6819046076176395,0.30306906943582457,-2.5196102073474913,0.06810165721664338,1.7581080597378858,-0.03286026713187089,-0.1978220410907633,0.0861094785406211,0.0056322631724762835,-0.006011136012446119,-0.0014780398195992238
0.03953361511230469,-0.7457520537002218,0.6819008328073826,0.3030923839381363,-2.5195944748886423,0.06809339326617862,1.7581136939449369,-0.06523770204547638,0.3958398589566974,0.11952610282685093,0.007050862915827219,-0.0067552019933484735,0.005888575228434261
0.041559457778930664,-0.7457459380088558,0.6819154575052497,0.303088851006856,-2.5195642121877726,0.06812602601427421,1.7580929302731647,-0.0667308535704573,0.31895501070122173,-0.022036996799292604,0.008683409948602032,-0.005388244603978588,0.0019848433385933383
0.04358553886413574,-0.745731582985788,0.6819408596805993,0.30308619856718566,-2.519545705542675,0.06815817023580044,1.7581010411540758,-0.1655769195349811,0.12062209214393194,0.09216361668575665,0.005894281925105544,-0.007476867832111816,-0.00015080531046379525
0.04561138153076172,-0.7457523370201291,0.6819209295827173,0.3030892740740553,-2.5195624760404685,0.06811164676063,1.7581153334850912,-8.286724544244797e-05,0.017106156927013363,-0.05446138869311228,0.004153303502749418,0.00020319169660222477,0.0023244167721268878
0.04764151573181152,-0.7457549846445425,0.681926660463536,0.30309018467581267,-2.5195664638283093,0.06815472004406237,1.7581029338258212,0.005308319685731996,-0.09654051538436619,0.004807913416924641,0.005323438506802616,0.0022758783174653234,0.0014871290728338234
0.0496673583984375,-0.7457656975448232,0.6819214490776342,0.3030380995003289,-2.5196198496085684,0.06814092864751319,1.7580871549630448,-0.023551756002003515,0.07559634220520017,0.14424283168152627,0.003770964194423709,0.0003111369632829555,0.006359367579583589
0.05169320106506348,-0.7457888642491798,0.6819137870104163,0.30310329792005763,-2.51952412250831,0.06806427974129035,1.758096714340362,-0.04896793998982012,0.011525819937836536,0.05849361852925753,0.0018143883615576225,0.004848879761006235,-0.0007632638240915425
0.053719282150268555,-0.7457825113905039,0.6819191981348847,0.30308884318889906,-2.5195401138588496,0.06808724795799452,1.758136181625954,-0.13417436042036948,0.1344692554206417,-0.1444270154734465,0.0029523667508623355,0.00262293103642086,0.00207715624545979
0.05574440956115723,-0.745785711021805,0.6819337838148126,0.3030931620101921,-2.5195128375294256,0.0681014864107382,1.758153491523061,-0.06709187476763923,0.011644813787824605,0.08054946772823222,0.005968580682072753,0.004116137761384683,0.0027081740415196612
0.0577695369720459,-0.7457987968752038,0.6819261849357037,0.3030422697760169,-2.5195548676431825,0.06808275783340657,1.7581171691063837,-0.27213595103164434,-0.2483195567064431,0.0293293971191462,-0.0014514250802368693,-0.002901963098464417,0.011963124335413647
0.059795379638671875,-0.7458204310373073,0.6819178388515028,0.30309966376125036,-2.5194935790765305,0.06804714974339887,1.7581401265470709,-0.14556966929880596,-0.5211587512715128,0.007677511334897774,-0.006379750739991655,-0.00879700880903097,0.02164978863624963
0.06182146072387695,-0.7458315098974627,0.6819144948009472,0.3030787437709873,-2.5195336088517135,0.06807949473403337,1.7581265525029641,-0.23322577313205353,-0.22415628304781876,0.1558429636044161,6.240067775022291e-05,-0.0012742251082473806,0.02571219973722575
0.06384849548339844,-0.7458380695582321,0.6819115434964038,0.3030761678355431,-2.519531762349365,0.0680717734110755,1.758152515852109,-0.15056296897199237,-0.1692553128675158,0.11746786851294097,0.003079804176330697,0.023199903386847145,0.00624189538763519
0.06587338447570801,-0.7458274103777032,0.6819376217552398,0.30304056877909225,-2.5195440045957467,0.06808995969362261,1.7581079881908819,-0.32365154668272034,0.37844220800692413,0.7111418707580626,0.011101067352627935,0.013782295926414976,-0.005970016349743744
0.06789827346801758,-0.745830601326529,0.6819485108986286,0.30306127436637675,-2.519507373703807,0.0681006356180065,1.7580911949637628,-0.28409273549787695,0.2743565174009974,0.4926032786897053,0.010653383357624328,0.012114559279468397,-0.014248242762815605
0.06995844841003418,-0.7458429115993047,0.6819386909657917,0.30307771182517473,-2.519491022540373,0.06805604337422037,1.7581034049220412,-0.3325540578509038,0.03391628093493289,0.10971525982815142,0.006519595438590231,0.002554422073535238,-0.0010122513529566446
0.07198452949523926,-0.7458424443456999,0.6819587496074888,0.3030471401088496,-2.519523731728368,0.0681305606643438,1.7580929959292941,-0.13757155279822464,-0.03341757752780087,-0.315431636600272,-0.003093811400420581,-0.005230032598787572,0.015161205014636676
0.07400941848754883,-0.7458659513431458,0.6819268678246273,0.3030632867255189,-2.5195153752347106,0.06805336502118436,1.7581465652812518,-0.25330723895978474,-0.13460669773073866,-0.1389812935405115,-0.00489225233992183,-0.00862924673509733,0.023611155489166088
0.0760343074798584,-0.7458750717251447,0.6819421497431208,0.3030505897641567,-2.5195163589147316,0.0680932949486576,1.758122110039342,-0.29468649758116716,-0.26780842596893056,0.048526309006843946,-0.005931189404030734,0.0010629213204958053,0.014453791072132322
0.07806015014648438,-0.7458659434232853,0.681967891420571,0.30305479865882046,-2.519466649622926,0.06809639868809815,1.7580920686593386,-0.1995963868089784,-0.13735773682849403,0.09632913310179625,1.7759157294178554e-05,0.005470122934507173,0.012973596602807285
0.08008742332458496,-0.7458993140308319,0.6819335007395168,0.3030280991470619,-2.5195871701904298,0.06812761159158937,1.7581251732125494,-0.21826893196970362,0.026821365030687987,0.47962456898059586,-0.0016353458855888068,0.003878610924096181,0.007650195574177658
0.08211350440979004,-0.7459134826889534,0.6819221334459052,0.30302899438566155,-2.5195519891980727,0.06805634500425252,1.758155159176509,-0.15978404915461086,0.02909766369590356,0.160855631133528,-0.00031852551969015273,0.011289052851826945,0.006781041599222588
0.08413958549499512,-0.7458997592788512,0.6819610144778938,0.3030329602295812,-2.519525273555637,0.06813669514177063,1.7580902522285655,-0.2818339862011396,0.21357897421296124,0.24124040028487806,0.0050789944998849545,0.005741555641493565,0.0085777104213669
0.08616518974304199,-0.7459125664080557,0.6819568447142027,0.30301694385948735,-2.5195255930842095,0.06808214910643051,1.758096952106473,-0.16937950450961442,-0.04511517277969834,0.12128946128940873,0.0067307208821387795,0.005210403126117302,-0.00036680915763419785
0.08819127082824707,-0.7459277762035996,0.6819490344279161,0.3030143104238683,-2.5195650446200264,0.06814892217750061,1.7581218935755794,-0.3389710215372555,0.18698235936146157,0.06603120851664449,0.0030663932429469518,-0.0005538568366898238,0.00782827779993219
0.09021639823913574,-0.7459228079236941,0.6819651690127757,0.30300592698052997,-2.519532117372542,0.06808984523878311,1.7581177611172447,-0.3046619053273884,0.04697771094682034,0.2403622419800483,0.0044739830705820705,-0.008613962524294088,0.01120292937743102
0.09224128723144531,-0.7459233495662644,0.6819756597675735,0.3030214147880419,-2.5194986038881577,0.06813962791717718,1.758124436424479,-0.17458203118636043,-0.45536202548471366,-0.09335662553062052,0.003920561458155291,-0.009782646633065717,0.004914376155049953
0.09426641464233398,-0.745932298311468,0.6819797102860442,0.30301728015850316,-2.519527813888587,0.06819223922257077,1.7580762275890915,-0.1818153996905967,-0.2319111253958965,-0.043209256251618505,-0.0006754807921297956,-0.009873789485008498,0.0030317661575770937
0.09629249572753906,-0.7459342904680654,0.6819872684065583,0.30300127876214444,-2.5195199144732916,0.06818044720784158,1.7581165884879149,-0.14384901207590345,0.11235620376548511,-0.006327636741344726,0.007164568214303991,-0.007191224530261392,0.007681729573324327
0.09831738471984863,-0.7459396068778501,0.6819949299215716,0.3029763028831055,-2.5195662291847776,0.06823108233614857,1.75807159083294,-0.15824270348140218,0.17992590558109675,0.2600657303584222,0.005131364860953959,0.00048622339364034453,-0.001130256345428664
0.10034322738647461,-0.7459561583343561,0.681995201492936,0.302988403083733,-2.519492054134503,0.0681257255893324,1.7581077545868469,-0.2332549787128174,0.1661913662642621,0.2833256711008528,0.009044877244130207,0.006222400399668564,-0.0064101103636019915
0.10236859321594238,-0.7459691823161778,0.6819960587579111,0.30297491427905143,-2.519547971250939,0.06818730552220159,1.7580948586112484,-0.18262975366079534,0.131423460134878,0.36460537026895745,0.0051039077021832625,-0.004416595113536719,-0.0055518975163869454
0.10439348220825195,-0.7459593068516237,0.6820025871726944,0.30300278132545927,-2.519494032521771,0.06814178016703246,1.7581329952310023,-0.12684251533463684,0.0675313899195872,0.24217365613278277,0.009079015488270496,-0.005993250902216417,0.0011703516878126328
0.10641932487487793,-0.7459823309120297,0.6819963573849405,0.3030115728982644,-2.5194865333647796,0.06813982196812632,1.7581507248195436,-0.17343884895369338,0.21933339644920186,-0.1972051572822457,0.0028869996064453565,0.0020811532556248287,0.007517302959213962
0.1084446907043457,-0.7459877668150494,0.6819991390597441,0.3029748226250545,-2.519506213762064,0.06814528742652565,1.7581473703678183,-0.09076947894803687,0.16631294212802744,-0.052203763921059895,0.006597508999857182,-0.000308435974932351,0.011851556789320709
0.11047029495239258,-0.7460063354547033,0.6819987487194004,0.3030116198352185,-2.5194435502153647,0.06809141579211776,1.7581097279344955,-0.19519015579344134,-0.13626772869496973,0.10938862597577634,-0.00018707729866574048,-0.0002450278331939154,0.007469959105249402
0.11249732971191406,-0.7460090788258474,0.68201095617576,0.302974950025417,-2.519487294260562,0.06813212492794826,1.7581053584522268,-0.11691163185219595,-0.08553265386031092,-0.09789018843091979,-0.0006176765100805554,-0.0007428510420523819,0.006502888779879826
0.11452364921569824,-0.7460214528610778,0.6820011703519048,0.3029748347421655,-2.519482475022987,0.06810769858571418,1.7581208168236706,-0.19269688659719997,-0.10181574678935057,0.20470983134844584,0.005484325101887541,-0.004081529663805419,0.006233386850415043
0.11654973030090332,-0.7460325836823888,0.681993907031854,0.30296790375916666,-2.519519801646714,0.06812603945326647,1.7581397106332224,-0.17239618502685883,0.12362140248088947,0.10517611027884718,0.006350681174098318,-0.005927100401029508,0.004865343488584984
0.1185753345489502,-0.7460337175277074,0.6820084706331632,0.302968811528726,-2.519499723120139,0.06817150043629688,1.758126255250765,-0.07325240437245853,0.17760938641323232,-0.5112216868238758,0.0021888266288284212,-0.00930011236484959,0.004751939601042723
0.12061548233032227,-0.7460390074490924,0.6820127370950647,0.3029853015584987,-2.5194908997000107,0.06815784832996795,1.7581233576501964,-0.2529752162542914,0.2007370257383604,-0.17668488633696927,-0.0019827473450984333,-0.014846252497540867,0.00075448741993914
0.12264251708984375,-0.746026930811339,0.6820447953920491,0.3029782167331475,-2.5194423846435416,0.0682027588915678,1.758059768233526,-0.3296221295379549,0.2602892018969054,-0.19428107517430376,0.0021572051042983197,-0.0011062300981951102,0.000788621552287788
0.12466835975646973,-0.746042214358873,0.682022790958496,0.30301024755212547,-2.5194277894091965,0.06812816262552555,1.758131385043402,-0.18053932598556757,0.21990732682862327,-0.02700614622126192,0.0006423675372368024,-0.012964330333410422,0.002408793343234704
0.1266932487487793,-0.7460687326340811,0.68201615632559,0.3029520990958159,-2.5194756081062453,0.06813914710396832,1.7581009053963368,-0.17745972596777557,0.0967860178628233,-0.1945330778656401,0.0003830508677915099,-0.01030122389818044,0.0020201201102845855
0.12871932983398438,-0.7460525241163223,0.6820504217008696,0.30296111166254014,-2.519455052093666,0.06820162645303178,1.758067667300975,-0.23627385229356074,0.1825951032935208,-0.2586932433263345,0.0019348504795207153,-0.0039717768363667465,0.003877108732732436
0.13074541091918945,-0.7460619698561386,0.6820421379974761,0.3029858225967691,-2.5194171918836297,0.06816131296303284,1.7580952225468662,-0.11638729645922033,0.11595745165723534,-0.4551376394388372,0.006659237616460716,-0.007565843880218603,-0.0008869325331076327
0.13278937339782715,-0.7460795978122609,0.6820407220102772,0.30299240285036294,-2.519422225369517,0.06818442317161824,1.7580845663430498,-0.13633084396073614,0.4725776678383523,-0.16060308529922337,0.004790369369680928,-0.008359839961179215,-0.0005013644721237162
0.13481521606445312,-0.7460784034869476,0.6820555001077493,0.30298204763817455,-2.5194043211086607,0.06817478813847933,1.7580516166036644,-0.31718674764648797,0.35966049141502543,0.11101699115526956,0.005234160380365723,0.0069589943288854905,-0.012731936135684508
0.1368415355682373,-0.7461158055480246,0.682015465172268,0.30295638039428185,-2.5194621622323687,0.0681099498002044,1.758103733435272,-0.2449068809946259,0.37030222003696156,0.042525754738716046,0.013000618985214247,0.019169845904057875,-0.0153829550193935
0.13886642456054688,-0.7461045895404557,0.6820427767205025,0.30295326524770333,-2.519444893321676,0.06818095407538327,1.758088071255443,-0.25323100553333355,0.4616983756712982,0.26038649248684304,0.004359076184967148,0.011204042860597169,-0.005231181350319068
0.14089131355285645,-0.7461231011968891,0.6820397946845671,0.30293566577709696,-2.519488774983471,0.06822204753805101,1.758051048853037,-0.3557294877563351,0.05524366254391999,-0.19380406957900437,-0.0007451330574463266,-0.01766176072860337,0.013762094646451083
0.14291739463806152,-0.7461419250954316,0.6820208971631776,0.30293095425016103,-2.5194975076067023,0.06818341896586078,1.7580805521872234,-0.27443246667298804,-0.16596057296371602,-0.35376234200470813,-0.0029128071105236474,-0.019753134239758042,0.0095631128400373
0.1449437141418457,-0.7461413822571601,0.6820363334177669,0.3029075791520694,-2.519497037963549,0.06817578671760212,1.7580638049254635,-0.2981459583059921,-0.0638761084369609,-0.17253988617251836,0.0032725032602948464,-0.02044972329143845,0.0035967787470502157
0.14696931838989258,-0.7461363812995714,0.6820552580642697,0.3029599743117596,-2.519384154705259,0.06812902622885814,1.7581023041729227,-0.2386785911082006,0.3666015127510781,-0.25930816352779207,0.002769391027543547,-0.0018535628713951923,0.004347786327352349
0.14899539947509766,-0.7461442605612227,0.682050864302578,0.3029279337468969,-2.5194520048553173,0.0681749386112134,1.7580817412128191,-0.26715351840376456,0.2112031022629233,-0.10044746330262966,0.0028595175683656616,-0.0013839160750303873,-0.0015926365273112356
0.15102124214172363,-0.746161143237253,0.6820449995099752,0.30290869030254186,-2.519493811504296,0.0682192217814508,1.7580970701644185,-0.16658138884172954,0.2920591366519379,0.018803287377332445,0.004361026582075212,-0.006645884666660952,0.003969270930474181
0.1530463695526123,-0.7461561788810871,0.6820591747549677,0.3029360495075467,-2.519432607618632,0.06817592537582931,1.7580719576678387,-0.26305969791760647,-0.05055824436157512,0.020559901671738934,-0.00011588230454858203,-0.0049782482874964964,-0.002512075552358463
0.1550743579864502,-0.7461786565940223,0.6820435185638442,0.3029495678615216,-2.519422682583684,0.06814547487670229,1.7581023106457612,-0.19920475168598203,-0.13001705560822532,0.10458409867708245,0.001846420985958208,-0.004770023894901921,0.00046862474779373585
0.15710902214050293,-0.7461781617635325,0.6820629554742251,0.3028980878068943,-2.5194701958077026,0.06820482426742087,1.7580530255186386,-0.06639197119941034,0.18372577508783014,-0.11038860995339302,0.0005429969114490018,0.0028383679729222723,0.006400034080860889
0.15915322303771973,-0.7462119932743958,0.6820419751387223,0.30289279468701796,-2.519486915288554,0.06819147269255826,1.75807951424548,-0.21006580687665927,0.23892035999352845,0.12818598256471775,0.0035354513945964026,-0.00518171129782383,0.003070608426499988
0.16119647026062012,-0.7462013495882251,0.6820656483097921,0.30289443812212813,-2.5194583428728166,0.06819400820101171,1.7580594726167642,-0.10591844805793325,0.16184855932952966,-0.1440166332947832,0.004621824666382326,-0.001135629115182954,-0.00486252274090276
0.16322851181030273,-0.7462064756595119,0.6820725992790813,0.3028690975491264,-2.5194862366782456,0.06825730595670115,1.758060549799983,-0.15615019547829145,0.29308054802815114,-0.1533736147615652,0.004284998536339459,-0.004675435898353058,4.556057283139781e-05
0.16525745391845703,-0.7462335967401703,0.682040301817109,0.3028775710835341,-2.519497904239239,0.06819561015098342,1.7580844887648732,-0.01962226299016935,0.1944283435663951,-0.0342339055782037,0.006050591378475587,-0.008191080160162534,0.0006916740888546372
0.16728591918945312,-0.7462317782613641,0.6820649009720379,0.30289476536895793,-2.5194543891971763,0.06821177698302315,1.7580364755398747,0.026164364810171016,0.3309603625563732,0.19080678527221337,0.0026506761432980408,-0.0032062089654182587,0.0007487053095580271
0.16933512687683105,-0.7462348467944395,0.6820718108298593,0.3028517796744524,-2.5194955166227384,0.06823059388682018,1.7580455140073228,0.055981548835699904,0.2798599012926527,-0.06872819316757627,0.005306549059528265,0.010217150773464542,-0.007737435044767653
0.1713876724243164,-0.746236997411879,0.6820762681540894,0.30287155914326425,-2.5194874486566246,0.06825053326351067,1.7580589739011692,-0.10083605253819508,0.3270458748345532,0.07849102596752662,0.005646892223087013,-0.0003206711177859,-0.006299950729670718
0.17344880104064941,-0.7462464347889026,0.6820795218890234,0.30290277692881556,-2.519441107627789,0.0682382426536141,1.7580580260799925,-0.1058751371517462,0.13530201546906487,0.10622894025825927,0.008359871216873335,-0.0075380107279366965,-0.0006860234634063944
0.17548322677612305,-0.7462526242249272,0.6820787897087909,0.30287339206717395,-2.5194854654329615,0.06830500900563644,1.7580529234962476,-0.06775520415972784,-0.2348597323363567,0.1219232446200144,0.004223746366160993,-0.017674464051142546,-0.0009733058565505877
0.1775224208831787,-0.7462812765118734,0.6820556495939829,0.3028710569503205,-2.5195125663767484,0.0682322365293038,1.7580984584014998,-0.04107335846441938,0.24092651290263079,0.02410739243670429,-0.0017705304935892964,-0.013910120339533278,0.007827349875432675
0.1795492172241211,-0.746282964405284,0.6820746855920898,0.30283726893403284,-2.5195107691597776,0.06826157944898002,1.7580548574452894,-0.09631104144388558,0.08822885456573784,-0.07891781306443102,0.0037523655351101,-0.010046984801038663,0.004776062426007928
0.18157744407653809,-0.7463170336818596,0.6820472876228165,0.30285340548269996,-2.5195056578715413,0.0682177677627384,1.7580825462969025,-0.08743630455255984,0.07226889068512822,0.3285985869372936,0.007423754067470358,-0.006747753247074355,0.00048096611048093407
0.18360567092895508,-0.7463133308194404,0.6820666269228367,0.30284064494942614,-2.5195150846275225,0.06824385137615134,1.7580632450168854,-0.037663105135143565,0.06600616676248108,0.4265614147634994,0.00972855349650917,-0.0009757709347085815,-0.003433594484816416
0.18563270568847656,-0.7463195418772803,0.6820738572684779,0.3028434401942084,-2.5195077948600813,0.06832156393392678,1.758043121126531,0.002777456817053034,0.18303209990844446,0.15577575084268594,0.006839802025824696,-0.007269722864265542,0.002170106536503826
0.18765950202941895,-0.7463112982823479,0.6820861443441,0.30283619723141675,-2.5195134450423873,0.06831189899380927,1.7580590255148631,-0.03820162854483905,0.3227738318879458,0.26225566951527474,0.003317466682783523,-0.009711358358813406,0.008879350246661706
0.18968558311462402,-0.7463406964595125,0.6820807591878172,0.3028444740858505,-2.5194706772394775,0.06822998366539604,1.7580463992035793,-0.24254252871868887,0.14880544978416943,0.3129164024395587,0.005013842084510271,-0.013969313624198012,0.004109016603909066
0.19171142578125,-0.7463463212639445,0.6820810453790441,0.3028401517793326,-2.5194600065241413,0.06824791460930328,1.7580474912423372,0.00503364647910054,0.14860488119806195,0.3411588377582724,0.003762273393513977,-0.013992344231971484,0.002932688595469188
0.19373774528503418,-0.7463673707037146,0.6820671091667088,0.30283558983225783,-2.519479385100857,0.06822704146630353,1.7580776917958447,-0.13322478959932685,0.25052787557913153,0.19928021657593206,0.004491151515112495,-0.0003750389143326561,0.0037615890293957984
0.19579052925109863,-0.7463684628052125,0.6820740422356284,0.30283971815156274,-2.5194500266833693,0.0681955316441366,1.758061778930715,-0.21670355111970807,0.22657929919919972,0.4262268836020804,0.009219671613140166,-0.0011791574501804234,-0.0044408060778781695
0.1978163719177246,-0.7463811784812739,0.6820820339234571,0.3028268042993353,-2.5194633311762256,0.06823428568169321,1.7580585450234045,-0.1286210015733561,0.17505846482159348,0.22179708445513646,0.008777521984401666,-0.00033346942879196187,-0.0002485383230614018
0.19984221458435059,-0.7463928625720094,0.6820712631892416,0.3028489858317057,-2.5194493615623266,0.06821355534367646,1.7581049454069346,-0.11107828016132128,-0.0756761008169894,0.25840438768885043,0.004017377579391666,-0.008523229777647278,-0.00476782923405514
0.20186734199523926,-0.7464231191064938,0.6820585872483144,0.3028298784086791,-2.519455094642139,0.06817337574321573,1.7580413493677518,-0.1435603984979003,0.25117981275385876,0.023631388139806177,0.002614535645933995,0.001964048604717703,0.01016672782229899
0.20389127731323242,-0.7464184890114096,0.6820572946227359,0.3028324024753861,-2.5194666360624387,0.06814835350590975,1.7581504555057599,-0.24218374267844206,0.16367954777072477,0.23435017021824026,0.003883096661083005,0.004675037338679462,0.006654703278518231
0.2059164047241211,-0.74645771458508,0.6820323801221243,0.302824928042669,-2.5195056107475233,0.06816300275836693,1.7581270891999932,-0.12685912107784755,0.08401950528842078,0.5314360146857043,0.0034453243391094094,0.0004810980346647488,0.004867831249817167
0.20794105529785156,-0.7464455552859113,0.6820707201421835,0.3028297099648251,-2.519415902665339,0.06814272299409649,1.7580866574341767,-0.15550669513755408,0.1419222551984237,0.31098155795532256,0.005100961439882971,-0.004085012809801607,0.007652315313290931
0.20996522903442383,-0.7464667046533683,0.682050553659128,0.30282526155923695,-2.5194630293335876,0.06815059762284205,1.7580906492766024,0.017150623828863724,-0.04494857216562959,-0.07219192076584878,-0.0008639550482729087,-0.007835553463200112,0.005061982684660834
0.2119905948638916,-0.7464760054218116,0.6820593381618069,0.30278929857288533,-2.5195219627735277,0.06822762486190055,1.7580735447724773,-0.03472905040308152,-0.1269296645299405,-0.22832884683973964,-0.0010016772200897332,-0.010422475293211317,0.009663941077394803
0.21401715278625488,-0.7464871427913101,0.682047784651925,0.30281756826636,-2.5194743331861553,0.06812544817531381,1.7581252661245177,-0.04063090772214638,0.12485236529967403,0.0919782517906296,0.0015120202694827232,-0.008396500806901078,0.010506160323880057
0.21604228019714355,-0.7464854362813387,0.6820706175654752,0.3027857700661758,-2.519506361409733,0.06825670987307864,1.7580704041135364,-0.15254233300996398,0.11018702195603594,0.2899894740670758,0.0040199108039341925,-0.007468431036899361,0.0035571931101416043
0.21806740760803223,-0.7465233694214056,0.6820395233111853,0.30281213051264383,-2.5194836037701664,0.06811633453501273,1.7581028662383695,-0.12377522018816496,0.04077681980874881,0.25111504247827543,0.0027795329516874965,0.004805663032533752,0.0007806339148595048
0.2200930118560791,-0.7465230283542441,0.6820540316779405,0.3027972823085166,-2.5194828318691904,0.06813521589318658,1.7581035533309775,-0.06253953828455618,0.12924479345339746,0.26877734691776006,0.003790455511622916,0.010737596393452785,0.006845664169400845
0.22211861610412598,-0.7465489312363621,0.6820343128023382,0.3027942108556388,-2.5195030979762802,0.06811518946536553,1.75808915689504,-0.10560552332444284,0.13540137738682095,0.3556334362850502,-0.0015077257670366296,0.003407884834478145,0.007191033327725537
0.22414636611938477,-0.7465500979919801,0.6820559650511285,0.30280154804007015,-2.5194525629635502,0.06815630390335958,1.7580868406128949,-0.054218104499019724,0.12607084928493761,0.17419610621834572,0.004086361468547006,0.007676971634833069,0.009787062790508318
0.22617220878601074,-0.7465494144252225,0.6820665598495496,0.30282382359520493,-2.519411159898444,0.06810085729781203,1.7580908534552229,-0.006148742779872467,-0.03681863071266999,0.08255695826789664,0.002922239423134336,0.0020189557472480705,0.006952449393120639
0.22819733619689941,-0.7465781766176772,0.682051871761693,0.30282171464884344,-2.519410980800043,0.0680739459157579,1.758081028913346,-0.16838176740032856,0.007874521973320527,0.3859338144353201,0.003800153971132467,-0.01078975119071849,0.006228478980005459
0.23022222518920898,-0.7465889601294908,0.6820329216879909,0.3028176822204256,-2.5194636764677285,0.0681004905690829,1.7581103773691784,-0.0834604871393598,0.04465340595485072,0.13058844521409876,0.0033579896447011428,0.002495973833787134,0.00371535305556702
0.23225927352905273,-0.7465873110322269,0.6820734383167519,0.30279972338451616,-2.5194319375294727,0.06815955321831406,1.7580432923097897,-0.14111335908618522,-0.018462318761891194,-0.002419976098093475,0.0052601279895498725,0.0003254936943210675,0.005011402336725246
0.23428678512573242,-0.746616364960171,0.6820490767796442,0.3027840272862078,-2.5194585396743387,0.0681118571056708,1.7580824945056717,-0.12226823191990363,0.0348456722100552,0.47655341464138695,-0.0009518442294865254,-0.005611093164689741,0.004224342241609394
0.2363147735595703,-0.7466115224381507,0.6820613496948874,0.3027789503500773,-2.5194776659639984,0.06816796989181158,1.7580894439437993,-0.1509198601452669,0.05064085216108612,0.3353521808645227,-9.804660000838593e-05,-0.003696478778992903,0.006968554538473056
0.23834562301635742,-0.7466242971703891,0.6820585260469765,0.3028097450883835,-2.5194542880334514,0.06818293555974529,1.7581106005220557,-0.02652469728443787,-0.00013123051412170872,0.002001807157130159,-0.0015230929676198477,-0.009204792036372015,0.010921578541656545
0.24037384986877441,-0.7466545819285193,0.6820362560992662,0.30279809461602925,-2.519455176369224,0.06810177506139695,1.758095469145578,-0.2494647653466065,0.11186065936968784,-0.026429024256711557,-0.00294356287352599,-0.004386921976855891,0.015217306470012884
0.2424004077911377,-0.7466646643703956,0.6820452432457422,0.3028010868904757,-2.5194113552733093,0.06808526390458258,1.7580938229451686,-0.06995321566179774,-0.12180987861882153,0.13275340934022795,0.000874314824490575,-4.746771666537433e-05,0.0019081586376407545
0.2444288730621338,-0.746691852356369,0.682022019186602,0.30280189620237374,-2.519419132320602,0.06802877696787765,1.758146740413882,0.049180978962037894,0.11969524887064653,0.0204206973724314,0.0065664944217542695,-0.00016317634832038177,0.006961557292725632
0.24645423889160156,-0.7466750292095593,0.6820601822899138,0.3027575559491198,-2.519502208620174,0.06819038540582967,1.758060401680866,-0.157946987648532,0.23383128559963987,0.18977494288922073,0.0035330608730604323,-0.0011307051405861795,0.00644875880896974
0.24848055839538574,-0.7466960906093947,0.6820444808680436,0.3027958594930465,-2.5194227228437693,0.06804319690183408,1.758093439844853,-0.1941179530159491,0.23463175122044372,0.061713768169568056,-0.0012905136180456078,-0.00043140137018651457,0.00858052597382434
0.2505061626434326,-0.7467142720629356,0.6820337985820648,0.30279823724542554,-2.519432327571745,0.06803526127895719,1.758155776649187,-0.10564535582943625,-0.3353798604103441,-0.09782551633880163,-0.002849102964297848,-0.010128892771833408,0.004968735841352402
0.2525315284729004,-0.7467319797482818,0.6820174104322075,0.30277085554507677,-2.519484484733508,0.06803869944032694,1.7581628635190414,-0.04327223638704234,-0.002210124610529554,-0.06381534974808811,0.0014260004695517102,-0.005404087364762445,0.011426982650486962
0.25455737113952637,-0.7467536984118675,0.6820195291955541,0.302781882015097,-2.5194414398776277,0.06803827653128576,1.7581309610760867,-0.18911392920553868,0.09813068597732023,0.11463785120905662,0.004064591321565568,0.0014779405667214342,0.0038281209241449177
0.25658345222473145,-0.7467393807794612,0.6820562269968052,0.30274414986076625,-2.5194496868862437,0.06812261598953422,1.7580745451816135,-0.008510972624739141,0.22595073913881428,-0.12923824829457267,0.0030214532572074215,0.004581006113341776,-0.0008434236900276202
0.25863146781921387,-0.7467521872489296,0.6820554033466631,0.302774534635168,-2.5194178032116366,0.0680760361418371,1.7580903376137316,-0.1353759600210287,0.34005936122236824,0.030494533783914236,0.006688971548677968,-0.0033449219552568604,0.003251156876742961
0.26065707206726074,-0.7467671261833296,0.6820417496497105,0.302779946156899,-2.5194242144347507,0.06803652143043995,1.7581520301866915,-0.15641966488630413,0.35536306572547316,0.15328537342356074,0.00643827130988864,-0.00855202664077075,0.008871393202041878
0.2627134323120117,-0.746773770023804,0.6820553404355165,0.30274096901158104,-2.5194989454952372,0.06813483840343636,1.758101241645751,-0.07652742183953494,0.09008364733601007,-0.2619087279755224,0.002811283568843688,-0.006244976615470407,0.0025317556736911767
0.2647383213043213,-0.7467970434353592,0.6820385608900038,0.3027558118257193,-2.5194537620904747,0.06807424490897448,1.7581247445191126,-0.27653714389701695,0.0791796145539646,0.0658029350613131,0.0007485942869743375,-0.011127688083691427,0.005161669257666215
0.26676464080810547,-0.7467945412341724,0.6820573903644163,0.30277279086483205,-2.5194013645087576,0.06801806094954457,1.7580900547601943,-0.1833581566732237,0.2542562870119302,-0.17644705243985298,0.008392998955697888,0.00915200215968532,0.004110635568645552
0.26879024505615234,-0.7468410751236815,0.682027289716505,0.3027764220997631,-2.5194330987368843,0.06799235010568372,1.7581489426140369,-0.1393885950580962,-0.06864428346999714,-0.19114969509305882,0.0020106661170915543,-0.003988658327065412,0.0017460830262537317
0.2708151340484619,-0.7468410751236815,0.682027289716505,0.3027764220997631,-2.5194330987368843,0.06799235010568372,1.7581489426140369,-0.1393885950580962,-0.06864428346999714,-0.19114969509305882,0.0020106661170915543,-0.003988658327065412,0.0017460830262537317
0.2728402614593506,-0.746852256003778,0.6820481870352291,0.30275104996281826,-2.5193971614176727,0.06800738839829326,1.7581278046067095,-0.2583951871696063,0.417716185553969,0.002144398737107797,0.0014342994453026363,-0.0016806760332659975,0.004197007738139911
0.2748725414276123,-0.746852256003778,0.6820481870352291,0.30275104996281826,-2.5193971614176727,0.06800738839829326,1.7581278046067095,-0.2583951871696063,0.417716185553969,0.002144398737107797,0.0014342994453026363,-0.0016806760332659975,0.004197007738139911
0.2768983840942383,-0.746875438360129,0.6820444903334483,0.3027435808314156,-2.519432198558607,0.06804138304336799,1.7581527019709131,-0.22936175926352842,0.05929872469582721,-0.08508584993535247,0.0016602590479362406,-0.003994347348392047,0.0012915964702994328
0.27892351150512695,-0.7469123600458382,0.6820214406798482,0.3027515729509094,-2.5193993435349524,0.06795237275786782,1.7581446855316314,-0.2822483939518539,0.00515666890781066,-0.06097157106447448,0.0009028489929059783,-0.013737983339760954,0.005669325261674596
0.28094959259033203,-0.7469088789099969,0.6820447513750685,0.30277354207682905,-2.519350510212603,0.06792601277177014,1.7581523375939,-0.20254523325861434,0.06718594941020417,-0.21737262409925012,0.0008940529367990075,-0.014736362012018795,0.007746006960058285
0.282975435256958,-0.7469163179628837,0.6820469941324635,0.3027164184062351,-2.5194586795014597,0.06805978036786084,1.7581220006459555,-0.10549764201045864,0.18881246781371375,-0.42226994606083834,-0.0012852767937976115,-0.011064117907536152,0.011249436384442724
0.2850024700164795,-0.7469242284368413,0.6820531391073997,0.3027695637725031,-2.5193476795884626,0.06797249389412388,1.7580997478648634,-0.15136358668369607,0.2097864216639641,0.07087100751667413,0.0009263300397877785,0.0009673954435842878,0.01179681542183221
0.28702855110168457,-0.7469479680303239,0.6820351425984906,0.3027470519756663,-2.519405244725997,0.06798625936949322,1.7581601988016962,-0.32165491760074105,-0.030546416128938228,0.22938129859854697,0.0044719744909962195,0.008757305345143223,-0.005276720775351179
0.28905415534973145,-0.7469465502244393,0.6820508910911418,0.30273061402749385,-2.5193993992937274,0.0679826308400539,1.758140464241492,-0.2824664169003849,0.21865717681453156,0.3418773552327786,0.006151374545115103,-0.0034052110063405834,0.003167987254014094
0.2910795211791992,-0.746969494615063,0.6820420437628453,0.30277473839459046,-2.5193564054154396,0.06799663114201346,1.7581429532025392,-0.3019745979932881,-0.03307018349025541,0.23706807815880732,0.0035395036307517883,-0.006175613193826536,0.0052545916213573175
0.2931044101715088,-0.7469504102442124,0.6820875439538223,0.302722452792848,-2.519371666099752,0.06806989569938293,1.7581113693581323,-0.3590540426448104,-0.23041804200079108,0.23053722187640224,0.000352798679130361,-0.007141198753461023,0.010675587954987277
0.29513025283813477,-0.7469903765674244,0.682046097249958,0.30271203341479624,-2.519435812074847,0.06803346993777262,1.7581238309825624,-0.2439539408392367,0.07925084356079615,0.25567132344855387,0.0002609900169327538,-0.00856959629913324,0.00813026870674138
0.29715633392333984,-0.7469922705744092,0.6820583797534082,0.3027187492909666,-2.5194016879534127,0.06802835589826549,1.7581345923759069,-0.26931132463951163,0.15173214520558578,-0.11905666014969918,0.0030253173251277568,0.001739117009129202,0.009388300325755198
0.2991824150085449,-0.7470076941966646,0.6820527463723126,0.3027442235664879,-2.5193616688931324,0.06798357420589476,1.758142000242165,-0.15478824177032885,0.013344245064208992,0.10196587536387933,0.0004459672612933472,-0.007643444161780496,0.003094593937087429
0.3012082576751709,-0.7470086044781062,0.6820689500645797,0.3027057296714606,-2.519390117002824,0.06801105963619199,1.7581110826907966,-0.20677917315684924,0.31251782688559115,0.0866963236152105,-0.0014861131041466026,-0.007294611070321047,0.01171099268774768
0.3032345771789551,-0.7470398079457327,0.6820425055898822,0.30272865656893355,-2.5193966491486166,0.06802467346171681,1.7581593138554177,-0.2526116612287094,0.026576116168091513,-0.09711572390129206,0.002184090784720527,-0.010442841136349535,0.00669086698067212
0.30526018142700195,-0.7470540084030524,0.6820470577745402,0.30272573717277623,-2.5193863363560256,0.06801573450744135,1.75814530541318,-0.31074067378590015,0.2885404005860682,0.0050464155184725,-0.00012142958283173789,-0.00560566919580364,0.008940282250856156
0.30728673934936523,-0.7470357028019049,0.6820755685221833,0.3027317527286597,-2.5193398371966893,0.06803163191407093,1.7581360796059742,-0.2638865813096034,0.2620997607330353,0.23671965866679257,0.005566884903807692,0.0046579808338344025,0.003728182924411693
0.3093125820159912,-0.7470516514129918,0.6820720340457286,0.302727373690054,-2.5193367908531026,0.06801343935791745,1.7581089436077337,-0.06429506325885637,0.08794359550617663,0.21892138495912383,0.004414286561556509,0.005421764407047918,0.000437568201413249
0.3113384246826172,-0.747073193576884,0.6820575930585125,0.3027082963051447,-2.5194008763333406,0.06802178122426138,1.758130208586229,-0.1811087877649291,0.3542948975646725,0.16535026888009507,0.0019132760948824988,0.0009810116118975417,0.017507238152526687
0.31336450576782227,-0.7470734278981528,0.6820711082175316,0.30273105015166896,-2.519354006786527,0.06802025922575422,1.7581326109695437,-0.25158963530540235,-0.07875432617909135,0.09127779542248676,0.004149133256641746,-0.0035679626501769488,0.00893079229347758
0.31538939476013184,-0.747075637720051,0.6820896594776112,0.30266166593673316,-2.519411013531792,0.06808072319870699,1.7581021409993773,-0.268567820226963,-0.07240382486670548,-0.03193269693646114,0.001742386021850699,7.042776213417724e-05,0.009091261850548232
0.31742238998413086,-0.7471083416758645,0.6820577270220219,0.30271590310597346,-2.5193714078714855,0.06797760314632723,1.7581761062783134,-0.2140814047040989,0.042752300673974925,0.36064141277249984,0.003555273434578577,0.0008945935607348749,0.0024506279636568014
0.31944823265075684,-0.7471096553137078,0.6820807595079462,0.302679447015311,-2.519384457863188,0.06804439923108545,1.7581238584880405,-0.24204221536332973,-0.06296278376549175,0.07831090199040276,0.010301524859923458,0.0010867495064466608,-0.0044133138123914496
0.32149243354797363,-0.7471193601470817,0.682081496665584,0.30264962592928796,-2.519424492149581,0.06806711108627694,1.7581024909047633,-0.3101099293925179,-0.08607764218675465,0.42353033448359056,0.003471189990410093,-0.006291238085375661,-0.0012413805793749426
0.3235185146331787,-0.7471286806027005,0.6820800293786676,0.3026540552002284,-2.519416893340717,0.06808212357323344,1.7581349956092518,-0.26234566694525824,0.15827316780121775,-0.027079200502959505,0.0027833899625286174,-0.003021776160752125,0.007503028825877774
0.3255434036254883,-0.7471469313341172,0.6820783866372048,0.30266546946370465,-2.5193693965185235,0.06799022899835507,1.7581311195478295,-0.2185512876568642,0.08793204323179829,-0.10972022025866893,0.005538991918374643,-0.002882574691725522,0.006695073608758241
0.32756853103637695,-0.747158034528601,0.6820834630417167,0.3026521886663291,-2.519394431175587,0.06804888807680916,1.7581291764244966,-0.30516962550528615,0.1254961159850912,0.07260177906760612,0.005459214100804573,-0.0014887736715744257,0.004213751185069873
0.32959437370300293,-0.7471677418336065,0.682076869087623,0.3026582354445276,-2.5194151605085495,0.06804535612136185,1.7581305692024396,-0.2169265651113162,0.12230954898197798,0.022527394654069777,0.0026222897137864196,-0.00159393796320251,0.004894957157192221
0.3316202163696289,-0.7471469672585843,0.682115986687577,0.3026565231667016,-2.5193474970099006,0.06806731362224154,1.7581129804965314,-0.24207925178990647,0.09114788031341542,0.05141240978658723,0.005050688863905321,-0.0032405644557544954,0.0003592786976393302
0.3336453437805176,-0.7471803282956264,0.6820897893404552,0.3026675271972785,-2.519369412437732,0.06802239530442641,1.75813766113423,-0.17834205476050657,0.10227111421054366,0.16112733665307727,0.002869254041420041,-0.005587267490103346,-0.00213872413459241
0.33567023277282715,-0.7471965529280746,0.682087563124521,0.30261324874200063,-2.519434669931632,0.06805997890075743,1.7581437539520504,-0.2713059310586936,0.08824579327542388,0.0013817199849884138,0.0008573996891632703,-0.0038648569156354896,0.002136955830773833
0.33769655227661133,-0.7472181128513801,0.6820752893166814,0.3026515836251413,-2.5193893672448047,0.06800700559307077,1.7581700606871136,-0.3516274716271625,-0.12425357061164616,0.20235125108689178,-0.0024820779237028677,-0.005454466262966939,0.0010035489502631307
0.3397223949432373,-0.7472035064901733,0.682112671723759,0.30258817037117836,-2.5194184148379395,0.06811852177289757,1.7580842323361492,-0.22678877424903965,-0.08063653294821731,0.22246345909845452,0.006503341900931693,-0.00597652475052103,0.004676034384251359
0.3417484760284424,-0.7472446516402845,0.6820771019032504,0.3026292505477591,-2.519403274116578,0.06800750430192438,1.7581123460417543,-0.1756283936808623,0.22290403792439398,0.11665920005521205,0.002253310835673685,0.0014682262338365864,0.0033486033466842025
0.34377455711364746,-0.7472237857815394,0.6821182553405435,0.3026177836868302,-2.519360646505974,0.06805424375719976,1.7581065684054353,-0.18326392716594458,0.10768575999147148,0.0011998007739452005,0.006978235792544894,0.00518948261151378,0.0075515927434851565
0.34580039978027344,-0.7472704563951653,0.6820798746298603,0.3026111674781775,-2.5194033643967035,0.06801390795879751,1.758113660508685,-0.1618678875433594,0.07427976690201414,0.2632130977839149,0.004655213454709235,-0.006337946825444586,0.006234127431657535
0.347825288772583,-0.7472548833041641,0.6821150541978169,0.3025716847384041,-2.519418226952722,0.06808733487366783,1.7580928301520058,-0.23734347005480977,-0.14019966001036382,0.35286460267784453,0.006575825307829273,-0.002770965498090676,-0.004409107021125061
0.3498504161834717,-0.7472821204725288,0.6820955582737245,0.30257255600687893,-2.5194334321335683,0.0680413092469252,1.758132857045922,-0.284152400246349,-0.12776664214906883,0.2657000173340869,0.0008525873292884963,-0.009529059906494199,-0.0029944465622089717
0.35187649726867676,-0.7472841379226157,0.6821149428490261,0.30255574654370043,-2.519427547365786,0.06807797132994123,1.7580960726887815,-0.19425970952588298,0.024911904027362725,0.04396634131659506,-0.0019887066779292585,-0.015272053210670902,0.0052380776620898056
0.35390233993530273,-0.7472924990487109,0.6821159320510141,0.3025915099944635,-2.5193759548998296,0.06806101928296497,1.7581217994120675,-0.23538424223115023,-0.19096951845692578,0.1795693910871348,0.002432116481964475,-0.006908448179079311,-0.0006407551438454427
0.3559281826019287,-0.7473091963018162,0.6821103979923602,0.30256341413207666,-2.5193992752860677,0.06807393176292241,1.75810747079507,-0.25662315399261526,0.012021401500870967,0.13562959935752644,0.0029955978910058394,-0.0027537425921089357,-0.0017076768055211157
0.3579542636871338,-0.7473439261146065,0.6820845843673211,0.3025942727972717,-2.519372776221248,0.06796906192843366,1.758136864344792,-0.24740032830347866,0.16251312741008248,0.47638930231847143,0.003760752341367682,-0.0035056725695839595,-0.0005011748524926401
0.35998034477233887,-0.7473027619775106,0.6821535156984303,0.3025733994712021,-2.5193600159628624,0.06810089525075229,1.7580544691887354,-0.17920765125259347,0.10584522179318387,0.4636932273101,0.007650543408428232,0.00436408420989684,-0.0043189244328165725
0.36200547218322754,-0.7473438734384024,0.682111305495972,0.30256660823490744,-2.5193970420546856,0.06801463375295692,1.7581183417984751,-0.11873361613114153,0.17828888395369927,0.1750579940699559,0.008389423882715165,0.006424154590584013,0.002940493734394911
0.3640303611755371,-0.7473651163622643,0.6821011418647698,0.3025732387900019,-2.5193975637920554,0.06804078295808198,1.758145591021771,-0.20417523156236667,0.24937361207809944,0.12144640990744493,0.002187003949738753,0.006341659453072215,0.011858077573050966
0.3660554885864258,-0.7473612988905822,0.682114848639418,0.302579012346714,-2.519372064151327,0.06806086983079723,1.7581372713894325,-0.03519490524897771,-0.20086891950738953,0.34837487064995915,0.0005891006300202271,-0.00646653829193446,0.0020675893431082127
0.36808133125305176,-0.7473705360248459,0.6821321956963491,0.30252214794083887,-2.519426298657446,0.06811813317725719,1.7580841895912953,-0.14410010329159176,0.03343950524218924,0.17634568549812848,0.006168779203663275,-0.0036518031892190817,0.008499124036649566
0.37010788917541504,-0.7473771138053125,0.6821386807057418,0.3025523535564493,-2.5193588357715138,0.06806530766194023,1.758096972266399,-0.20110663022329806,-0.1706839111639207,0.04876254887743187,0.0023301578624964955,0.0011539105412091983,-0.00082551127793501
0.3721332550048828,-0.7473852807650807,0.6821330477072621,0.3025205852136277,-2.519438843959417,0.06811324149914671,1.7581254045486183,-0.1667684093518163,0.07345740064487057,-0.024128365534235433,-0.002042751483740966,-0.005607469799412292,0.007708610145250876
0.3741583824157715,-0.7474139154610074,0.6821235283536454,0.3025089643218478,-2.5194350694850103,0.06810800803060225,1.7581200027346209,-0.3871211260042414,0.07557261253359145,0.22463870718793166,0.0022716901476830037,-0.01593983145145742,0.0069753741183222525
0.37618350982666016,-0.7474307070814257,0.682116266674479,0.30250838339891256,-2.519415302681,0.06802947923958517,1.7581071814079672,-0.2741566103297142,0.06778840167675074,-0.035111597217222124,0.004088163556304092,-0.003275932801946627,0.004790802627085994
0.37820959091186523,-0.747453431052771,0.6821058367969466,0.3025125423974053,-2.519432731946764,0.06804335774643176,1.758105872140675,-0.43151554414597565,0.21407598103259265,-0.03655514606473388,0.001206445163101636,0.002722897429046058,0.0012095447385695038
0.3802354335784912,-0.7474616930652904,0.6821123835896591,0.3024825396151053,-2.519463156802611,0.06807077686291634,1.7581075473787977,-0.2291663075451794,0.2613272832031502,0.19751750063418733,0.009380441925720557,0.003179736693068838,-0.0033362505811929963
0.3822619915008545,-0.7474546011943751,0.6821274076132743,0.3024923953568755,-2.519454472750031,0.06808025992468714,1.7581388386379306,-0.38472610590134604,0.27169475322445513,0.3266190708672308,0.00457723332350096,0.0028164936086345032,-0.0015093777832855305
0.3843076229095459,-0.7474750889851127,0.6821314909815617,0.3024875821268004,-2.51943081618867,0.06811689435363791,1.7580965835642983,-0.2157184087203627,0.07284004098790847,-0.02219867097503235,0.0038482665922853036,-0.009543577186909659,0.009170799010082062
0.3863346576690674,-0.7475090259005486,0.6821138659210236,0.30246840884418535,-2.519448007379392,0.06806292353574604,1.7580918771400187,-0.405790093074609,-0.06231587310289485,-0.007756760776457539,0.0007759636733555746,-0.018889523875274976,0.013336510350155137
0.3883626461029053,-0.7474992283088522,0.6821297185140287,0.3024649040905403,-2.5194700858771992,0.068102413226486,1.7580964930177105,-0.20232946352906486,-0.004514530615623454,-0.15571797206264826,0.0016878629610023455,-0.009341770197397748,0.011360349672715512
0.39039087295532227,-0.7475158368203727,0.6821228658912678,0.3024869006826554,-2.519431264532976,0.06806833143741953,1.758115205257181,-0.38246350333903734,-0.033080207579522375,0.2696137679446482,0.005343218410173907,-0.003918080784031568,0.004563383652879291
0.39241743087768555,-0.7475323452292884,0.6821295072449374,0.30246338527618977,-2.519414326021757,0.06807267627479947,1.7580980330797964,-0.38023260346705323,0.5664119190265924,0.4454837916454686,0.004549294957261531,0.009575135610737515,0.003955492946570592
0.3944432735443115,-0.7475354929255437,0.6821305632003856,0.30245175638529415,-2.5194291170922836,0.06802602692623023,1.7581104720724792,-0.36099322645751064,0.1588576294810579,0.39072183109352915,0.010675156775121245,0.005362572903517308,-0.004762862850919128
0.39647912979125977,-0.747566181687682,0.6821161617425723,0.3024337810756807,-2.5194993032692516,0.0681033666158143,1.7581296789409013,-0.18548899556231663,0.02349220627916939,0.02005583856335994,0.006239012592778164,-0.00043253193961187566,0.000673164140358536
0.39850521087646484,-0.747557880594756,0.6821443100505038,0.302434199494931,-2.519453060269803,0.06809402808011338,1.7580860590454355,-0.32730309213326614,-0.06645288275549939,0.1352485420866842,0.003596795370708422,-0.002962447471977334,0.0034654481001882157
0.4005305767059326,-0.7475759236074659,0.6821317305217589,0.30245335578254884,-2.5194225205797887,0.06803395026215185,1.7581234964873271,-0.23827696281765406,-0.11077202835689566,-0.149900430781914,0.0013268805719214723,-0.006002286084745029,0.00388812184363659
0.4025564193725586,-0.7476008938796791,0.6821168110271821,0.3024275517906222,-2.5194683677548704,0.06805281890311483,1.7581134325317156,-0.10416854327792202,-0.14205132080696306,-0.18606031084491692,0.0027937798753816297,-0.00247873374557461,-0.0027720131227791486
0.40458226203918457,-0.7476019330750544,0.6821470953904357,0.30238651552073154,-2.519503990877283,0.06816057791974452,1.7580641959128809,-0.3930170193366905,0.16046307457034578,0.17980781529061024,0.0018840921486222386,0.005229174255421404,0.0012543659644387133
0.40660834312438965,-0.7476234796564836,0.682128030710859,0.3024117744103316,-2.5194759789708066,0.0680816113286474,1.7581164446571178,-0.35746412372747904,0.13724014035787632,0.2937227384856963,-0.0018190217915889332,-0.006795963507919626,0.007907882560934948
0.4086344242095947,-0.7476426596622683,0.6821313263571304,0.3023879400483983,-2.519467342383974,0.06806278215801914,1.758084459094414,-0.2876694785719288,-0.09719231365502477,-0.2598310007610326,0.0028950501957695053,-0.009907553474932877,0.009129607034394775
0.4106593132019043,-0.7476450652795136,0.6821280801188859,0.30241028890692656,-2.519473907409753,0.06807296564596119,1.758138371391073,-0.21594070073053878,-0.12283671655540007,-0.2699034401129575,0.0013981277623973552,-0.004118745366000956,0.012262304947156098
0.4126856327056885,-0.7476487072696149,0.6821357445294302,0.3024183247764014,-2.519431337551046,0.06803170318579736,1.758112870462293,-0.2734877563540107,-0.18136502908539273,0.2167193972638064,0.0018230439773962216,-0.005052540683712179,0.0016642992179632654
0.414731502532959,-0.7476669458767934,0.6821387563658868,0.30236826594738825,-2.5194892744226327,0.06808195174442244,1.758098808965289,-0.2946487128326094,0.10959904488809417,0.20678388987520693,0.0014689831607361667,-0.00368124956554144,0.0020139068190506808
0.41676998138427734,-0.7476618077382486,0.6821658767534885,0.3023741865814522,-2.5194538090449714,0.06812474148380801,1.758072253732497,-0.0877618020863726,0.055192202359140706,0.0948439402502504,0.0014393750768637895,-0.00611809522348113,-0.0008146695685286805
0.41880083084106445,-0.7477253309548632,0.6821264503951493,0.3023487610692656,-2.5195070529421906,0.06807377103546193,1.7581192387475226,-0.2105731246071643,0.039054511179057866,-0.1551452597053202,-0.002341177417659022,-0.010777211021506403,0.007171506644604196
0.42082667350769043,-0.747707361359913,0.682153267250399,0.3023531469323311,-2.5194707076726064,0.06812521237257715,1.7581073370300668,-0.30913374862483234,0.009861707283904465,0.10485513724562238,0.002110698405962239,-0.01143310546142256,0.004700927326403144
0.4228515625,-0.7477336043357633,0.6821364337191063,0.3023310030928237,-2.5195220649293772,0.06810795287342919,1.758119867289174,-0.12990751142230356,0.09530580137819347,-0.17586061129549924,0.004077112036162233,-0.002836606514389756,-0.002657950750534476
0.4248776435852051,-0.7477465310869252,0.682141907986395,0.30230890177083114,-2.5195225318142596,0.06808107608343412,1.758104003230726,-0.3997611923917751,0.06572285352925078,0.1431540588090866,0.004998426593816907,-0.0013170980837497958,-0.0018011108861612256
0.42690324783325195,-0.7477530931251091,0.6821447163305792,0.3022976264351882,-2.519545939057477,0.06811825855702897,1.758089550740963,-0.36782231778794966,0.17061051159868665,0.2566529467766506,0.0024974473956622906,-0.005699723941148266,0.006319705830140335
0.4289281368255615,-0.7477637738162113,0.6821597431768189,0.3023159515560946,-2.519507871518749,0.06812917489271685,1.7580601470180472,-0.17179849597350358,0.1062280293279304,-0.10264494268366621,0.0027215678909025993,-0.006086499053434118,0.0066759024947415455
0.4309532642364502,-0.7477845617917737,0.6821479616333481,0.30231598726037173,-2.519515704078339,0.068145463360966,1.7581037363692673,-0.24915022303673098,0.05961671298052504,0.04472621473000428,0.0023584123386288436,-0.007393225877177327,0.001645343574964906
0.43297886848449707,-0.747801685501539,0.6821452398504428,0.30228593908561496,-2.519546615957504,0.06812762218718643,1.758089263563608,-0.20746948247359004,0.06004389643919607,-0.06092228630121109,0.0025812560839139293,-0.012746105259574585,0.002983955111156848
0.4350123405456543,-0.7477973301709318,0.6821721754063266,0.3022802430904127,-2.5195208789738825,0.0681865123222765,1.7580713346281192,-0.3014973167765295,0.06767313713517191,-0.12189852526364385,0.002098995502650923,-0.016586132035446854,0.00772546842615718
0.437039852142334,-0.7478189628238843,0.682161669381206,0.30230918120011274,-2.5194720437353184,0.06811374064677249,1.7580553742128282,-0.39406791182252304,0.16698336767857475,0.20986915315146037,0.0031137221751042043,-0.011764217526403282,0.009687192770988114
0.43906688690185547,-0.747832456873498,0.6821593579080156,0.3023087186511829,-2.5194689636627325,0.06810554469461927,1.7581091878746802,-0.15677449252794431,-0.022856217676352677,-0.19485969488792157,0.0008621014518836239,-0.00044029146390046415,0.003915456753868979
0.44109463691711426,-0.7478544032599626,0.6821424644854961,0.302269166975321,-2.519542276745475,0.06808412367895444,1.7580977902574162,-0.25351117884260393,-0.016316705748074933,-0.1498526749542835,0.0008974567764104451,-0.007883046723823726,0.007082499965921843
0.44312167167663574,-0.7478575269561447,0.6821603485964309,0.3022666502772658,-2.519517007307894,0.0681414540574128,1.758120939341602,-0.18281548127483735,0.02955682427580998,0.3099311586200544,0.006944027710536945,-0.009679424575042674,0.005347070051880901
0.4451484680175781,-0.7478681396900057,0.6821655698110959,0.30225504661104596,-2.519523415814208,0.06813666330473035,1.758095531460923,-0.39462703700882196,-0.04138513844920218,0.38021875368926306,0.004636070058125976,-0.0006564194894515315,-0.003832372049037041
0.44719457626342773,-0.7478776831405038,0.6821765641027757,0.3022529534100098,-2.5195197800882063,0.06817461289559235,1.7580659545138515,-0.18574228516759966,0.04640727273475632,0.5051660670845953,0.005182105362047658,-0.002164850727763651,0.0009675879105499921
0.4492206573486328,-0.7478914140882201,0.6821680762443332,0.30225109035428277,-2.519547726422756,0.0681910856558507,1.7580874867654424,-0.0690641401022724,0.08156817051794875,-0.036249095466974184,0.010828710408551816,0.003450938449840348,0.0047336850064535595
0.4512462615966797,-0.7479254898172432,0.6821579776401243,0.3022388652232484,-2.5195498235553315,0.06814323487561351,1.7580700761325434,-0.2239980605779199,-0.1196333765147564,-0.05345985200919968,0.005267660042658051,-0.004828268044707988,0.004179212186762444
0.45327138900756836,-0.7479229221783582,0.6821594289877971,0.3022195408712467,-2.5195678204758374,0.06812719079974706,1.7581016145945605,-0.3220563069058342,-0.07613010156574479,-0.2512801240337576,-0.0017867401148310498,-0.0126135921873173,0.011444756944998804
0.45529723167419434,-0.7479454304702309,0.6821575324195365,0.3022108227963603,-2.519605334031092,0.06815803428463073,1.7580827142852127,-0.2361804845797813,0.010552032285157893,0.12281562904663228,0.0041549279862784635,-0.023944070201956307,0.012966438503348998
0.457322359085083,-0.7479472805783982,0.6821724676754434,0.3022361333718271,-2.5195206413980067,0.06813880595982133,1.7580790696310091,-0.2349431171925008,0.05435751331874934,-0.2590677277433555,0.004013768088046897,-0.0008862149445441976,0.004638651283365177
0.459348201751709,-0.7479671513039898,0.6821599296234706,0.3022187038559968,-2.5195658066260815,0.06815927867567984,1.7581029380358846,-0.26811669046693404,-0.09006947160208864,-0.03562511896235039,0.007059217882774598,0.0020407514389077014,-0.007570818767546854
0.46137452125549316,-0.7479842529178711,0.6821584063715695,0.3021933924445389,-2.519580145406093,0.068149426000853,1.7580966913327833,-0.2588892076589721,0.38376395119663365,0.2036967452313257,0.006813619299871645,-0.006179998238351209,0.0050225815013030025
0.46340036392211914,-0.747993569878359,0.6821738201524705,0.30221216192410927,-2.5195387334974697,0.06816527891353501,1.758085339088966,-0.3615822151100491,0.3163321096910788,0.2583628105160157,0.004909749839993411,-0.00874707398438506,0.008777133188524348
0.46543025970458984,-0.7479912716624959,0.6821799891364482,0.3021956851166656,-2.5195465637530168,0.06816997442004694,1.758090907730537,-0.1036100452735083,0.044985276665436294,-0.11391703666766931,0.002957900915216528,-0.003950539637230603,0.0014630985308480451
0.4674563407897949,-0.7480090794769108,0.6821787951205126,0.30217591542857825,-2.519575486080831,0.06820296628114163,1.7580909502688165,-0.1588538434829567,0.2582696153655427,0.07103709604739258,0.0008001966911585024,-0.0072352429065261,0.006691200251129741
0.469482421875,-0.7480452812562688,0.6821476130130093,0.30220124445569757,-2.5195400122969644,0.06811140795130802,1.7581174938222672,-0.2301293076840794,0.06480912086590888,0.177822671844065,0.008145308195280962,-0.00964828579851842,0.0026108064786402874
0.47150754928588867,-0.7480311592429026,0.6821870040272504,0.3021716361770487,-2.5195837596298016,0.06822149825110038,1.7580704974790426,-0.2517830903236837,0.11812524698462497,0.21422890864432487,0.0013764972153255954,-0.011019899046163953,0.004607756799201614
0.47353363037109375,-0.7480465354961107,0.6821783725876385,0.3021644295334186,-2.5196015674511374,0.06821097694356061,1.7580980302084752,-0.2671987905936757,-0.03142489155535518,0.0616060586362617,0.0038423148210245434,-0.008084976480805795,0.0017311622600872526
0.4755592346191406,-0.7480684865042495,0.6821701387629563,0.30218625721465736,-2.519557119244955,0.06814497717934867,1.7581023231010249,-0.15513212663042808,0.12617835302344985,-0.2831422005406352,0.007087778655780763,-0.007614974139842489,0.005891814558310533
0.4775841236114502,-0.7480681717395554,0.6821887518233745,0.30217796575499495,-2.51954941822362,0.06819171913649694,1.7580821326043121,-0.2271190640029864,0.04490579094605719,0.06481748783690733,0.0007071102486500272,-0.016076362213807205,0.007241110413897725
0.47960925102233887,-0.7480958880388894,0.6821767253883456,0.30215630750422284,-2.5195758354463904,0.06821523344902088,1.7580627177919073,-0.18803335367072416,0.22372575199695477,0.08690777857069962,0.00889884731582052,-0.00722499963699986,0.005996221177755421
0.48163437843322754,-0.7480864754883974,0.6821916209413902,0.30214929875421304,-2.5195690971210345,0.06817477703445593,1.7580815548165694,-0.322388647850429,0.417454802454053,0.16904478945797596,-0.0009126259842895269,-0.005206513170390596,0.006600182933611934
0.4836597442626953,-0.7481090186966466,0.6821913369243103,0.3021557620250525,-2.519553348078697,0.0681778231127887,1.7580735255811293,-0.26949021107008075,0.12682351845927425,0.30853039609320343,0.008551980619622292,-0.008235962399632374,-0.0012596929228814004
0.4856879711151123,-0.7481306392959866,0.6821850476620366,0.3021246065374538,-2.5195917994536066,0.06822799836552987,1.758050143373337,-0.2079627791910333,0.328381996778085,0.009006463398941775,0.006384447714297527,-0.0026156548489727803,-0.00011711007070324114
0.4877152442932129,-0.7481438538721337,0.6821731631285171,0.3021781759404343,-2.5195207450246424,0.06811245848747959,1.7581255883299718,-0.13028507191958033,0.17296433739031467,0.08936514728756864,0.007154632602120577,-0.011105696018239578,-0.00032243802481080053
0.48974132537841797,-0.7481594487880613,0.6821686209971738,0.3021530670264851,-2.5195584017263224,0.06814699767069529,1.7581268786261282,-0.2149878029886737,0.31343937844729686,-0.09082842091952294,0.002532658175277581,-0.011984732562766536,0.0062752863534477855
0.49176621437072754,-0.7481557889309735,0.6821830246450153,0.3021666970649907,-2.519519295621364,0.06813231941072286,1.7581342737647343,-0.303707077940456,0.15554945094972808,0.28212064914114554,8.606744539043764e-05,-0.017639655964656817,0.008757094585109211
0.493793249130249,-0.7481677730159804,0.6821869248890757,0.3021936624994364,-2.519508748705176,0.06816354433902153,1.7581503586081786,-0.323649211022007,0.13657259057957977,0.1577831454626039,-0.0016136462318476963,-0.011740704489335561,0.005648858235491798
0.4958181381225586,-0.7481865319876723,0.6821835675399447,0.30215439585067205,-2.5195487908040306,0.06815020096002793,1.7580865279015647,-0.3231091401107303,-0.11388816221006673,-0.020043703681145164,0.003008538102015467,-0.006375430175958158,0.002725505054590296
0.49784350395202637,-0.7482165291491242,0.6821625416069579,0.3021781150354366,-2.5195281517345562,0.06812205197762726,1.7581008923692105,-0.30089587783067867,0.21430498331634928,0.2846978001079807,0.0011511496391641033,-0.011587910587037781,0.00959109490383017
0.49986815452575684,-0.7482456422871162,0.6821496858749719,0.302140972907375,-2.5195443684918124,0.0680694934599463,1.7581488104623721,-0.21336701553310874,0.3543417091164738,0.11903226058377292,0.008415006962072006,-0.001058233287782099,0.005067590081191589
0.5018930435180664,-0.748231572169233,0.682175044672087,0.30213456262565214,-2.5195524687054083,0.06815396472962394,1.758088668582804,-0.09315714854458064,0.12456566078898049,0.04308969892595507,0.009917676354281547,-0.002560359798042468,0.0009354371160884088
0.5039184093475342,-0.748233292206139,0.6821812930414151,0.30215960958162813,-2.5195082268286035,0.06811186868130384,1.7581058899070996,-0.2727563018041329,-0.07327447150808175,0.10563419826520946,0.002503223567431528,-0.010461301647736588,0.0015237820689252015
0.5059432983398438,-0.7482633785073847,0.6821788365632991,0.30210625041928546,-2.519587805311469,0.0681754255230872,1.758083294254808,-0.1747086414730635,0.20313527968280515,0.03013207405840005,0.008480419405085515,-0.009352185074716439,0.010198722158967919
0.5079681873321533,-0.7482678505777988,0.6821759734538267,0.30214180228818377,-2.5195357574358384,0.0681050392098365,1.7581240381082348,-0.2489531321799872,0.28657858621904303,0.1951808746589689,0.004776256928341202,-0.008877362767812026,0.009517978338184479
0.5100302696228027,-0.7482824548321619,0.6821816532876468,0.3021234033971048,-2.5195601832711234,0.0681483579609231,1.7580847243011863,-0.1919973468907767,-0.01984294204031232,0.3164772990104338,0.0032543707975526857,-0.007566710311588954,-0.00011376103939363244
0.5120551586151123,-0.7482933858766045,0.6821811928464608,0.30212605825387284,-2.51955799194494,0.06817077286283608,1.7581002923365707,-0.31428327880641027,0.028298146213750253,-0.1219688025888856,0.004087583984157922,-0.0063983013550064785,0.0050943361267981775
0.514080286026001,-0.7483073712952936,0.6821791391651866,0.30214432397839625,-2.5195058816283735,0.0681044794598186,1.758105734356296,-0.16616181516166423,-0.05199727892609661,0.14433456246716386,0.00010904592705169615,-0.010760617372688092,0.011588568511201838
0.5161051750183105,-0.748339879098177,0.6821507048431018,0.3021331606880232,-2.5195263289433782,0.06803251715345587,1.758142666772203,-0.30388260053287186,-0.09685433498606384,0.19199236247021664,0.0009992490733828968,-0.005929453461755085,0.00558097784159284
0.5181300640106201,-0.7483413807673469,0.6821727690225845,0.3021247266076265,-2.5195082039436736,0.0680845894309591,1.7580769781172478,-0.23566986335466683,0.21539574753923368,-0.28049871002911336,0.0019496566147923864,0.004998639041689627,0.009076589180831632
0.5201554298400879,-0.7483461828325335,0.6821781886313333,0.30211199940589334,-2.5195619040350308,0.06816188426645821,1.7581247129467517,-0.296652282000133,0.2938668530619691,0.01153558959295864,-0.0002385724741036919,0.0012644776615952302,0.006287195678038451
0.5221803188323975,-0.7483628202386502,0.6821748610375301,0.3020984320111319,-2.5195698890887464,0.06817093352528657,1.7581018733939366,-0.42838566373846776,0.12468029477204082,0.10102763680397561,0.0033480966473078203,-0.0005563266985359706,0.004159423459394724
0.5242054462432861,-0.7483674835984491,0.6821886624928595,0.30210257682561187,-2.5195423467415834,0.06816716375745983,1.7580734246904248,-0.2689925069113405,-0.15845880762699863,-0.11169034912125433,0.0052009938566115336,0.001935802140273153,-0.0001857122446442248
0.5262312889099121,-0.7484020790162156,0.6821565606510548,0.3020846613742505,-2.5195614634776375,0.06809687937547763,1.7581219973972282,-0.19735116013445445,-0.1850025034726675,-0.03627530501643514,0.001555044050465049,0.0022492235959450974,0.007867277062840336
0.5282561779022217,-0.7484010492664421,0.6821807924409651,0.3021181241755858,-2.5195007020761513,0.06807066410767196,1.7580936247140206,-0.2676830026075759,-0.0673980502963102,-0.1838242302172715,0.007012073538337209,-0.00425514046389639,0.014620851805126386
0.5302813053131104,-0.7484265870172755,0.682159661044157,0.30211788344384033,-2.5195051979487255,0.06802659933456354,1.7581271087285935,-0.28967973769369737,-0.08365656999181811,-0.20965466624003826,0.00010592251497821073,-0.010089303272542607,0.013658527282745338
0.5323061943054199,-0.7484167326722355,0.6821850372263775,0.30210504943323757,-2.519511395278546,0.06809627733635494,1.7580960784328985,-0.4724059711389147,-0.19963065836396407,0.04227544577384543,0.006130124307958907,-0.014303041355314636,0.01166757651027759
0.5343313217163086,-0.7484460257219905,0.6821737725155267,0.30210527252305786,-2.5195142544419107,0.06807361607248802,1.7581030323700009,-0.35906233446301317,0.03615563406484201,0.1456924382085824,0.0016093158206520542,-0.0069497224178259685,0.012977875834548278
0.5363559722900391,-0.7484501872997125,0.682186234124742,0.3020911656330977,-2.519520720991062,0.06810915274114474,1.7580783127738964,-0.3078045160577189,0.17835659956699695,-0.0518138982173883,0.0007680774069815503,0.0008887626705858747,0.00544961157106238
0.5383813381195068,-0.7484475569718227,0.6822011346037361,0.3020892498293094,-2.5194932273160746,0.06810701375674202,1.7580909347127445,-0.2798339282641926,0.21368361354210738,-0.17202936556019296,0.011060513396582237,0.009754559058962619,0.002363247889801653
0.5404062271118164,-0.7484731621510357,0.6821784255408192,0.3021026329436082,-2.5194814732094195,0.06806634726731824,1.7581703239290842,-0.2966958205544562,0.2138610924686713,0.30218767452517026,0.006789965636982291,0.005004207928338529,0.0028287774750217643
0.542431116104126,-0.7484790655971424,0.6821946292814928,0.3020809501335323,-2.519520450459773,0.06815403574701627,1.7580931644066746,-0.3311769095869326,-0.02614393635311226,0.24278475897629362,0.0007311890086790114,0.001067601760048722,0.005314893515958685
0.5444562435150146,-0.7485031756661991,0.6821756665676599,0.3020842118589986,-2.51949467415775,0.06804586167943748,1.7581204910632853,-0.24784658161192824,-0.11124422154771028,0.03894721578490283,0.0032203898795467875,-0.0024569564342155907,0.011749267915389227
0.5464813709259033,-0.7485035814355423,0.6821889010494345,0.3020770691937798,-2.519529901560469,0.06813727154585832,1.7580970418901172,-0.3037908144078974,-0.1935290838940061,0.12882521132619867,0.005127483377965668,-0.012155051653058923,0.012874531630322428
0.5485062599182129,-0.7485288565203889,0.6821807779266633,0.3020542608675774,-2.5195543046753452,0.06812576222218215,1.7581160619921579,-0.22832501410091716,-0.1934982476130335,0.13876053215332113,-0.000709096080544393,-0.013101723506010013,0.008753536498178338
0.5505313873291016,-0.7485369766086456,0.6821839299936687,0.302097948710893,-2.519454286553854,0.06802091215344157,1.7581404073064062,-0.25349106009192374,0.02513636025290885,-0.04569783453179807,0.007865565605045175,-0.003904994457803165,0.009028980557728628
0.5525553226470947,-0.7485228271747182,0.682216089945609,0.30206078345887427,-2.5194607012926786,0.06808391718711046,1.7580676170806997,-0.22479122722106484,0.3203670612172852,0.4036988605599823,0.009345694391293768,-0.0014399936319644305,0.006111819313600873
0.5545802116394043,-0.7485578890459694,0.6821833140410711,0.30206357244292487,-2.5195218187550936,0.06809511418956737,1.7581111299895094,-0.2977115070988341,0.233422861215401,0.2760653587340025,0.011119816877070173,0.00410940781567984,0.0002844119208818552
0.5566134452819824,-0.7485610149544631,0.682190160627981,0.30208503048735935,-2.5194805125183883,0.06806369315607844,1.7581432346610233,-0.10575001898725081,-0.03597515021890843,0.3934291328501187,0.007809418460649968,-0.0005803584049007729,0.000539164089934241
0.5586397647857666,-0.7485684373956929,0.682208026794753,0.3020571549032553,-2.5194627960991305,0.06806620179199134,1.7580888539929287,-0.17111128760345462,0.17514307911406254,0.2798907090698622,0.004104371541763217,1.2569564757231575e-05,0.010692443133135887
0.5606672763824463,-0.7485973223590798,0.6821875045836202,0.30206016766508936,-2.519489375297867,0.06804524010947789,1.758143766649807,-0.2473064338935832,-0.11936297476015646,0.3965822629720372,0.0036513343832837897,-0.00618639937063178,0.001222828596540697
0.5627117156982422,-0.7486156300561724,0.6821793813430145,0.30205393108673034,-2.5195189339221664,0.06809211573740849,1.7581345419088426,-0.2204230325337902,-0.056531239430656674,0.19650504160731613,0.0010608833970029807,0.002240288505632176,0.0036908384758987203
0.5647373199462891,-0.7486144497564862,0.6821893594431088,0.3020768710705556,-2.5194779931322797,0.068069813045216,1.7581008557054534,-0.2961697799019511,0.15740232565987072,0.36147636478502004,0.008611247088702648,-0.0063592299135991895,0.011221281682697877
0.5667834281921387,-0.7486426253156839,0.6821911013850683,0.30204256087933695,-2.5194957444983963,0.06805439700938268,1.7581291960355272,-0.212089865734047,-0.024717369298982363,0.21751219856416967,0.0006960424035488502,-0.006731053067328413,0.004685589080825957
0.5688092708587646,-0.7486472101159455,0.6822134112579284,0.30204826325259304,-2.519452821242354,0.0680944705835691,1.7580908459083078,-0.26563618258194366,0.21819415677491602,0.18274342341469574,-0.0007619874922578369,-0.011307834579025691,0.009847981822685105
0.5708343982696533,-0.7486625658667454,0.6821912150373933,0.302027414071684,-2.5194966527000897,0.06808149095089715,1.7581531293661001,-0.33078660068015475,0.11421848217812088,0.4299668041132252,0.0033953017724050127,-0.0038206120873524583,0.004652865361138139
0.5728743076324463,-0.7486705660506252,0.6822043320808044,0.3020304068824357,-2.519484452599025,0.06808463123399891,1.758114970677381,-0.22801528354201173,0.047466121496466486,0.33684903739226413,0.005628646061760075,0.0072752698395190975,0.003127659552874554
0.5748991966247559,-0.7486857831649205,0.682198766160787,0.3020087085263945,-2.5195191969166983,0.06808805918442874,1.758126800872514,-0.2680100067521888,0.059409843613803234,0.32236632856943076,0.007842645411011687,-0.0027969421362011426,0.007523852745593498
0.5769350528717041,-0.7486949229590482,0.6821892935670155,0.30203256215060503,-2.519518557615319,0.06807768100100922,1.7581721431962978,-0.1547518371932444,-0.13811053916864363,0.2833529429884038,0.003889330564967552,-0.00628153502103993,0.009836946394648202
0.5789601802825928,-0.7487059646619378,0.6821983140826148,0.30200322756054326,-2.519533672107898,0.0681084070392192,1.758121577922336,-0.22144311504951392,-0.007043905891459536,0.2230360146035349,0.002806581020192957,-0.00032587856297901046,0.008652886089692958
0.5809853076934814,-0.7487236474243042,0.6822066995686381,0.30198774220712626,-2.519534515703992,0.06815912898344086,1.758086146136743,-0.2059498051545437,-0.024076066926788278,0.26632451523486533,0.0027995522006774238,-0.00892770776361587,0.004879018107160499
0.5830104351043701,-0.7487285036911953,0.6822010565137989,0.3020134990451956,-2.5195167987519027,0.06812266627245314,1.7581368260775785,-0.20167437303011704,-0.10151944766894827,0.2766236386752088,0.004589264747657109,-0.010921453273834637,-0.00018037450094398775
0.585038423538208,-0.7487287461892949,0.6822191696155974,0.30199152580488187,-2.5194828765607418,0.06808337080414902,1.7580972089348255,-0.2783683909388297,0.16249357778068066,0.16526675215541503,0.006071839928119133,-0.002384173780700468,0.006818686256364377
0.5870659351348877,-0.7487441270732695,0.6822183283227554,0.3020367801857754,-2.5194324403728396,0.06805660889301174,1.758097258066557,-0.2616967739980158,0.19269289369084497,0.5720745201482954,0.003883161145641632,-0.008713541141296667,0.012258827298405198
0.5890927314758301,-0.7487706457702548,0.6821948659989701,0.30200366897750053,-2.51950767794126,0.06806982573515945,1.7581339920087389,-0.17108138756266691,-0.15547688752181557,0.305379177791335,-8.542349696626095e-05,-0.011755716178421426,0.006098660525622694
0.5911219120025635,-0.7487662529854052,0.6822162476431222,0.30202004699996204,-2.51943508676626,0.06807891458791594,1.7581169689955893,-0.20243345927022266,-0.12496724137209761,0.19609016454868328,0.00136269840688705,-0.010391319011021305,0.010511039826031979
0.5931494235992432,-0.7487713976002573,0.6822266902112268,0.3019901582339608,-2.519462023932479,0.06806372129542962,1.7580946611838337,-0.3656575990037775,-0.018236106088418656,0.4611061450580742,0.00631712252796151,-0.004937631982509397,0.007554253529668934
0.5951755046844482,-0.7487920807638564,0.6822146317543375,0.3019803730546353,-2.519517450532778,0.06812946438925031,1.7581091862708993,-0.22058597561534501,0.03627115112760148,0.47200197312160774,0.007394418646437475,-0.0034465013481442476,0.001638165438811618
0.5972013473510742,-0.7487937033715188,0.6822368705679993,0.30197951530919337,-2.519468485784321,0.06812828633184105,1.7580906982954594,-0.051254862640484664,0.07494574591866765,0.13158896472550036,0.0032363653232643608,-0.0075047114597595116,0.0002083733438910892
0.5992274284362793,-0.748797080277406,0.6822420981653126,0.30195871806778635,-2.5195132209466777,0.06817580494846716,1.7580681293833476,-0.2180661060653323,-0.07088329217628442,-0.03812806524925473,0.0011920123712881446,-0.007442068728193977,0.00307469066170255
0.6012523174285889,-0.7488104794162924,0.6822293657984522,0.3019882668346388,-2.5194662975232918,0.06809934930907595,1.7581270817541355,-0.2009113629419998,0.03821765030713481,0.10449871011112266,0.0032158702898732,-0.01202340935034408,0.010748038765034995
0.6032772064208984,-0.7488351341178208,0.6822188842510833,0.3019940622048859,-2.5194692662472797,0.06805812514586937,1.7581451584663559,-0.23335375449994888,-0.00811924454800635,-0.12321208739412762,0.00267017542457854,-0.008724636756647296,0.008862637522652156
0.6053023338317871,-0.7488422756841524,0.6822322100929319,0.30193644915171014,-2.5195277148124564,0.06815421181372318,1.7580777535260244,-0.0828327638670335,-0.05697516479495198,0.08517153376997127,0.005422519186972459,-0.0020476134785970654,0.004305595498578271
0.6073274612426758,-0.7488498703332936,0.6822238249557817,0.30196681474244336,-2.519470196210228,0.06807045840999784,1.7581048943388993,-0.1913331118160128,0.3301646078299798,0.4657937756182988,0.00025199365852755047,-0.0022006948707784424,0.006972407076941216
0.6093521118164062,-0.7488546827352773,0.6822429759213088,0.3019546173289398,-2.5194734505131127,0.06812830384361042,1.7580946842347833,-0.08879850585004678,0.2579195638519683,-0.025439669127898284,0.005289228749687434,0.004856690480989262,0.00864446067405887
0.611377477645874,-0.7488698373220144,0.682233923010843,0.3019531040857339,-2.519508916050348,0.06817910154435684,1.7580861460325596,-0.20206642270038083,0.08622377936667883,-0.1515516119962072,0.004718804986416868,0.0015501257510623426,-0.0021452870149095914
0.6134023666381836,-0.7488770434511397,0.6822451165180908,0.301955756656131,-2.5194926337092878,0.06816981466215447,1.7580777412352735,-0.22380782350784004,0.18542769809211426,0.19086290824694896,0.009471702716618931,-0.0008261375046356412,0.0019442118944267093
0.6154389381408691,-0.748905166938477,0.6822235681606801,0.3019146223666096,-2.519553961375711,0.06818595349990485,1.7580610340432812,-0.22198728073389654,0.34755363496348135,0.3504434689612535,0.004415623636758225,-0.006272015668971502,0.006048030237273577
0.6174643039703369,-0.7489078081167316,0.6822287346873899,0.3019678499823967,-2.5194531400734617,0.06808490481339105,1.7581190384824326,-0.11418614390585329,0.0583845365624101,-0.017048810232348114,0.002468830581899407,-0.007639977872722431,0.005279540016637799
0.6194891929626465,-0.7489303615318692,0.6822150076782459,0.30196952816084494,-2.519464739330419,0.06804769896517018,1.7581240150991195,-0.3034286598661151,0.12131036019905238,-0.0714029729032761,-0.0005547933799276549,-0.01674371349389314,0.0105283542692667
0.6215147972106934,-0.7489298862554622,0.6822296942238997,0.3019144458132259,-2.5195460939718486,0.0681784965908577,1.758106633483296,-0.18552820358462532,0.13445495706647667,-0.2697733357674415,-0.0023068056044497805,-0.023074256906964668,0.015482167796568603
0.6235394477844238,-0.7489209627539091,0.6822434243754837,0.3019574125105061,-2.519484208049226,0.06813216379436043,1.7581102478676036,-0.29800525447376675,0.11599823681321102,0.09256704514846209,-0.0015170362212864148,-0.023263740865166038,0.011424205255186618
0.6255640983581543,-0.7489223820426449,0.6822654602692901,0.30193933623227015,-2.5194639803501837,0.06814692577915607,1.7580823625766133,-0.14586432171473265,0.07527929706561906,0.09443531837753658,0.00273769252368242,1.2852919627906993e-05,0.0009465013407279672
0.6275904178619385,-0.748953836856803,0.6822431635712857,0.30192837654147,-2.5194880710244467,0.06815258096579493,1.7580966249825192,-0.3097501702678457,0.314616864723374,0.29468313722448,0.009188383765746053,-0.00020582513949642535,0.0007536818980026453
0.629615306854248,-0.7489433235372004,0.6822654823682783,0.30194103932199845,-2.5194692593294725,0.06818168686622153,1.7580896580953989,-0.14795406637055664,0.416044853058429,-0.13754868496583925,0.005719369895288089,-0.0019262298184040696,0.0034813050672522425
0.6316401958465576,-0.7489757585007254,0.6822463367666075,0.3019278916108567,-2.519451269856262,0.06807429649873425,1.758073605273997,-0.2616684318774422,0.2661535693425213,0.1267468632410368,0.005783402019644081,-0.019105667836518417,0.005790451308656517
0.6336653232574463,-0.7489751080796015,0.6822411464753465,0.3019108222860868,-2.519533435221675,0.0681730608813472,1.7581139407793498,-0.1562183772985293,-0.07134798252995447,-0.04340819068811621,0.005460490819437855,-0.012526946331889246,0.001485733226855574
0.6357276439666748,-0.7489902704586063,0.6822458816841276,0.30192216471636235,-2.519473368477131,0.06813642968013045,1.758120998718192,-0.25252515117387425,0.050719139784442493,-0.004137163326361368,0.0030870863506931153,-0.01667704461660452,0.005470737877245174
0.6377582550048828,-0.7489763745449095,0.6822807275503253,0.3019393976407054,-2.5194152177968805,0.06814129962471542,1.7580748400285777,-0.17257137448060564,0.22236453910838144,0.026825542567601134,0.005973969656128553,-0.013986100744050803,0.012081426476763505
0.6398053169250488,-0.7490179685268459,0.6822358044140817,0.30194071756770935,-2.519471128231023,0.06812650919609804,1.7581201764855778,-0.20099594546959185,-0.1866896037732123,-0.11096294677326848,0.005063376081968995,-0.006003522463484887,-0.003705835801939528
0.6418259143829346,-0.7490304083680679,0.6822372644875463,0.3019261717464566,-2.51947282583371,0.06808703643099386,1.7581089109769086,-0.07330336602343168,0.04701874322912052,-0.11067137936148272,0.003906555937579599,-0.00873761675754284,-0.0012476592330518859
0.6438441276550293,-0.7490317077091199,0.6822479120195951,0.30191032168387916,-2.5194742995861934,0.06811259993940652,1.7581156065293626,-0.3055380622629416,0.24050895158518867,-0.08627892015491105,0.004378119691591681,-0.014618443937011045,0.007591014802064169
0.6458616256713867,-0.7490311585511984,0.6822583229956118,0.30190316918309884,-2.5194875886419132,0.06816687926381854,1.7581160699391316,-0.2589217815650549,0.11553327112839308,0.04471329238457421,0.005931846711263001,-0.011548256472595195,0.003863818474279469
0.6478779315948486,-0.7490508107317939,0.6822547704617604,0.3019039444836153,-2.5194546236058533,0.06810848373832995,1.758108150406223,-0.25278089485455046,0.14200514537941736,-0.1226366134974963,0.0004677388701556194,0.0018992456760125239,0.002328588068127437
0.6498956680297852,-0.749086623657815,0.6822263162575529,0.30187382162566184,-2.5195449034428843,0.06810818737883076,1.7581193871982133,-0.1717398315039121,0.3325847296310883,-0.09968853504519985,0.0005127431018557671,0.0005936163474701033,0.006049487660705196
0.6519155502319336,-0.7490686056027362,0.682265072765365,0.3018767426370751,-2.5194945911813753,0.06815801210522233,1.7580729063349236,-0.33290876398904046,-0.07929537307785092,0.21533697244132238,0.004750714509553402,-0.009426455823730421,0.005655435443962311
0.6539413928985596,-0.7490781624917621,0.6822640435413333,0.3019045019323882,-2.5194414222449915,0.06810270953132523,1.7580692740039197,-0.11667143808611129,0.009740993479444338,-0.09828579846029636,0.004545505872925924,-0.0047145138450185526,0.011246126749656655
0.6559674739837646,-0.7491078603593359,0.6822356933743102,0.301872412233152,-2.519524351499905,0.06810093772024339,1.7581112275068003,-0.3415803369712317,0.018390824315174605,-0.297892956645465,0.0030910533834981654,-0.011785501299088367,0.015376596144690176
0.6579930782318115,-0.749122996372982,0.6822368797592223,0.3018906448429662,-2.519460668801664,0.06804113361364528,1.7581258050708752,-0.14067561695532715,0.21323875667343428,-0.13585775122967536,-0.00039918775940037555,-0.012874011437845166,0.010724816459378877
0.6600191593170166,-0.7491147348944548,0.6822650806445254,0.30188958445831554,-2.519450763681341,0.06814013839256192,1.758083537903568,-0.22732153512755437,0.029955482330670493,0.07212492619351481,0.008182299354897397,-0.011257258309657419,0.0028848906046132676
0.6620442867279053,-0.7491210558098571,0.682260681880806,0.30188646958717996,-2.519477567820507,0.06816464578803563,1.7581184016746414,-0.3295601838984892,0.18172036841069905,0.40424665342602273,0.0030788630621500245,-0.005551824866640358,-0.0002593534347284693
0.6640691757202148,-0.7491434304430914,0.6822470474710882,0.3018903559920275,-2.5194736408388767,0.06810965476971426,1.7581284288199401,-0.27120313136445795,0.16074398778295676,0.06145688987838076,0.0043088096636152385,0.0009281214081481638,0.004155286834854633
0.6660940647125244,-0.7491645841906046,0.6822460871669671,0.30186635138816287,-2.519487629388176,0.06810429598341572,1.7580981228509736,-0.11326037803287403,0.059084204674047805,0.18479597043532955,-0.0022050501578902903,-0.011692284952741215,0.00541226463837193
0.6681194305419922,-0.7491760321431584,0.682232790625392,0.3018728562550038,-2.519521300182315,0.06813956767654683,1.758125839915127,-0.07124308302388578,-0.04980595260963717,-0.12978828916333493,0.005648987866785714,-0.007054843386128336,0.007641877534499488
0.6701443195343018,-0.7491628513244952,0.6822597136772175,0.30187585200072076,-2.5194751332651286,0.06813647389558841,1.7581042404204503,-0.19737891839899585,0.06195127052874222,0.06164212761590305,0.004218243532700631,0.005061202897513273,0.0028862716501601724
0.6721682548522949,-0.7491936062361183,0.6822432823400532,0.3018797059772554,-2.5194501987951323,0.06805526030636898,1.7580814282820683,-0.11805662062030545,0.3214062738111619,0.29530956649199047,0.002108633964677505,-0.003299560038421082,0.011486752403112649
0.6741931438446045,-0.7492057667179138,0.6822490138711144,0.30187604326487694,-2.5194779552509283,0.0681017166464909,1.758077565673845,0.06725139849601007,-0.07591662242291432,0.17973162416886834,0.004750184713898164,0.0004368416192429841,0.0022453514815682037
0.6762180328369141,-0.7492071238858866,0.6822509666352015,0.30187642825264205,-2.519446199803929,0.06806144537557014,1.758101887267021,-0.1309308507179077,0.22009231014072397,0.04475882226392427,-0.001951723444539556,-0.0038157919091928905,0.01233548622359892
0.6782431602478027,-0.7492197926754448,0.6822550442949442,0.30186684017873444,-2.5194584805142335,0.06810006167282624,1.7580904888879325,-0.13727848507850376,0.02262490915961935,0.22627548720703125,0.0012692330210688973,-0.011923271640384583,0.01151820019370602
0.6802682876586914,-0.7492076266617582,0.6822687344339508,0.3018715999421556,-2.5194313214639896,0.0680748999371877,1.7581051579386366,-0.1705025796985422,0.007713572556020875,-0.25614030826978595,0.002476942249040599,-0.008556086014287097,0.009021035758262207
0.682293176651001,-0.7492396167665349,0.6822552009617467,0.3018604808590456,-2.519464896047808,0.06809166273840228,1.7581194417375892,-0.10716997862946132,-0.15846905175973452,0.1622859936156458,0.004398543365203226,-0.007712388317967952,0.0003554543136013075
0.6843183040618896,-0.7492435446299335,0.6822645593950312,0.30184155836802207,-2.519450276448418,0.0680498931907188,1.758102722010204,-0.18358816786409377,0.2067153121066917,0.3000719682322038,0.004922681906726735,-0.0012263614418859005,0.008377538913016834
0.6863605976104736,-0.7492549879544291,0.6822608312411057,0.3018471675572563,-2.519464254943223,0.06807638995787829,1.7581271923486272,-0.07362002030616835,0.1433765502321365,0.1575879846710115,0.009371080236487587,0.002595449606848124,0.0061549840142427325
0.688399076461792,-0.7492743688862384,0.6822665459757462,0.30180733806096527,-2.5194986435561697,0.06812268398222611,1.7580647541581922,0.02186010959248648,-0.0034525637356588893,0.24842953645597232,0.006319222211308906,-0.005055198137706643,0.0006638568229176184
0.6904253959655762,-0.749279137279947,0.68225907416504,0.3018604459833836,-2.519406354550139,0.06801050367152048,1.7581279424661505,-0.12509608236946682,-0.1424280390871886,0.23503187527927713,0.00380730206133207,-0.006148086387049779,0.00077071100735914
0.6924512386322021,-0.7492774069554077,0.6822886237034583,0.3018265188012609,-2.5194360096276562,0.06813475099883934,1.758071324808672,-0.06439614890299059,0.14610897298465922,0.40438463262806995,0.01073395221261103,-0.006670801340439044,0.009248019831001897
0.6944763660430908,-0.7492838785185207,0.6822823136786749,0.301836245237089,-2.5194284998406578,0.06809054786502605,1.758095229587671,-0.015820018573385372,0.0539052476026258,0.37466217014099135,0.006903354625281364,-0.0022942974136806625,0.007727767015408752
0.6965010166168213,-0.7493161161650261,0.6822638447729136,0.30180706003285274,-2.5194910911540487,0.06813537115148445,1.7581041646940816,-0.07791072957209534,0.33039397380886487,0.31099234460831116,-0.0004128340685916913,-0.00020634894646390478,0.011162451602869607
0.6985440254211426,-0.7493208690780356,0.6822692013998907,0.3018117686396272,-2.519489794273746,0.06809986018023605,1.7581042111946215,-0.17773136213536733,0.1987011183507717,0.476063179128511,0.006809839148103285,-0.003938257519931188,0.01003749793719725
0.7005681991577148,-0.7493219746242118,0.6822671746217467,0.3018310904242685,-2.519451147816352,0.06805994127265551,1.758148781336122,-0.03048734303280918,0.10893061819571873,0.1773903445615377,0.003342262486800526,0.0069777708188142745,0.004309179115947956
0.7025933265686035,-0.7493354463752742,0.682277615532861,0.301827131619364,-2.5194525876327423,0.06809542542134425,1.7580953571286042,-0.13957807304856823,0.12101788189393513,0.2048704955179072,0.002182135314726739,0.0030010285703100997,0.003701601642097321
0.7046172618865967,-0.7493459240026411,0.6822832250133231,0.3018261848755133,-2.5194103446195104,0.06807129611934272,1.7581110177988737,0.04849239416609735,-0.14807334036233755,0.3046795318428493,0.0006962300423621641,-0.010340241611626574,0.004575863141726633
0.7066421508789062,-0.74936015213469,0.6822851217235749,0.3017904563543249,-2.519482767092287,0.06813425307946754,1.7580908671292592,-0.07060595122198478,-0.023381203530709438,0.26673090738020416,0.006544827126688142,-0.01189466428775261,0.009129929355862014
0.7086670398712158,-0.7493797971265393,0.682270910242184,0.30182029770584196,-2.5194164732240267,0.06804371160534345,1.7581263488162984,-0.10131141635636262,-0.05762542361349867,0.16476815170543624,0.002796710074154714,-0.011002615011352022,0.004314132685278804
0.7107112407684326,-0.7493822895892541,0.6822870510369746,0.3018045212123796,-2.5194236364717533,0.0680770649181341,1.7581219544095812,0.058103970922357376,0.12657995091552704,0.0797707535367487,0.005237463260588727,-0.0038310757288318705,0.008736088727568963
0.7127361297607422,-0.749420721346953,0.6822480089345676,0.30179170382782106,-2.51946002813163,0.06802563746097166,1.7581183797072952,0.03583704541321925,0.254638415641873,0.5023713224532629,0.00672460280226562,-0.004983836166905387,0.007340252001761049
0.7147841453552246,-0.749419384121467,0.682282940332607,0.3018150083689756,-2.5193891461560325,0.06803979336454695,1.7581522294296583,-0.002970579423330469,0.26449548542030055,0.3785668560512473,0.008644128996469656,0.00517524513033127,0.003386650759827455
0.7168092727661133,-0.7494447332635095,0.6822677333316994,0.30176573100244947,-2.5194910532976382,0.06810731569405404,1.7581049439207816,-0.12372773341202827,-0.02816162784964401,0.6948662830688938,0.005395967584131037,-0.00395855644911765,0.003939502471943033
0.7188467979431152,-0.7494462970995888,0.6822789690947846,0.30178240493130426,-2.5194560620441293,0.06810881774083273,1.7581206271528167,-0.05649111126133047,-0.11074487956807853,0.4437286411109802,0.003525871152405095,-0.001271263406307447,0.0061210468798384154
0.7208712100982666,-0.7494583500076202,0.6822779153338187,0.30177881623210434,-2.519451450249592,0.06808589089903057,1.7581270072639235,0.053331497000161446,-0.23302112313312714,0.19592190059939574,0.003957205823729491,0.0010634585093821163,0.010318844460598813
0.7228960990905762,-0.7494583500076202,0.6822779153338187,0.30177881623210434,-2.519451450249592,0.06808589089903057,1.7581270072639235,0.053331497000161446,-0.23302112313312714,0.19592190059939574,0.003957205823729491,0.0010634585093821163,0.010318844460598813
0.7249209880828857,-0.7494878702757893,0.682269307928665,0.30174679548751177,-2.51948002784311,0.06806767897439463,1.7581163307191594,-0.10446251494774021,-0.17667389799970712,0.22934225750012305,0.009420698337199543,-0.0018030308134943515,0.004358255933267994
0.7269461154937744,-0.7495115237261532,0.6822654212543134,0.30175348518405026,-2.519463785507759,0.06805906735383603,1.7581311134523296,-0.13233507779225953,0.008421101905140786,0.21435281217607208,0.0026069120536640253,0.002518132769598232,0.00431343427320808
0.7289702892303467,-0.7495113496792714,0.6822756091838775,0.30171636656127765,-2.51951770886261,0.06811090112281436,1.758108170943609,-0.15351510761879156,0.21250652721304097,0.6265008126165084,0.010770673204505664,0.0032508440315034597,0.006479360768708706
0.7309951782226562,-0.7495233519396016,0.6822843214355019,0.3017343981967162,-2.5194679720848225,0.06811680975168216,1.7581130225203903,-0.14491562274364816,0.19548633849946898,0.3069692733507434,0.004909563423980047,0.0030832655935029876,0.00364116462703389
0.7330191135406494,-0.7495445693876988,0.6822724062082884,0.3017042025035347,-2.5195117659375907,0.06808081487717076,1.758093220374573,-0.05378519914784096,-0.05075463013567838,-0.0025742582515509912,0.0021313411047361045,-0.005222152535278551,0.010117679725115085
0.7350430488586426,-0.7495592752981843,0.6822780619396245,0.3017103847114287,-2.519464027607039,0.06805666268594018,1.758117928439292,-0.07964478480986026,-0.11404352099832578,0.1418564856703062,0.0012092714547721223,-0.010647783433632398,0.01235352375842061
0.7370681762695312,-0.749547826178747,0.6823066733273604,0.3017341940312376,-2.519407945626194,0.06808323147023217,1.7580967890689128,-0.15708656795884954,-0.05386400252680764,0.3255246939672529,0.00672270392251551,-0.004432204524474285,0.012109753973023111
0.7390921115875244,-0.7495678160949368,0.6822915068532869,0.3016743319893812,-2.5195211360975347,0.06812040000898571,1.7580719772081415,0.00807169645347107,-0.0352180394741743,-0.09879666064703363,0.004512754324451253,0.006647973607456124,0.001333615618363191
0.7411172389984131,-0.7495922391628561,0.6822814699551956,0.3016889915925882,-2.519507526608804,0.06808839915248524,1.7581032201539035,0.06732620304682424,-0.019912001012796124,0.23879317068764838,0.0075217724143817055,0.0024538352302435314,0.0038727594165760748
0.7431421279907227,-0.7495710393249135,0.6823245994695907,0.3016825068600058,-2.519475598374796,0.06818096202433356,1.7580998891104924,-0.04227353201029396,0.09639352556255616,0.2985304107520189,0.004371980722580831,0.00036582064572714145,0.01278121163614667
0.7451670169830322,-0.7496186555925016,0.6822819309694931,0.30167840811026186,-2.519495003108905,0.06805374225715845,1.7581243462761271,-0.05002080542159661,-0.08166195774568874,0.08470147847616462,0.0018559625048252559,0.001043923918281514,0.009277708708451467
0.7471923828125,-0.7496189222827949,0.6822939101741126,0.30165545425030454,-2.519538065476427,0.06818284940559463,1.758143213382594,-0.29451597597324963,-0.1383104510327784,0.5639143075557798,0.0016717786985937472,-0.003658639857814939,0.007255239654367428
0.7492172718048096,-0.7496303927285093,0.682299812662424,0.3016775906836383,-2.519472684328203,0.0680972372941532,1.7581239569857616,-0.006829920053517187,0.10015949620969193,0.1434537902821248,0.004059262858594467,0.0045415648439139965,0.01037582961434047
0.7512412071228027,-0.7496258155427467,0.6823206379171777,0.3016494282049132,-2.5194986795804026,0.06815017348749203,1.7580730603934693,0.018072998924584145,-0.17043067524278202,0.027802673053391083,0.0030303368924072096,0.005655123114608317,0.0020290065369832355
0.7532663345336914,-0.7496650965400597,0.6822922473092693,0.30166214450382894,-2.5194809717386244,0.06811378898233764,1.758127717871332,-0.11158721008738931,0.005520929361325644,0.12406255283456943,0.0014229784750810675,0.0019869533009188468,0.006002913657363445
0.755291223526001,-0.7496524454550655,0.6823156121669566,0.3016396572074556,-2.519543959139669,0.06819714344439115,1.7581028268639352,-0.09390359059389741,0.09842686415365758,0.021028252554964526,0.005130513726464442,-0.008337556634674823,0.01093076238420411
0.7573153972625732,-0.7496851214120502,0.6822950352853859,0.3016586357920926,-2.519485889343949,0.06809366943328775,1.7581211935976417,-0.11365063411312504,-0.045799179637562595,-0.27513864117666703,0.0005676593091964712,-0.008143326012698097,0.008517914932762147
0.7593505382537842,-0.7496781837678647,0.6823166444953209,0.3016034351675906,-2.5195423711247806,0.06814665519181647,1.7581095721139341,-0.14452236387852715,0.007420303009472886,-0.05733934282092128,0.001432358691455006,-0.007898033984842753,0.009868757706568861
0.7614281177520752,-0.7496846684521761,0.6823268839775907,0.3016401911173951,-2.5194879815903044,0.06815234206363756,1.758098605411575,-0.07735478881493119,-0.0012880817484119235,0.09175258329897645,0.008086848071463358,-0.0037733916509941207,0.012829829557237226
0.7634532451629639,-0.7497037484689503,0.6823170849610224,0.3016234917786421,-2.5195391978606527,0.06820838769657829,1.7581127021132372,-0.03860431780213469,0.3242924787967165,-0.05663408620144851,-0.0019491581324221977,0.0002256297159833952,0.01248693306481454
0.7654922008514404,-0.7497198165352867,0.6823188766038879,0.3016207826045094,-2.5195120958419435,0.06813979020777972,1.7580785914324262,-0.29027215140586,0.3291615065051171,-0.0035895399605676975,0.006691558752206569,0.0010120226293661978,0.006497084962676595
0.76751708984375,-0.7497350387680328,0.6823177888040408,0.3016024650726015,-2.5195155357742003,0.06815514618074224,1.758093286392946,-0.19384744106050522,0.11519949099490535,0.18137397734384753,-0.002317667242483136,-0.009211547192906958,0.0008450078792868002
0.7695422172546387,-0.7497582858297027,0.6822994337700904,0.3015986113832119,-2.5195478531915945,0.0681147046428465,1.7581460823315926,0.018622783877372144,-0.010863093175287475,-0.18237317026485939,0.00463111262415636,-0.010078331051967966,0.010360614775537822
0.7715661525726318,-0.749750268894757,0.6823325102514489,0.30157739623046054,-2.5195481849309176,0.06820160998674177,1.7580503658814535,-0.11296361615512072,-0.1694865484820829,0.020781990690901527,0.0056258798087742146,-0.013996976877780596,0.0020823739373374258
0.7735912799835205,-0.7497719314700495,0.6823168731097963,0.3015752504549835,-2.519571617171593,0.06822350885710898,1.75810534452998,-0.12489625597646499,0.09285800131371427,-0.25305650804255153,0.003657187532105655,-0.004379675985688089,0.0047632098547721055
0.7756152153015137,-0.7497756993256433,0.6823386993225754,0.3015810259689675,-2.5195033713328208,0.06816818812681491,1.7580900798802095,-0.11536790419182338,0.2597490125145242,0.11022357029700347,-0.00028650821902691205,-0.013680427456836765,0.007914089487850159
0.7776403427124023,-0.749793713872069,0.6823291067434447,0.3016002986888972,-2.5194924189636794,0.06815418446374204,1.7581007458159141,-0.1964522004998994,0.19756974639714647,0.056002859154178096,0.006192904918829902,-0.007404298114410774,0.0062926844692405125
0.7796652317047119,-0.7498080835360633,0.6823357110370213,0.30154640820575096,-2.5195476423369536,0.06819976022729066,1.7580685803725027,-0.15361169203917505,0.06172181250914917,-0.0919440688815531,0.005124793617797475,-0.009946855467242156,0.0033507267316059243
0.7816901206970215,-0.7498313482361187,0.6823176479671429,0.3015772978788996,-2.5195273414938097,0.06814124794614106,1.7581093127754248,-0.17395448174437048,0.2061892799367362,-0.08099924798704047,0.005457878367826801,-0.01530049308089328,0.008136630737589802
0.7837142944335938,-0.7498429828151802,0.682321913418472,0.3015405594016571,-2.519561765214439,0.06817787518615312,1.7580984424677546,-0.362728091316402,0.0638132429493164,-0.2849331358179801,0.002668311406673318,-0.017969695889567157,0.008429693355769345
0.7857391834259033,-0.7498551187839426,0.6823151818277201,0.30154778887468847,-2.519544768546099,0.06811358446284825,1.758114334131747,-0.38154187735039524,0.14423002927031922,-0.045361237465051274,0.0036682612916579603,-0.02097248851535173,0.006632286060854264
0.7877645492553711,-0.7498644551381688,0.6823263095149055,0.30155892699678255,-2.5194958218387438,0.06809276833297111,1.758077173070826,-0.1933066939733799,0.1798413014593369,-0.4524564106318855,-2.6496917397956956e-05,-0.0023180471437423485,0.0022091282556157797
0.7897930145263672,-0.7498979823042218,0.6823059899404007,0.3015297591758501,-2.5195466247376057,0.06808719300802508,1.7580921119884558,-0.37769954741982525,0.38015079586472633,-0.0020765821003941864,0.0070518829862492825,-0.0018387703619729594,0.001724829298512298
0.791820764541626,-0.7498776796471288,0.682334006469356,0.3015420122858289,-2.5195097506503834,0.06811182301202885,1.7581233072322024,-0.27306536218687283,0.2954169773917297,0.2316955601364697,0.004109786739422922,0.0022813812176117423,-0.0028767699664313828
0.7938477993011475,-0.7499063939540234,0.6823246816035957,0.30155922101436355,-2.5194972129565856,0.06810159815269404,1.7580845523284576,-0.3767598576898675,0.42182887868284596,0.30907867435606967,0.00465593879474646,-0.007944274494694202,0.005173919574980606
0.795874834060669,-0.7499012282532709,0.6823414151645408,0.30153069057926657,-2.5195155988241704,0.06812872462263644,1.7580912875029322,-0.26662946046822117,-0.02758121950416286,-0.14244190445879798,0.003100180137406636,-0.015244604100636853,0.005086196976403277
0.7979018688201904,-0.7499448438283798,0.6823068401186008,0.30151880870630116,-2.51956270905831,0.06812457449770334,1.7581226845771032,-0.16946488870808948,0.12410381802502686,-0.47290445635678185,-0.003644340323968448,-0.016417568666202472,0.015675212255144316
0.7999281883239746,-0.7499345527148533,0.682336679248404,0.30149379381941455,-2.5195582178190032,0.0681545192261284,1.7580815761258695,-0.3770617969145316,-0.13307046995505575,-0.2392220505201198,-0.0018522587520049044,-0.01810543290534424,0.0143275426756037
0.8019545078277588,-0.7499397398530311,0.6823383682030969,0.30152561121892096,-2.519518548831019,0.06815362082861506,1.758078316094367,-0.362805053515587,0.05106208769991867,-0.21561360435178434,-0.0022672827509109027,-0.011892002709423491,0.008604659677726867
0.8039803504943848,-0.749955471033682,0.6823338199256249,0.3015175294731522,-2.5195584010501118,0.0682088280030648,1.758111263851783,-0.4428238416750507,0.144141949111265,0.027804992163627473,0.0015469862257488835,-0.005404440361355677,0.002587215324888913
0.8060061931610107,-0.7499623869953161,0.6823449851411224,0.30149438188155714,-2.5195594513885076,0.06820985918041757,1.7580924941191334,-0.30362436120032177,0.16665075445273697,-0.19928682972407513,0.0033994329708705124,-0.0022664786762779327,0.0005875007946659537
0.8080313205718994,-0.7499657571437406,0.6823453006901092,0.30152139529860655,-2.519500892049215,0.06813850670757002,1.7581162033802322,-0.44119429412285316,0.18956365861413418,0.27745765926073096,0.006261576010321912,-0.011603381193601462,0.0070885686760635246
0.810056209564209,-0.749989356003284,0.6823485057385225,0.30151113062052604,-2.5195106168503405,0.06812640452079398,1.7580846235942638,-0.22968762994104747,0.020386347510500877,0.08498476863556645,0.00402068819022991,-0.0024689621177005666,0.0009746296124554527
0.8120825290679932,-0.750002505365932,0.6823476714793181,0.30151469515671786,-2.5194884463174985,0.06811149078451223,1.7581118829641125,-0.25374840474604926,0.17079497250505593,0.2840042842181954,0.006422753838777818,-0.007736895535001798,0.00415216818448538
0.8141083717346191,-0.750036660406669,0.682319919438888,0.3014740354593786,-2.5195664344255406,0.06810387011278825,1.7581335418940716,-0.2319821742294379,-0.0024368058956591235,-0.005345814412552455,0.0033085782226409772,-0.01512548365424136,0.007594115209057305
0.8161332607269287,-0.7500348448779786,0.6823405006937984,0.30148297003290636,-2.5195305032382938,0.06814558878152684,1.7581048108608408,-0.09701921980362702,-0.08628601627372792,-0.29674927509536814,-0.00018549913061020364,-0.009057377346557496,0.010573537053990088
0.8181593418121338,-0.7500375673485784,0.6823603772121706,0.3014869401944662,-2.5195037915028626,0.06814974645704526,1.7580678040894222,-0.2479665576626117,0.00430731862660263,-0.0062944503849652195,0.0036124437349666677,-0.004855262154290266,0.005033798575017193
0.8201842308044434,-0.7500442482175598,0.6823629742584446,0.30148807718223286,-2.5194851587439495,0.06814391800975446,1.7580614752030503,-0.15259908511096876,0.12659850053989866,-0.0041626928059218665,0.005955794825759189,-0.009799361893206111,0.0034288233848525874
0.822209358215332,-0.7500583657029718,0.6823566261736084,0.3014640173881167,-2.519521941857523,0.06813257384323745,1.7580853776947967,-0.14418395699551317,0.4235201333423057,-0.0018861626546950033,0.0014854982012562326,-0.01617760146808013,0.0064593371179964675
0.8242714405059814,-0.7500795258132786,0.6823498663545674,0.30147565868517157,-2.519504941201441,0.06814301552527205,1.7580981034812047,-0.2069364172891241,0.0931378433217516,-0.09062239167706161,0.004429023172775498,-0.008454535080321228,0.007776671963816444
0.8263163566589355,-0.7501035329862658,0.6823415542615354,0.3014427266776065,-2.519526573878984,0.06810832342685377,1.7580729396969499,-0.18353385653861973,0.07973870610179422,0.05972949425223067,0.0010396431629907223,-0.007660316336586905,0.00792274401000469
0.8283421993255615,-0.7500970191485685,0.6823538550047423,0.3014575057072182,-2.5195039999032502,0.06809973865146612,1.758114929957245,-0.05945551553155928,0.157305873661718,-0.18695467382761494,0.005544803191214001,0.0033419141919193473,0.001969147514798165
0.8303673267364502,-0.750119785516163,0.682349287590444,0.3014555161471681,-2.5194954527491236,0.06808255426611522,1.7581364046832946,-0.10181762223062045,0.0496808061816764,0.07864674150114286,0.004012388234319713,-0.002748439453931201,-0.0011280851526754834
0.8323922157287598,-0.7501420316365299,0.6823458052713199,0.30146314357140663,-2.5194727599248847,0.06803115690900033,1.7581226614147287,-0.05401255989375318,0.012435075042975384,0.08159199090273786,0.0012494362252333914,-0.0021850873996943202,0.006114047300038536
0.8344171047210693,-0.7501430532339476,0.6823491886621506,0.3014461265495265,-2.519506745087726,0.06811550134917035,1.7581314992818324,-0.005075537862169882,0.033528986566697595,-0.18629967367070088,5.5325322222991944e-05,-0.004063448526710226,0.008387500314632295
0.8364441394805908,-0.7501709440286153,0.6823404262337276,0.30142255127984197,-2.51956388352521,0.06813980971795859,1.758093587766932,-0.05435254486074379,-0.06143397134616286,-0.019141370048654207,0.0017142308432296595,-0.013827661176078691,0.008442653880512766
0.8384692668914795,-0.7501631920917498,0.6823638392110174,0.3014460439682001,-2.5194644323403756,0.0680699225656857,1.7580701540457497,-0.1903953636786524,0.1233195338604012,-0.17395700618099177,0.004619139101362024,-0.009927396166147844,0.0027329586599651057
0.8404943943023682,-0.7501723019982137,0.6823663608621917,0.3014621940289662,-2.5194534237902446,0.06807121365943228,1.7581103852034254,-0.19496461110571764,0.036119675729639006,-0.02613874584980861,0.00766278504160614,-0.006823004220035712,0.0008974696248849855
0.8425207138061523,-0.7501956834981411,0.6823704197462741,0.3014040623186115,-2.519518712903585,0.06816503186168872,1.7580920268286204,-0.12932890562849222,0.0993420414084204,0.020663764271562933,0.004091000137382423,-0.0034222545126619797,0.0036401260729174993
0.8445477485656738,-0.7502159413247241,0.682352473041712,0.3014155914869178,-2.519504509298542,0.06809031446849147,1.7580986392041105,-0.24515219464625404,0.17862165185638645,0.16175181603627206,0.00503003162930788,-0.004042988697760459,0.005797979433717109
0.8465747833251953,-0.7502298367039009,0.6823567507355446,0.30143069157377644,-2.5194724528519754,0.06809462964089012,1.758126859205016,-0.14149954883432994,0.2953954871767976,-0.016980060857430188,0.003330343218421335,-0.00045341073992725923,0.012765761968063635
0.848602294921875,-0.7502286188770192,0.6823691692933568,0.3014014823889682,-2.519503807659982,0.06812328250999643,1.7580894752248404,-0.2153140559239981,0.03509766102511466,0.16961542131551843,0.0049346370863702,-0.00024778533536478313,0.004991526977449144
0.8506283760070801,-0.7502617655093375,0.6823527798534262,0.30142312552485573,-2.5194665186302494,0.06805337342862311,1.7581253241273471,-0.20422392068974377,0.18570388008096403,0.2051862413878548,0.007319149716369976,0.0010260463538625322,0.01322192142851171
0.852654218673706,-0.7502338366687317,0.6823854067129237,0.3014023581141563,-2.519503855173012,0.06818436091444237,1.758089961644234,-0.1467880727277008,0.17423844324196391,0.02269049991282477,0.005287434316507089,-0.0120495816459684,0.009517734061561041
0.8546793460845947,-0.750259956245823,0.6823723451988859,0.3014306900062814,-2.5194496704252023,0.06806619103304389,1.7581020547681017,-0.055536418086827015,0.04914755291973708,-0.11393421711721191,0.0029954109401764926,-0.004275752276019156,0.007214912435196848
0.8567061424255371,-0.750275301490223,0.6823660614146742,0.30139234395899045,-2.5195123552212393,0.06813258624789705,1.758108442897212,-0.22040021011374203,-0.10438021214449249,0.16628812789538205,0.002790530615280601,-0.015206523479458906,0.006310535833060859
0.8587353229522705,-0.7502819419366631,0.6823874225174561,0.3014134740980312,-2.519478121857994,0.06815126008728642,1.7580967137117869,-0.19369574330572065,0.17748639147142728,0.5850847751345324,0.0026484030913670508,-0.0026465412992771687,0.0048040772614130305
0.8607611656188965,-0.7503140306611296,0.6823694084321558,0.3013966682656575,-2.5194843085591145,0.06806936546556909,1.7580975296439787,-0.2536262525255671,0.18060633851006552,0.34933498070620006,0.004022331324232312,0.008726453818624464,0.003423666320521065
0.8627862930297852,-0.750319321903153,0.6823751966405425,0.3013818209255828,-2.519530195065851,0.06816601034495548,1.758109333691342,-0.27271356831332166,0.1509171934951031,0.48746581397353017,0.0035257917936075155,-0.0015480072184585135,0.008021933654258028
0.8648111820220947,-0.7503544577006042,0.6823627962513026,0.3013839249371508,-2.5194918967728546,0.06806266475750292,1.75810447278015,-0.1790622689606663,-0.17390883820002104,0.015725273361606062,0.0024012365941216687,-0.003999575511950042,0.0016360988037690755
0.8668358325958252,-0.7503544577006042,0.6823627962513026,0.3013839249371508,-2.5194918967728546,0.06806266475750292,1.75810447278015,-0.1790622689606663,-0.17390883820002104,0.015725273361606062,0.0024012365941216687,-0.003999575511950042,0.0016360988037690755
0.868861198425293,-0.7503620535300124,0.6823621255117794,0.3013694377740479,-2.5195358983148193,0.06809434365909701,1.7581478721618982,-0.42157079031517686,-0.08894824829911527,0.16803415448654135,0.0018693189210795729,-0.012738401881845086,0.01074551008587861
0.8708863258361816,-0.7503726749589293,0.6823744339786383,0.3013753576813259,-2.5194896447430235,0.06809553960835586,1.7581246183282533,-0.30824399182280227,-0.0857644162540466,-0.00412520606748501,0.003302881862375843,-0.008815374587435249,0.00997196762843685
0.8729109764099121,-0.7503976801465386,0.6823602153669086,0.3013903928955738,-2.5194604019722275,0.06802533126040959,1.7581409884700905,-0.23971588270244654,0.07360981112280052,0.009494429262015935,-0.003919462672726874,-0.0012498674126178112,0.00973879123205805
0.8749363422393799,-0.7504002290551722,0.6823705936171536,0.3014148443382587,-2.5194362234685426,0.06808584519885201,1.7581052777756487,-0.348565344093536,0.05866539143831642,0.2803182355165655,0.0006740750166788676,0.0008240660361778763,0.007400378841016687
0.8769612312316895,-0.7504118516504877,0.6823643174997256,0.30138126660317033,-2.519499007365717,0.06812859360431577,1.7581207230920064,-0.13900756813310913,0.13552350768352991,0.3466748952025651,0.008790028836992592,-0.00018932783962966548,0.00998085202224851
0.878986120223999,-0.7504156239057416,0.6823842801693499,0.30136290933468546,-2.5194733173452515,0.0681141532187873,1.7580819439393987,-0.1749931471801887,0.17900990519147908,0.06419530962402481,0.0035015181632225764,0.005655372371827531,0.00673540545909221
0.8810112476348877,-0.7504430137253123,0.6823570687864511,0.3013819930792165,-2.5194625228521077,0.06801895073588074,1.7581108758482977,-0.3627246735610176,0.33496340446474343,0.1729120626420909,0.003904005068541373,0.004358967211223736,0.012084783639918443
0.8830361366271973,-0.7504561367869347,0.6823702374196162,0.3013825698056908,-2.5194479020957217,0.0680640714714788,1.7580835401202681,-0.20567037621649709,-0.13658588321685336,-0.0008209927115692683,-0.002785598281863711,-0.006679084274862572,0.0023949115203002634
0.8850626945495605,-0.7504687122727375,0.6823604898883153,0.30141813529915235,-2.5194104288723937,0.06801693201564091,1.7581559064578403,-0.18219823343174943,-0.0023900240404587623,-0.21702919429284218,-0.0025252484339291937,-0.007446371733350435,0.013207595084286764
0.8871145248413086,-0.7504671878871507,0.6823828736339519,0.30135576319812307,-2.5194834008313585,0.06813392291110779,1.7580998931041107,-0.09162120531637134,-0.21472428506192442,0.06290114393589544,0.002071391164906328,-0.0073281688932324476,0.010041698103486927
0.8891396522521973,-0.7504984727939382,0.6823535721736085,0.30135596836721207,-2.5195023239300296,0.06805107957727698,1.7581325879825394,-0.39797108124585234,0.12758131855250082,0.34232415532610927,0.0047449486345948165,-0.006105589497970127,0.013393198679701594
0.8911666870117188,-0.7505028455202598,0.6823647234855406,0.3013632840117994,-2.519472588132568,0.06804162418046567,1.7581327400516675,-0.17951442031141912,0.11097630682067477,0.465603720793103,0.0008614175516025342,0.003630388177559229,0.00799403774000104
0.8931934833526611,-0.7505106755204916,0.6823751607967656,0.3013665262092786,-2.519459656110158,0.06809017634537926,1.758102144120605,0.03775126922994326,0.13309982194943593,-0.03740575247231151,0.004393062412376124,0.019036368591996516,0.00957545835694833
0.895219087600708,-0.7505158610603552,0.6823842117254971,0.30134888558414097,-2.51945909364439,0.06805345960811222,1.7581161234549205,0.010400572195601199,0.06251546885501823,0.2824868554795625,0.0036728669457743745,0.005049231874796799,0.007598017043381738
0.8972442150115967,-0.7505221135112655,0.6823799361030645,0.30136571678700075,-2.5194429619234975,0.06805810978131895,1.758135796292509,0.28709047873183874,-0.129074613160408,0.28356595456246814,0.0005983920343437476,-0.008050104617717543,0.008727710810261467
0.8992693424224854,-0.7505423724674846,0.6823732241286135,0.3013707807985281,-2.5194229529755563,0.06800926388180105,1.7581123733028774,0.5178689141393097,-0.04709833007399711,0.35069297238997227,-0.0006106736946995123,-0.007345050990468389,0.014376995219906794
0.9012954235076904,-0.7505476467852075,0.6823762606223851,0.30137914272742844,-2.519415891861601,0.06802112523019029,1.7581501566889977,0.7030323454261038,-0.028698424098915834,0.6715518732695208,0.002870578086645352,0.005432347636377541,0.008538111875680212
0.9033203125,-0.7505629023793077,0.6823798372462414,0.30136472672035575,-2.5194185463312078,0.06804647609648481,1.7581269660165786,1.0896740739610693,0.02155276364937063,0.5117648191513364,0.00866072914659879,0.00766244169760157,0.004833164371243958
0.9053452014923096,-0.7505626812395076,0.6823980969411234,0.30135832159768405,-2.519410276502176,0.06808624260327657,1.7580800684978366,1.202172665948195,-0.12655560068170946,0.7272233112570304,0.005961236748676119,-0.00045241741411912635,-0.0026263919178814064
0.9073712825775146,-0.7505766638013973,0.6823957944897778,0.30131645316302047,-2.519462521209669,0.06810819382831863,1.758068863758483,1.193315074464247,-0.015834241943915098,0.7253968355233644,0.007033621101574966,0.00039272000986427134,0.0023570262531935763
0.9093961715698242,-0.7506024100000279,0.6823734605025774,0.3013691751993971,-2.519375409324135,0.06796931214149668,1.758144038164355,1.503442999518462,-0.18996649427705598,0.6711882881713084,0.004003588728079521,0.008158360525099688,0.00397507131521369
0.9114396572113037,-0.7506101293612037,0.6823876609830762,0.3013325702713223,-2.5194289391194915,0.06806263874267206,1.758107839019569,1.5331210040914225,-0.17202635407428143,0.6906917359050461,0.002195360828629176,0.0023726261251463985,0.006184989371400664
0.9134650230407715,-0.7505914521754161,0.6824162321808647,0.3013130585937707,-2.5194402351148395,0.06811457766347731,1.7580644197245205,1.674861037263298,-0.4107034757875968,0.8316514049976299,0.008772444533063806,0.001558949875162145,0.0017119574343776498
0.9154903888702393,-0.7506077340239319,0.6824065192479908,0.30133905947022666,-2.519383749394401,0.06806583005966786,1.7581261769789134,1.7191649369947828,-0.20822763316661308,0.8459490336468942,0.008445395345018467,0.009616399589589906,0.0019902467305514975
0.9175143241882324,-0.7506192272464197,0.6824061031373182,0.3013155783729606,-2.5194352482912103,0.06809868225164795,1.7581204259237595,1.7676790932420663,-0.12509630238878527,1.1390443578650553,0.005803743969380548,0.0026934710144281603,0.0034554289594575694
0.919539213180542,-0.7506271599292017,0.682404488818952,0.3013275476579213,-2.5194282519271347,0.06811955833184001,1.7580906625360293,1.8655073051155904,-0.14717032546056594,0.5459497728748764,0.003017918987136067,0.005263003329849401,0.0034384671346808764
0.9215641021728516,-0.7506301705168932,0.6824147887317578,0.3012886887576235,-2.5194634183311835,0.06812609870536626,1.7581093985268366,1.819269360116301,-0.2719032355010081,0.527349333421846,0.0023041212631242924,0.0005153040343855628,0.008062428392190532
0.9235894680023193,-0.7506352408415246,0.682426551182371,0.3013078273949873,-2.519412987505842,0.0681304670957773,1.7580759570210829,1.8298043695931547,-0.2961368458984784,0.5162895720747136,0.0010664117252853606,-0.0008497328771362846,0.010723637484893316
0.9256143569946289,-0.7506429564901596,0.6824239403459829,0.30130542273737604,-2.5194341099298643,0.06815613733169885,1.7580700929591335,1.9265335345690195,-0.1697548950812038,0.4845836514708901,-0.0002548225533278584,0.0023216961848138776,0.013413272916119654
0.9276401996612549,-0.7506699850604477,0.682398830220448,0.3013000468848107,-2.5194420897638046,0.06805220000835818,1.7581315391563233,1.9056502663039492,-0.14098891173527264,0.200635889459246,-0.005371106393549046,0.003129875471763942,0.01169509456379378
0.9296653270721436,-0.7506614575017339,0.6824242404298261,0.3013159070726863,-2.5194016236673122,0.0680676398168987,1.7580823712923124,1.838322149609397,-0.1509535326961877,0.7666373213520354,0.00026585453891684284,-0.001807482466217055,0.019409457470226692
0.9316911697387695,-0.7506466253986125,0.6824523990856477,0.3013046424298363,-2.51939710549669,0.06815159632962345,1.7580610531773002,1.8013495943353368,-0.09690502471455312,0.5420291465067337,-0.000516847350078016,-0.003092852094192507,0.02361331753384826
0.9337162971496582,-0.7506489971102286,0.6824547746784039,0.30130692377164436,-2.519391013831574,0.06814963128963132,1.758094946195241,1.845091761299982,-0.3979753438219352,0.5206007857118633,-0.0037382978706403075,-0.004243605421835904,0.020547972528236324
0.9357411861419678,-0.7506691824884588,0.6824390833667309,0.30130364836594087,-2.5194168175934197,0.06813717539931481,1.7580766516737727,1.67149291266083,-0.27118174996248656,0.7387588048837403,-0.008703233115221996,-0.007430537885122098,0.02389385568807812
0.9377660751342773,-0.7506731997670091,0.6824548063575064,0.30127148018438693,-2.5194553517042606,0.06825183501095232,1.7580797448911734,1.7693718745940312,-0.309432242371312,0.3519585385911179,-0.003782356770290716,0.0018997558794961612,0.02286223675886529
0.939791202545166,-0.7506829179020036,0.6824474955282622,0.3013057706757848,-2.5193801662425295,0.06812888137251548,1.7580847871730818,1.6504854473039747,-0.18105945751360328,0.651860727469697,0.0005707231210166381,0.0023453592695354096,0.026111383108665325
0.9418227672576904,-0.7506913087405784,0.682444059109592,0.3013255985963007,-2.519389947457839,0.0681810010671392,1.758099375950775,1.6704321490941823,-0.33671420020870696,0.6654086945944601,-0.0008133814006007732,-0.00796853746568313,0.030178510919500433
0.9438481330871582,-0.7506931136539711,0.682455765683838,0.30127978135260725,-2.519432319552947,0.06819435412300576,1.7580772333997883,1.7390924806383035,-0.5124814704040674,0.6947747339866724,-0.0066136696334795075,-0.009702319639874779,0.02677643879233778
0.945873498916626,-0.7506964483204972,0.6824617795347937,0.30129769527730516,-2.519402723472412,0.06817782518701282,1.7580630115256985,1.6471851771757204,-0.4617903224516185,0.6101827396590174,-0.0043259455993144924,-0.0019683304692944582,0.034963568789566295
0.9478983879089355,-0.7507154139396076,0.6824517450304413,0.301268758106968,-2.519421712791713,0.06816192179538491,1.7580613792559936,1.6721241257132085,-0.3207804802179345,0.870768739915095,-0.002287553407669218,0.0006612738019021934,0.027879943064008556
0.9499382972717285,-0.7507075113578165,0.6824638068707513,0.30130831043983775,-2.51935926170579,0.06816510104522579,1.7581023781088083,1.7701945304410662,-0.32480357760829337,0.7786873576483894,0.0007224961838479217,0.012239283964759387,0.022036887712245126
0.9519641399383545,-0.7507226250533576,0.6824597528746223,0.3013156764664472,-2.5193238453601956,0.06807466189767065,1.7580997633111979,1.7723457818816006,-0.1853499721964905,1.0512081724817066,-0.003701329132595718,0.0028737791625715716,0.02525660018170783
0.9539890289306641,-0.7507348226248785,0.6824466291958586,0.3013092442884467,-2.5193831573813394,0.0681304766851225,1.7581275560920195,1.7704195972261012,-0.41345008340668443,1.12683698424625,-0.00020735142077872928,-0.005210795076013887,0.0261955308969973
0.9560141563415527,-0.750702453758112,0.6825010819813254,0.30131924902706436,-2.51932004211937,0.06822550271172086,1.7580551195098828,1.7473007544097592,-0.541503716534422,0.8404316322360897,-0.0027788967161499617,6.583853688149193e-05,0.01993977651272643
0.9580409526824951,-0.750736507966239,0.6824624571877295,0.30130177761811916,-2.519380058083739,0.0681782808359676,1.7581049335459187,1.91784776404175,-0.5607661993422068,0.570518520130736,-0.0021765124167087077,0.0007660346391975807,0.02306041811003004
0.9600663185119629,-0.7507583548558608,0.6824532992002992,0.3013047619618805,-2.519351895331128,0.06812247777568349,1.7581102703528337,1.827223692942445,-0.4370899338681558,1.0728017620441315,-0.003336267711296103,0.0009978584052414323,0.023463890918847066
0.9621052742004395,-0.7507311789294585,0.6824912896038806,0.30131020930543806,-2.5193146926535555,0.06817648461914536,1.758043966080845,1.9001667815042775,-0.29778600816788775,1.0423367849773237,-0.002355220999436138,0.006576473005907843,0.02274530666794049
0.9641444683074951,-0.7507237576580968,0.6824968322471513,0.30130115045557987,-2.519338642255699,0.06820869295725722,1.7580973904973882,1.9764481156686342,-0.3203586035632555,1.0167188983569473,-0.0005602242209236004,0.0049517743783280875,0.01721663437858992
0.9661691188812256,-0.7507823159108749,0.682452992684041,0.30130323420641786,-2.5193324146799703,0.06810375641911491,1.758085099483843,2.0698869012250856,-0.08589907481560573,0.9810152467036509,0.0005112760590590647,0.011587515345698789,0.017513636838424274
0.9681942462921143,-0.7507699763276705,0.682475784030598,0.30126436114218436,-2.519384591340984,0.06819230074529195,1.7580698316702539,2.018176491932008,-0.20880134719048574,1.10915722647291,0.0020736519084623086,0.008524413434963733,0.011459873907690916
0.9702191352844238,-0.7507720109985964,0.6824756173085927,0.3012754935818238,-2.5193854380049405,0.06818360225435377,1.7580812811963737,2.2235696637990197,-0.3657358641310505,1.0055071179269577,0.004076098192751211,0.005557250122130245,0.008153234728777157
0.9722445011138916,-0.7507702803688783,0.682487757330474,0.30126756791957543,-2.51937469627269,0.06819112800256953,1.7580579746833898,2.274694085565581,-0.2741842833071918,0.95480755886198,0.007479594836263552,0.010035875780470351,0.005108376587315604
0.9742691516876221,-0.7507593016327404,0.6825053159331133,0.301285675018197,-2.5193355893744336,0.0682112014707418,1.7580468502233209,2.1863987803470764,-0.14890942989709904,1.0081182219791132,0.0066082410069743785,0.010779278288769916,0.008381627825529968
0.9762940406799316,-0.7507718792075964,0.6824990244831476,0.3012920717410907,-2.5193360955730757,0.06821840168037037,1.7580878014284622,2.4487171456963455,-0.14212454034218652,0.9139906674359042,0.006598129108374774,0.00732010331910003,0.008466608150823441
0.9783182144165039,-0.7507772534701618,0.6825077929126012,0.30127828332743734,-2.5193081082248043,0.06822180268525106,1.7580322923899678,2.157467587222226,0.0004735525191557344,1.3085167358542154,0.010326469881101315,-0.00021565014556990006,0.001429144637342064
0.9803433418273926,-0.750763822677759,0.6825222367074596,0.3012933086723481,-2.5193197550338633,0.06822395933863427,1.7580804500155311,2.3312559877733516,0.03573322311711985,1.0405212977536484,0.012251293967873118,0.014495094795316878,-0.007836018401873618
0.9823882579803467,-0.7507947051021218,0.6825095180312578,0.30130844595921114,-2.519257763322436,0.06815030327297462,1.7580460488245195,2.5476907521252143,0.3439246407841529,0.8527680619569472,0.014136684923198976,0.011598565655376251,-0.006801815280571529
0.9844133853912354,-0.7508023493928764,0.682506183108687,0.3013002432967636,-2.519276163675401,0.068178089321994,1.7580384021422506,2.698063281891681,0.058858916795829275,0.400777907075508,0.014617014046638233,0.007608695151342244,-0.008648466162234181
0.9864382743835449,-0.7507980605587814,0.6825032813052069,0.30130761025642294,-2.5192963461349946,0.06817312326889845,1.7581093850858343,2.5099667458496224,-0.03777436556382402,1.0837647515307205,0.01126597909260372,0.004841454388883738,-0.014538761078889472
0.9884634017944336,-0.7508085581401843,0.6825106230000559,0.3013072154264741,-2.5192667787175718,0.06815798081939112,1.7580386946507967,2.5394811409751163,0.1128631003767823,1.088345921153104,0.013713560772730763,0.003499481609229637,-0.01443426370808493
0.9904897212982178,-0.7508304856909204,0.6824800340452856,0.3012853250191099,-2.5193425631696913,0.06815648578304072,1.7580631617210523,2.723677290615366,0.1634493724151611,1.085347802964913,0.017190193236733944,0.006790163207440752,-0.018706328238013995
0.9925165176391602,-0.7508080063783006,0.6825240215344546,0.30129104754541897,-2.5192843274925196,0.06821454348440345,1.758026551621253,2.819504437857119,0.25667566252229335,1.1413470544248963,0.017903176520958256,0.010435371049792962,-0.019101616059008213
0.9945435523986816,-0.7508036810392862,0.6825257742039501,0.30129530056870235,-2.5193095661121334,0.06825299738188484,1.7580426639380682,2.9619095696643547,0.026226582818491606,0.778304155736592,0.016821416279080546,0.009022064925942125,-0.02211684573769448
0.9965708255767822,-0.7508402455809998,0.6824936401215582,0.30127881561125736,-2.5192952448192205,0.0681129617194612,1.7580371548921514,2.9239063356215342,0.1047315626195241,1.1563983417936803,0.015595779782782114,0.00145523527549544,-0.02115151254757962
0.9985973834991455,-0.7508428608164969,0.6825098505369,0.3012828726075233,-2.5192884504953525,0.06817696463579391,1.7580297320268718,2.870673876114171,0.20671685756786107,1.145471611743635,0.01225224813447981,0.004329797698352634,-0.020383937373950244
1.000622272491455,-0.7508202263698971,0.6825303386382778,0.3012653377646948,-2.519328827389104,0.06828829714882483,1.7580464011443417,2.9204619749102787,0.12624208836180656,1.1752545627513167,0.018286639329255276,0.0019362668108332212,-0.02007292826740924
1.0026483535766602,-0.7508416871532877,0.6825214954590717,0.3012642143501785,-2.519313229098465,0.0682197830531833,1.7580571685303166,2.717771728176465,0.2534152887552346,1.3397683473373307,0.01550333269079101,0.0023705084909788885,-0.02063950349252247
1.0046741962432861,-0.7508233244848402,0.6825484880470271,0.30125251695931154,-2.519309886264961,0.06828630761667677,1.758033821253202,2.9519588963044896,0.02090289448607968,0.9671095664100244,0.017109004142775407,0.005707352917089108,-0.024138289425818096
1.0066993236541748,-0.7508439602503154,0.6825242011058937,0.30126478755866,-2.5193207770874815,0.06826287938761173,1.7580543001574123,2.8794407082208866,0.1558170409669583,1.171591633882083,0.018073794435904726,-0.0052081770914018085,-0.019715819496270368
1.0087380409240723,-0.7508416161060001,0.6825262786323968,0.3012946064270458,-2.5192575302540754,0.06817334840367098,1.7580483084053236,2.998896068362263,-0.0640105861919808,1.0078203852809078,0.016411202675814165,0.0006294227963314603,-0.02203670340754287
1.0107648372650146,-0.7508724419253272,0.6825065625578668,0.3012473584605142,-2.5193408256373613,0.06818493755847341,1.7580494127428525,3.089716466913083,0.17581941125308348,1.1104583272566926,0.013236025875156677,0.0020512657756155375,-0.02367474356946505
1.0128183364868164,-0.7508714942370183,0.6825184541108101,0.30128630057206374,-2.51928201696713,0.06820763530788475,1.7580701679765418,3.154258067880059,0.2528440262879496,1.1588412923674347,0.01886634608414489,0.0005779235356368503,-0.024987633736968207
1.0148444175720215,-0.7508830116375185,0.6825160878509205,0.3012694036943921,-2.5193256028743285,0.06821789897189486,1.7580689853206293,3.1482562787527244,0.35439363425306,1.080381553832726,0.015317700505778915,0.005161367000272231,-0.022655471408513556
1.016869306564331,-0.7509049071485453,0.68250068892123,0.301227908737344,-2.519364872691822,0.06822092074216543,1.758058722594546,3.047016886333476,-0.03733138137619646,1.18616171886493,0.02168220191094499,0.008235754119414703,-0.03046666260495415
1.0188946723937988,-0.750907825702118,0.682489772736906,0.3012610648893993,-2.5193241913263638,0.06813469120147825,1.7580945829954007,3.209836650710758,0.07462279507766079,1.4232851622092169,0.016297716467088764,0.00142308964331018,-0.03111127845732341
1.0209195613861084,-0.7509205759955141,0.682496151428228,0.301226303336015,-2.519336763936747,0.06814932962402069,1.7580378417659912,3.063517128315715,0.30562462068989416,1.297731873510993,0.017689923267428846,0.009461577010078272,-0.029299824872322067
1.0229442119598389,-0.7508970316858522,0.6825247958621017,0.30125042638712596,-2.519323214456445,0.06820764080817705,1.7580227356205533,3.168043181307255,-0.0023163123384390416,1.2118575020562852,0.02776367574842923,0.011415719797004007,-0.039991266521230646
1.0249691009521484,-0.7509305858619812,0.682492991073893,0.3012830030449301,-2.519301831230414,0.06816703908932288,1.75807262210211,3.2589405706566543,0.28250476111590944,1.2422760841364426,0.02391373786585127,0.0019076764574365915,-0.03482638098312866
1.026994228363037,-0.7509150210552402,0.6825071350938271,0.30123864841763165,-2.5193506652668156,0.06818496064851746,1.7580665536286457,3.230382932893383,0.2182508083021364,1.274333743880304,0.02484202227585811,0.0035336258665786477,-0.03397753123926922
1.0290191173553467,-0.7509077776589268,0.6825353955841309,0.3012416333596595,-2.519300247546581,0.06825002885818666,1.7580417576701732,3.1196710921976583,0.23687486666194618,1.4023516901217195,0.02252951512031416,0.0018673642089934912,-0.040225521499018195
1.0310442447662354,-0.7509036950302077,0.682543744091797,0.30124290507589496,-2.5192843779261307,0.06823787901987384,1.7580055023969356,3.1830462021339354,0.3418011182725109,1.4611300983109414,0.027149068506700784,0.008814825674806393,-0.04273930483172044
1.0330696105957031,-0.7509324459575801,0.6825265978226368,0.3012078472129592,-2.5193480761864513,0.06825054632985694,1.757999266388559,3.286720212135257,0.25481417479229107,1.4961244578673294,0.026536938764666285,0.014548733236545583,-0.04362112074930992
1.0350942611694336,-0.7509321816087298,0.6825239645426033,0.301228841640227,-2.5193385508978055,0.06823958810085443,1.7580298938601207,3.1363614518252287,0.4114450279423834,1.765132041982043,0.026325919234041793,0.0077928680291254465,-0.03920628954904625
1.0371181964874268,-0.750940414109217,0.6825105867947027,0.30125453971311805,-2.519295292635238,0.06816117155456163,1.7580750117503,3.4017094497524494,0.25216748475835915,1.1512316802274063,0.026009285617387294,0.018142547086560802,-0.04118758108256624
1.03914213180542,-0.7509469212832345,0.6825266269089423,0.3012211289338839,-2.5193163585275413,0.06821412375528642,1.7580509677857588,3.1920353213809225,0.2069824343192732,1.5198356656738772,0.024173932801096677,0.011536942861310951,-0.04602840359308504
1.0411663055419922,-0.750949756926871,0.6825142200256522,0.30123405709563184,-2.5193349049386278,0.06822783625262938,1.7580859201232806,3.4191419927897657,0.3844245486291421,1.3164500583790384,0.03309112606980577,0.01748561106981493,-0.042750999129635536
1.0431914329528809,-0.7509516615619496,0.682528420617498,0.30121484791110714,-2.5193373470180127,0.06826100698853302,1.7580354126286686,3.5248419139362217,0.31289787783142775,1.348390446051802,0.02786017711703115,0.021007449070151438,-0.05216629101091981
1.045217752456665,-0.7509510746671288,0.6825226282903774,0.3012361263877044,-2.519326458380185,0.06822415693048052,1.7580416979662372,3.341829735797646,0.5254352482331675,1.4408241178948407,0.032329462102254555,0.0178577389827622,-0.0450930967096835
1.0472447872161865,-0.750974904694425,0.6825129747729856,0.3012114046820409,-2.5193294565470046,0.0681841910437518,1.758050420833069,3.3309387277260663,0.3974474629407789,1.4162567950233256,0.02716638698798634,0.01606204073916987,-0.04950548463240895
1.0492777824401855,-0.7509716246901219,0.682524065314247,0.3012199754890459,-2.519340202562117,0.06823144332306955,1.7580259704768222,3.3803535471989785,0.45983650256959596,1.3669701185788181,0.02687968729418848,0.013207536285850805,-0.046583938832221936
1.0513043403625488,-0.7509917380660759,0.6825062088060131,0.301222187136535,-2.5193449900342837,0.06822576721011334,1.7580493172838396,3.32180936407014,0.36956994515644626,1.5041101728466204,0.024752572082805246,0.005846481195371019,-0.05095302748482474
1.0533294677734375,-0.7509904314161016,0.6825054317490455,0.3012341370736268,-2.5193171857274113,0.06817817838269191,1.7580614885228496,3.411436232170852,0.40698194685099615,1.4759127750168333,0.030737467797305962,0.012279556299012132,-0.04815207051627465
1.0553553104400635,-0.7509873226932514,0.6825244294818371,0.301197534692505,-2.5193497764958193,0.06823766544661582,1.7580565996961004,3.5000532241503364,0.4008483140942944,1.5128130826678983,0.02364367876454717,0.01787636854229348,-0.05215421367268485
1.0573816299438477,-0.7509872611088299,0.6825219796617135,0.3011896507384825,-2.5193632842993385,0.06824340053176417,1.758086077225452,3.392026587623837,0.4894458871310092,1.4769068447433633,0.03000104046447768,0.017710873439527177,-0.05006019443542851
1.0594072341918945,-0.7509968186685325,0.6825215968349573,0.30121025831458276,-2.5193308777142733,0.06822312835612818,1.7580621641410716,3.505695185297425,0.4340985284138066,1.3868344119667881,0.030986569012385463,0.020577270918684866,-0.055585828560494877
1.0614581108093262,-0.7509943502730437,0.6825286974823377,0.30118892210284853,-2.519335432152624,0.06822777820799669,1.7580647063014065,3.4965018807455803,0.3683038905652177,1.570516722173358,0.029001140667114914,0.013808455315316557,-0.05400480121878996
1.063483476638794,-0.7509976794338045,0.6825236779904303,0.3011984964310765,-2.5193533222469036,0.06824451418210577,1.7580838989092493,3.4409955843159943,0.4855239076686485,1.5368420195960992,0.030943174949106818,0.015551540620547357,-0.04949718536084733
1.0655083656311035,-0.7510213958737965,0.6825194211972798,0.30116909345179876,-2.519350975269276,0.06820615092282238,1.758027140938527,3.610204896940382,0.3195637143827995,1.558757763186906,0.03350684223561893,0.013702509822235412,-0.05597829636565116
1.067533254623413,-0.7510130903193056,0.6825243194505827,0.3012150568879333,-2.519319966530083,0.06820110876112834,1.758064216281867,3.4704563233655765,0.3097181533349569,1.4176164004058853,0.02980766181906242,0.008813298654097418,-0.056696822584303724
1.0695586204528809,-0.7510195504327458,0.6825170002042066,0.301183757153138,-2.5193704927227953,0.06822364446003078,1.7580934530186827,3.476295444164383,0.3911422027807685,1.5429977478791277,0.03193024504807834,0.00014878259804196044,-0.05153363871531217
1.0715842247009277,-0.7510354633024534,0.6825122915220502,0.30117614320213254,-2.5193496337338424,0.06818508528951317,1.7580381988145244,3.4654789195335627,0.38148200764839435,1.356721826278574,0.03129911623004769,0.012418229176746256,-0.05548275531715782
1.0736091136932373,-0.7510327154241442,0.6825271605463697,0.30117238421600495,-2.519356503255487,0.06825333204211904,1.7580154768622458,3.574891727104806,0.38076413920340585,1.518688401769674,0.03641406561837465,0.01010107205097457,-0.05843543165638123
1.075634241104126,-0.7510386968004197,0.6825188342147468,0.30118465471386396,-2.519341162636518,0.06818647514424483,1.7580434143077217,3.506320775978754,0.5266291345732179,1.397304711988697,0.031601644021115115,0.012040613881177092,-0.06208850911053234
1.077674150466919,-0.7510410765263651,0.682528340394987,0.301155540595861,-2.519387039913263,0.06825900414818573,1.7580337566403006,3.5174066415209326,0.5021366209270569,1.3263586337991926,0.035639220399212856,0.015657528298601175,-0.058659132723367764
1.0796992778778076,-0.7510446340016926,0.6825196314791245,0.30116500395760143,-2.5193979782870843,0.0682869528532745,1.7580454725467045,3.5347469853229847,0.6476248309618123,1.370877350408794,0.03363609450147532,0.007527982486377827,-0.05200149785751187
1.0817244052886963,-0.7510789561056948,0.6824902389148415,0.3011621163922444,-2.5193993139450215,0.068179398549049,1.7580994605307652,3.627485582187941,0.5948670439839476,1.3630287659968245,0.029878862669386812,0.00791681163702626,-0.04917531192477501
1.0837490558624268,-0.7510847428707094,0.6824908947196043,0.3011570656262127,-2.519394264959468,0.06815434196798702,1.7580770755952368,3.427093474452624,0.5972238624661186,1.3827315676736887,0.030493953044002355,0.011252380471494539,-0.05734671385578597
1.0857739448547363,-0.7510650476244357,0.6825132463718357,0.30115797192666427,-2.519398436549762,0.06824695060167738,1.7580626734474845,3.5338501659131363,0.4767687857317207,1.328443950983334,0.027146086227517793,0.008729129124341534,-0.061120206531121435
1.0877983570098877,-0.7510785782178913,0.6825080219521243,0.30118186011696013,-2.519353722623852,0.06818390522389395,1.7580769136453873,3.6189424600260405,0.18610306664261383,1.4539544061216425,0.03490460851832173,0.003456526226534694,-0.06206399766710432
1.0898232460021973,-0.7510822163793142,0.6825138274927323,0.30117251143497703,-2.5193685601940716,0.0682069845276316,1.758084944029124,3.5024329742616542,0.41472006965973984,1.5292320223588798,0.03472118183705384,0.007154276374114828,-0.05499534859611528
1.0918474197387695,-0.7511101227451153,0.6824862960311389,0.3011316433929409,-2.519473357867252,0.06826288682950983,1.758050607124679,3.5435618746215254,0.35025868854482994,1.4142579302494076,0.031287512372274076,0.004455624111037226,-0.05167827430364818
1.0938725471496582,-0.7511178518232229,0.6824848684121516,0.30113912074195703,-2.519422183659073,0.06819381234567955,1.7580847823409413,3.596389580716261,0.230476742884685,1.401492285269769,0.029270559745588218,0.0023104039821761333,-0.05681780856085935
1.0958983898162842,-0.751119548943387,0.682484158666362,0.3011569420936501,-2.5193891362879683,0.06815821589064498,1.7580957147317877,3.581067599926063,0.40879169781770075,1.3893164491275023,0.0305004137550315,0.010590113146594629,-0.05650483973653446
1.0979232788085938,-0.7511294791406044,0.6824773197659147,0.30112711666296915,-2.5194363672967635,0.06815708476295594,1.758088717098227,3.45016285966105,0.5025900532010826,1.530283306602747,0.029992470868240615,0.01184600245187967,-0.06022420786225602
1.099947214126587,-0.7511325544230308,0.6824885945906043,0.3011615397672298,-2.519376999737106,0.0681411392968253,1.758095447134916,3.571969818372859,0.5298627603226913,1.2239773414819426,0.029072383433976605,0.01718045359273449,-0.05827715293822912
1.10197114944458,-0.7511307593328251,0.6824940831088382,0.30111635518894103,-2.519456451963943,0.068242326664687,1.7580639942238505,3.523505243803957,0.2871537955605995,1.2696746624039084,0.02995105780213543,0.014476146564634107,-0.05389107676667515
1.1039958000183105,-0.7511400208301722,0.6824923413662211,0.30113668225082474,-2.519401474415833,0.0681845698007522,1.7580605424108475,3.533084192065352,0.15337779210780683,1.564435635278231,0.03014156386034888,0.007587655078361835,-0.051239567990553715
1.1060223579406738,-0.7511442778767368,0.6824933002709092,0.3011080610584364,-2.5194498772992957,0.06823886885034125,1.758087080604378,3.5049429294879664,0.2257497328963406,1.3797661358645388,0.033071039518772126,0.020076328234357836,-0.051980220654750844
1.1080474853515625,-0.7511551642346135,0.6824851494386549,0.3011507998782914,-2.5194248492985145,0.06820903177967,1.7580937513072454,3.656025809704721,0.2061625486871999,1.2614598277821727,0.03241459490152113,0.01575291342837918,-0.05529473718473372
1.110072374343872,-0.7511537268591976,0.6824950536649677,0.3011281646500825,-2.519401119637856,0.0681737332539503,1.7580939312487387,3.655788568043849,0.2767536424866941,1.2964526585182188,0.029597996007716586,0.01330440637230992,-0.0536321550124997
1.1120963096618652,-0.751177103267781,0.6824771056794011,0.3011306027916177,-2.519402195018568,0.06812423920811086,1.7581013469216062,3.6037188857988713,0.44723884191966196,1.4962205487547537,0.030752927131602402,0.0107543274473672,-0.05466791651595474
1.1141202449798584,-0.7511641538881649,0.6824954157108571,0.3011335870068298,-2.5193937374402426,0.06817739119738263,1.7580965339766865,3.3731513898186236,0.4581946760120825,1.5762115010832316,0.03328448279063131,0.005820894252175717,-0.060393594908686496
1.116145133972168,-0.7511840956518048,0.6824739007968276,0.30113691378506957,-2.5193822954900376,0.06809559212832672,1.7581091218911225,3.6101195772701153,0.47451886539571464,1.343716817159268,0.03531408723813048,0.010550868176279751,-0.055914801487281625
1.1181693077087402,-0.75118321357257,0.6824893561729581,0.3011366022717801,-2.519388852954297,0.06814542601291144,1.7580898355907881,3.602262878336483,0.0975572247389685,1.3559359171413807,0.033053201820608655,0.011190379025886698,-0.05748763305368107
1.1201932430267334,-0.7512048937754009,0.6824630953033516,0.30113952675039085,-2.5194032868656104,0.06810340337052383,1.75811165380198,3.5863267877263434,0.4198843620317871,1.6286917581142508,0.02865368430478453,0.014659183908346841,-0.04705889666875074
1.122218132019043,-0.7512120254058623,0.6824654511448304,0.3011196593301906,-2.519434019223876,0.06813414378357514,1.7580957321759416,3.686757483655539,0.05573911918843988,1.519830123999984,0.030212114787361848,0.014612103434278987,-0.05572439552604171
1.1242420673370361,-0.7512175009281141,0.6824764706452793,0.30110653825730027,-2.519422375294714,0.06815505018641482,1.758063644652125,3.4753914125993646,0.35559154694253825,1.669659560792558,0.028797460742894,0.00995788917822266,-0.052021480775791364
1.1262660026550293,-0.7512253829458275,0.6824606430648622,0.30112402229205504,-2.519413178827217,0.0681072863902252,1.7581330029382307,3.5514380983354696,0.5770543507354644,1.259685230335525,0.031514874225821575,0.022159770269479063,-0.05275333672331266
1.128291130065918,-0.7512335520965623,0.6824578638491001,0.30112461901604715,-2.519405019644458,0.06807380537295003,1.7580878665103479,3.5214072495883677,0.5622997567287153,1.6784644765261865,0.033900066137474254,0.019265202702496948,-0.05677870574511471
1.1303153038024902,-0.7512525017864582,0.6824452928184639,0.3011123600812141,-2.519430092450313,0.06807726138487509,1.758104419137193,3.673523626222528,0.73190275548998,1.4674857606818714,0.03325170497913926,0.024045693465547913,-0.056094166533885735
1.1323392391204834,-0.751257249121798,0.6824477358313411,0.30108957254671087,-2.5194736898378496,0.0681394903250899,1.7581130114559491,3.6792694797002814,0.4975473543311035,1.5020736417823335,0.033197040383052566,0.021249372421537446,-0.0557280930704961
1.1343634128570557,-0.7512438964167553,0.6824664315426533,0.301130530993255,-2.519383403126065,0.06808465293274854,1.7581217431662477,3.6914212080464437,0.29697638020854134,1.4231827464961389,0.031159040471375514,0.015492672595238637,-0.052806453167809804
1.136389970779419,-0.7512660006229439,0.6824458253280944,0.30111935565486203,-2.519442060519597,0.0681129931575537,1.7581335877029138,3.625130223589577,0.0009988173829700853,1.2802356702265438,0.029422780496991027,0.011367038790782234,-0.05645056031148265
1.138437271118164,-0.7512671470354557,0.6824572935707615,0.3010766417347376,-2.519469397886707,0.06813638166252631,1.7580947146026753,3.6298587833193006,0.554511617353254,1.4309075470995376,0.032814808665317996,0.0070750100219949714,-0.051217235866268224
1.1404623985290527,-0.7512757217235468,0.6824601395326486,0.3010934657527957,-2.5194288782928203,0.06810961393050584,1.7580784692725624,3.6586820527425554,0.602005448410587,1.5467968448883072,0.033200455646066857,0.003875680407189514,-0.060290673765895406
1.1425063610076904,-0.7512794153835582,0.6824553969147729,0.3010822804928943,-2.5194373742268437,0.06807078462925772,1.7581267898286619,3.640071898106859,0.5553398663013337,1.5487007094942502,0.03531054708638769,0.014158377765233404,-0.05735435005676014
1.14453125,-0.7512720118353022,0.6824740313628392,0.3011000804525931,-2.5194395670053926,0.06816753410301023,1.7580966125440929,3.834807754680173,0.4536334343585461,1.3129346287746324,0.03396220330146231,0.018652954648095375,-0.0598824104786156
1.1465561389923096,-0.7512964380424809,0.682445779579726,0.3010950228397487,-2.519479921372124,0.06812657964351913,1.758103636118998,3.786538064189117,0.4831113028213115,1.6079155814854482,0.0326279546033304,0.01829594448656628,-0.0543952600931789
1.1485810279846191,-0.7513057972693469,0.6824455873924911,0.3011139164330245,-2.5194219336307104,0.06807596523949322,1.7581033127709498,3.5861748871760586,0.37423213822162604,1.5859299516710033,0.03079673362882415,0.01651976128413642,-0.055958566443159816
1.1506073474884033,-0.7512965016840929,0.6824570300185097,0.30108086781994503,-2.519456043782711,0.06810577781907928,1.7581169074525336,3.6373643216779334,0.28825531291560746,1.4091533552060358,0.031131197709874207,0.016788546995178993,-0.05785934529906945
1.1526412963867188,-0.7512930288708488,0.6824716718325409,0.3010996072660232,-2.5194346529547023,0.06815591899649474,1.758119467914481,3.558573047051254,0.377365705140014,1.33811882214413,0.03239360357008042,0.017134470011994776,-0.05561738536726784
1.15468430519104,-0.7513160840272652,0.6824572554754469,0.30109428436780195,-2.519421869557668,0.06805247324548562,1.7581515842223336,3.717567760837519,0.342518617048481,1.576760978278107,0.03323730932871741,0.01569134915656059,-0.0623324559849217
1.1567111015319824,-0.7513252696173729,0.6824500527164267,0.301095899871361,-2.5194280758886514,0.06806365982065932,1.7581434101113547,3.679366735164268,0.30852943360763735,1.5125318074568064,0.03553764066574313,0.01681760071929525,-0.06288228825441408
1.1587677001953125,-0.7513530455458302,0.6824321159950376,0.301095034483733,-2.5194346235349823,0.06802589468661675,1.7581348616566197,3.6343322968474694,0.4885603568403496,1.423360930489936,0.032155681496808634,0.014330977630655337,-0.05218583261956697
1.1607940196990967,-0.7513505317685154,0.6824478527024564,0.3011092016275085,-2.5193841815589657,0.06803361083072554,1.758111298753808,3.756513974490918,0.5372265291620872,1.8252400855520685,0.03477960504087372,0.012826136623930935,-0.05635951026299084
1.1628305912017822,-0.7513505317685154,0.6824478527024564,0.3011092016275085,-2.5193841815589657,0.06803361083072554,1.758111298753808,3.756513974490918,0.5372265291620872,1.8252400855520685,0.03477960504087372,0.012826136623930935,-0.05635951026299084
1.1648552417755127,-0.7513588032991483,0.682453866235476,0.3010735581143213,-2.5194308179068075,0.06807654901942689,1.7580901745855724,3.7840974986301417,0.6544742932930923,1.5489479520938962,0.03760359683156811,0.012094787327945293,-0.06329082576231909
1.1668899059295654,-0.7513596347178086,0.6824630525990472,0.3010668091361552,-2.5194249077634514,0.06809200188750057,1.7580724790530378,3.7723183115374996,0.4140925062691568,1.6402451422137756,0.03466198017497827,0.018252943214719167,-0.06669645560108702
1.1689250469207764,-0.7513721419431656,0.682446579177898,0.3010395683509772,-2.519485908815283,0.06809369640596502,1.7581113216520596,3.7048778623636394,0.539177298157492,1.644632529754959,0.031962352529388977,0.018398815380381423,-0.05622001156247744
1.1709983348846436,-0.7513923178786297,0.6824303476974136,0.30106042302968883,-2.519458714435976,0.06806031773565885,1.7581148001789237,3.8689269979430247,0.42513343109694096,1.7625293842135292,0.03306718322585904,0.018687414940559758,-0.056476673722698933
1.173025369644165,-0.7513923241984882,0.6824375153712073,0.3010468839453989,-2.5194804730707916,0.0680647902327078,1.758100355219654,3.9335536479953346,0.36376901395826167,1.3038106324372496,0.03189373255232654,0.023193455869960463,-0.05617557168489398
1.1750502586364746,-0.7513938530398976,0.6824457387029618,0.3010516993098072,-2.5194490938862124,0.0680581943400317,1.7581211663690324,3.8698012428631623,0.3700932048477281,1.4909175637939909,0.02637851193864665,0.019874736980329585,-0.05411293945039193
1.1770741939544678,-0.7513965234443499,0.6824532133608548,0.30101945162011107,-2.5194934054817657,0.06814172649778012,1.758095151674491,3.6846181684553083,0.25408736397779574,1.6502674800202146,0.03278309380387691,0.013623475390496131,-0.056016890797172814
1.1790993213653564,-0.751389840840178,0.6824637510784307,0.3010449360971107,-2.519442618660652,0.0681184809757732,1.7581033442747889,3.6190660853004557,0.4749720181437735,1.4979349941646554,0.030233159996401512,0.014500655206934988,-0.057984064133418556
1.181123971939087,-0.7513930517278479,0.6824630972252687,0.3010209438893756,-2.5194708825851895,0.06812478377727149,1.7580945106693329,3.6996712595311854,0.36047156591164714,1.426320062350157,0.036322559498999776,0.022441430237116807,-0.06410964413218952
1.1831483840942383,-0.7514047654659431,0.6824570195524362,0.301039896535499,-2.519449638127801,0.06807602675214133,1.758114274808496,3.632625485883063,0.41522637892880526,1.4464465123758679,0.034091294622994234,0.021279202490652738,-0.0515792766428365
1.1851723194122314,-0.7514122091124356,0.682454383502139,0.3010342689160375,-2.5194523528598456,0.0680792841511363,1.7580998098709757,3.614692583020807,0.10819193969549584,1.6479103655495897,0.027791536517373292,0.0173349314927487,-0.04843623247958886
1.1871964931488037,-0.7514269062737893,0.6824453051521241,0.30102803205387685,-2.5194713718336517,0.06805413686961913,1.7580902945961667,3.698305014225992,0.1290832324260846,1.8912652623372697,0.026277852170006524,0.018543406621956093,-0.04548837991217138
1.1892213821411133,-0.7514284737356938,0.6824487539761782,0.3010435506244677,-2.519445604916267,0.06805252738300849,1.7581285101604698,3.767626649534016,0.40062521975536225,1.7665399962263038,0.03351711231414872,0.030654250770191828,-0.048424939193980034
1.1912479400634766,-0.7514183769171628,0.6824666172540803,0.30104372847590744,-2.5193941721825532,0.06804159907987141,1.7581152785931542,3.771958061085077,0.4728658779078187,1.8822918331873775,0.035888758571757655,0.029976989637277324,-0.06518139552672314
1.1932744979858398,-0.7514460465728761,0.6824383267597968,0.30106475862900306,-2.519412994057222,0.06801059332279077,1.7581378689284117,3.922657973923613,0.4478683311786873,1.767045674686743,0.04005240828481758,0.023695488257346502,-0.07211855363487697
1.1953015327453613,-0.7514265328775038,0.6824711728864556,0.3010436575117549,-2.5194264579255194,0.06808186805817618,1.7581024437701278,3.8026299085264164,0.6575046567769638,1.503326370238078,0.033709654587248776,0.013940544714810476,-0.06397826589863391
1.1973285675048828,-0.7514627833265428,0.6824356861200161,0.3010263151875627,-2.5194737416293425,0.06804376214440876,1.7581200664885666,3.810722082381176,0.4376993300341578,1.455987420284256,0.02755283767259175,0.008408507481275583,-0.05479432222217798
1.1993556022644043,-0.7514443147837483,0.6824558030147062,0.3010222157900782,-2.5194753729399655,0.06809590770708786,1.7581443480355388,3.818244846136589,-0.02821828472740695,1.418118914281961,0.03184573600239949,0.013561987588801564,-0.05203104908677641
1.2013826370239258,-0.7514626931048058,0.6824419356860008,0.3010406030500171,-2.5194323080145318,0.06805898857248778,1.7581519109103705,3.779689081040714,0.013677857520903336,1.8669021069968323,0.03700992206030545,0.018550614334916928,-0.047708676445976
1.2034368515014648,-0.751453527422006,0.6824595505019314,0.3009984442187812,-2.519482072962143,0.06809452721640435,1.7580891313521374,3.745716386137701,-0.051114701848803956,1.904119718737585,0.036189223498743824,0.028952299244885696,-0.06152809911337649
1.2054636478424072,-0.7514559324179811,0.6824600858843352,0.3009965668892994,-2.5195070796088395,0.06810822771957477,1.758123273371247,3.7281092708827837,0.505244225932612,1.7147159360293516,0.03610845567098608,0.03128084678158215,-0.05117121965953853
1.2075154781341553,-0.7514423472961073,0.6824817683179726,0.30101860337378733,-2.5194449554514575,0.06811932781177063,1.7581115256193862,3.668211266288861,0.4629952345753631,1.7217465312588855,0.030300057527743333,0.01945743903001869,-0.05662828655488429
1.2095413208007812,-0.7514857729494242,0.6824387703989778,0.3009885625815165,-2.519493997882881,0.06802943595751548,1.758105807264086,3.690422569694591,0.22630665199470446,1.3030964298975083,0.0333961030298057,0.02147937918612943,-0.06389863966031899
1.2115662097930908,-0.7514818673279567,0.6824523397340524,0.3009884909497481,-2.5194825948762314,0.06805164566314632,1.7581193613636832,3.778595283551226,0.37313713490672135,1.7219672292780235,0.036058361105820294,0.009932886647295962,-0.05794843952583741
1.2135913372039795,-0.751452985556141,0.6824925658239169,0.30096256231819923,-2.5194958522077258,0.06818520527995273,1.7580695707787568,3.877133925941287,0.32345812399806817,1.4533163302363907,0.03114260264775634,0.010696359526336347,-0.05814462832797006
1.2156314849853516,-0.7514697412755194,0.6824723535235013,0.3009660042238903,-2.5195238901228905,0.06814807614221305,1.7581066343368534,3.8697168923381797,0.4059600087017379,1.5809336749876155,0.03233753961451635,0.012394951591591138,-0.060291428804780604
1.2176563739776611,-0.7514914687514458,0.6824530124174999,0.3009762046205077,-2.519514496418921,0.06813107207595334,1.7581053678476233,3.915278971813738,0.19574418121429793,1.540652268260373,0.03312669072839166,0.014184688607508128,-0.06982151264789782
1.2196812629699707,-0.7514556069013617,0.682501892145811,0.30098715663918896,-2.519461281502958,0.068184095108954,1.7580764169403107,3.9760122484427924,0.30763285288951486,1.8827729152879313,0.03712010388675787,0.003071088069763997,-0.06500877076531761
1.2217061519622803,-0.7514900440864666,0.6824638430745089,0.3009637317219168,-2.5195280955708435,0.06814667516409663,1.758101856913739,3.8406358090065362,0.6303311215560091,1.5898902684973173,0.0298057237606104,0.016370363652056484,-0.06353461933548814
1.223731279373169,-0.7514799242361389,0.6824814357113174,0.3009610024197174,-2.519512074714756,0.06815837472512687,1.7580802356354173,3.8430841019561304,0.49959540573613115,1.4530727906995553,0.034651393089987347,0.018130072348465174,-0.06954353158695564
1.2257561683654785,-0.751490169805365,0.6824709012622543,0.30099160175250816,-2.5194800748370976,0.06810125531109527,1.7581078178184388,3.8767673827241786,0.4140156366096344,1.4848179861031199,0.03737665567808702,0.016554576768208304,-0.06682234490222388
1.2277812957763672,-0.7514744854832304,0.6824912962340652,0.3009599627974687,-2.5195167778898657,0.06818618564852078,1.7580929944192525,3.904146295979991,0.4350628490085686,1.3948417909791715,0.041063576963708534,0.029564547774941635,-0.0653426511315292
1.2298059463500977,-0.7514854487127723,0.6824831455342214,0.3009581749095032,-2.5195005760911027,0.06818305410293594,1.758078653803397,3.826076751343918,0.4133075439660266,1.634764993878251,0.03499029698513313,0.02126637852170162,-0.06396105306054248
1.2318317890167236,-0.7514864659164663,0.6824928365705181,0.3009667659487355,-2.5194937485333644,0.0681929016347258,1.7580873065128464,3.8191120920297172,0.061783761968574824,1.8296185122823432,0.03365509465160583,0.008706756367366042,-0.06450675372299966
1.233865737915039,-0.7514879891833303,0.6824938354301251,0.3009508230274296,-2.5195044667402904,0.06818831122155819,1.7580804029738957,3.8506950242049807,0.3398703770134761,1.4544945106786358,0.03098521585529733,0.013178537034264666,-0.059589666600574055
1.2358922958374023,-0.7514930339236005,0.682482405909046,0.3009878791169669,-2.5194458254818475,0.0680733747436778,1.7580923598705955,3.9666696987754335,0.4277980853958432,1.4289934260883106,0.032920287599991264,0.01300421307916999,-0.060437221234379904
1.2379283905029297,-0.7514827815423919,0.6825062697355749,0.30092648702671326,-2.519527708443693,0.06824208307162122,1.7580644327686321,3.8989024160305124,0.3881890788049124,1.6674688786997682,0.033827468219457396,0.0078522413609427,-0.07016728829711957
1.2399568557739258,-0.7515151543844706,0.6824769190400186,0.3009425377693734,-2.519548000105845,0.06821960482825595,1.7580812818301839,3.848976198194598,0.5048774538612124,1.6433203053592518,0.034985904106187356,0.0093307700368948,-0.06909892846233863
1.2419915199279785,-0.7514851823254909,0.6825127220812031,0.3009764429257397,-2.5194941011686627,0.06827933234430641,1.7580945936893846,3.984712333405181,0.3703966696886848,1.6227208407664673,0.031525622017806426,0.017959645945818305,-0.07152079572896881
1.2440178394317627,-0.7515023298315593,0.6824931729564482,0.3009621104662601,-2.519493136798105,0.06816959331152612,1.7580598872883462,3.925299573654924,0.301106704555784,1.6173705596837638,0.04057961082268194,0.015199732710358647,-0.06940504072943197
1.2460527420043945,-0.7514912390418198,0.6825114001119673,0.3009606120994792,-2.5195034178474613,0.06824653198798485,1.7580667446123552,3.9701504840280903,0.2443259162007148,1.456165146064195,0.037237562089834045,0.013848555030031786,-0.06389569154392208
1.2480871677398682,-0.751503423025861,0.682495300563713,0.3009570900138818,-2.5194989684074782,0.06820849592665773,1.7580749505352193,3.9852809866043835,0.14121850229182192,1.7610877016385729,0.03376574775113664,0.012811006120841642,-0.06309070911345879
1.2501375675201416,-0.7515102685210988,0.6824875324851377,0.300965863012916,-2.519497177946693,0.06818443867332596,1.7580907421696634,4.153046841850465,0.44820901554815673,1.6600484601312566,0.032051509238185005,0.015153349121073136,-0.05786437573347284
1.2521817684173584,-0.7515168672774498,0.6824827496702477,0.3009580634058754,-2.519501875136158,0.06812677072150419,1.7580773830850505,4.0078019021880085,0.5313861848623276,1.6339396037661034,0.029933395015764336,0.014498308384861965,-0.056511530181815095
1.2542126178741455,-0.7515279328636918,0.6824891409411799,0.3009451760563965,-2.5195019981671503,0.06818823325162059,1.7580847903773535,3.979597248267897,0.3037510740140242,1.9066701639405228,0.032619200454522365,0.011177544928012548,-0.06170894164519987
1.256239414215088,-0.7515066669183753,0.6825022007310937,0.3009633949696961,-2.5194956393081207,0.06820989828452975,1.7581016748089242,4.0189816408934895,0.25023323094350636,1.5336332088781701,0.03544765605712126,0.016742894378145686,-0.06399718446799385
1.2582652568817139,-0.7515130033440136,0.6825007147180787,0.3009567165183533,-2.5195023331468476,0.0682431111383838,1.758086291015851,3.9490218974697266,0.5277521190740542,1.5851053053041657,0.03443622069707869,0.020557772690586538,-0.05775207201196542
1.260291337966919,-0.7515204948667135,0.6824861988712122,0.3009754076000588,-2.519488032033487,0.06814104801750097,1.758083685325126,3.9666537632636665,0.5641766861766848,1.5297146297751796,0.033381860979472155,0.022572557391165593,-0.0628463897585856
1.2623162269592285,-0.7515250490016218,0.6824977013117469,0.30096171651257053,-2.5194708602600144,0.06817717169727704,1.758069046077176,3.9897137677827605,0.32977739691661273,1.7729424498610387,0.038286155670879424,0.018599677756810287,-0.06330529321684843
1.264341115951538,-0.7515177940458501,0.6825084534441342,0.30098794738743917,-2.519420938937242,0.06814275670302003,1.758066474338748,4.058470848697848,0.4501605127357054,1.6484293067401963,0.03201862387265151,0.015941171968613114,-0.05960272857479366
1.2663676738739014,-0.7515347032915852,0.6824931484783979,0.3009407116714944,-2.5195184368562806,0.06821277514473867,1.7580682998503878,4.055189153360249,0.6421240588349915,1.7664131685060829,0.031175534812455302,0.010567336924215642,-0.05236222123237208
1.2684001922607422,-0.7515326178534202,0.6824985796708604,0.3009452926896766,-2.5195013164832774,0.0681958333698365,1.7580885376257622,4.040474931061972,0.5585944214901994,1.625341632978325,0.03273692242608283,0.014305832406742333,-0.056901361269583804
1.2704250812530518,-0.7515275956614118,0.6825028628903272,0.3009367680211122,-2.519515680369225,0.06821573061389101,1.7580616621444833,4.147243282009893,0.4472750227637044,1.6088749113649359,0.03496209146091196,0.020948800197901567,-0.0609110954499992
1.2724761962890625,-0.7515245535914735,0.682515060031318,0.300966183913341,-2.519452602616034,0.06821126611018828,1.7580745168199299,4.078289025430764,0.41771988324930626,1.8188774944113564,0.03569948422400277,0.02105994529362973,-0.0632678282683306
1.2745001316070557,-0.7515329190730138,0.6824994285851806,0.3009497278663261,-2.5194616382076527,0.06813204094769527,1.7581057672057316,4.044670100878887,0.38560890685966814,1.730361260726442,0.031105284651780474,0.018539161211169712,-0.06151878332813404
1.2765252590179443,-0.7515291501570034,0.6825045429316883,0.300961712712264,-2.519492995877102,0.06820282519303358,1.7580738040032344,4.090751265658862,0.34946686453962794,1.5235742832044572,0.027795682087705748,0.01567702229779982,-0.05325075383822685
1.278550148010254,-0.7515297054453572,0.6825104312042273,0.30096628404936376,-2.5194599267769084,0.06818372724170516,1.75809117601982,3.97683122004262,0.25796909192097794,1.7247456636104912,0.03284519160396741,0.010871988297169519,-0.056468593431213014
1.280574083328247,-0.7515416846352332,0.6824979322884238,0.3009508839974342,-2.519483995065554,0.06822127554631541,1.7581260192659556,3.9394541014570583,0.3327188547395697,1.7540477408726087,0.030087245076090265,0.01565131544148283,-0.05783239125062109
1.2825992107391357,-0.7515488275459756,0.6824890491042936,0.30096632519941713,-2.5195000140699673,0.06820259674661455,1.7580862682770109,4.013330494429952,0.23668212036000424,1.873778943360049,0.03557393523104855,0.019302635598261758,-0.06331994414445083
1.2846240997314453,-0.7515520687847401,0.6824876295625513,0.300956609546876,-2.5194962241894157,0.06813439357671958,1.758086263591843,4.062115277655896,0.5016142035378779,1.5899329757902965,0.030459270928431287,0.020758801055170653,-0.06266424105470957
1.2866480350494385,-0.7515397387441191,0.682511336971845,0.3009498449039424,-2.5194787227139672,0.06820773996967738,1.7580578501934492,4.352194598366016,0.20404524575244265,1.532207862722299,0.032794991490739854,0.023751422479871283,-0.06928638866512535
1.2886722087860107,-0.7515552374660226,0.6824946516121299,0.30093994554967096,-2.5194925750144814,0.06818763673969398,1.758088030423649,4.209118128554447,0.3781285473539803,1.7794369110696155,0.031249494128774657,0.01234901248212585,-0.06017323084608625
1.2906970977783203,-0.751551752611953,0.6824907240299717,0.30093570902424294,-2.519532903310989,0.06818567296134076,1.758101270142929,4.123522554393142,0.28749280080997863,1.5166618076281704,0.03427195118864223,0.012105767737168418,-0.062391468460155045
1.2927286624908447,-0.7515601436364565,0.6824986321207289,0.3009298711963965,-2.51950835745886,0.0681951136416707,1.7580468361424273,3.9493577969439038,0.48312661726938777,2.046485950311107,0.03385297241752121,0.011593718459379974,-0.06439927346300449
1.2947595119476318,-0.7515456324402964,0.6825116580047724,0.300947562520368,-2.5194946529054425,0.0681978685555843,1.7581130787940284,4.190099644274339,0.4459092466948883,1.4521502827020134,0.038169554938320104,0.02624110114247704,-0.06769720684957987
1.2967853546142578,-0.7515511235310343,0.6825021516829117,0.3009782400510572,-2.519435267419733,0.06814073470159264,1.7581131709173565,4.158182387294515,0.291896898056507,1.3575932148070238,0.03593569625828328,0.026167415984873287,-0.0698340103533536
1.2988102436065674,-0.7515441735937389,0.682514167726491,0.30096287207655764,-2.519463468297181,0.06821636098758936,1.7580835006668467,4.0041421233293555,0.47426603828008435,1.6523253257111385,0.033708183943189265,0.01098248835500351,-0.05985585284774724
1.3008365631103516,-0.7515406072139996,0.6825245289973572,0.3009176789558969,-2.51952631661116,0.06827990430106588,1.7580731814918606,3.8774497208524528,0.3942178172358861,2.0046441424715544,0.029616497261274372,0.004390776555192723,-0.06318592826173262
1.3028626441955566,-0.7515575444478765,0.6825043329237676,0.300952255728217,-2.519482078828373,0.06823171109318495,1.758111552885074,4.033679713801277,0.11116073401272897,1.5189802153448821,0.036349119646287814,0.014008738651690502,-0.06439334816006906
1.3048882484436035,-0.7515732324846985,0.6825000472317512,0.30092199721383855,-2.519503027682374,0.06818720333720708,1.7580845230174997,4.0342694898142195,0.2056870937277291,1.5022301155270452,0.03531748746796823,0.013328424123580401,-0.06521440455124046
1.3069143295288086,-0.7515874066574878,0.6824846740776651,0.30093351947497826,-2.519505023801819,0.06818026639105638,1.7580902178053075,4.097871207627885,0.1888841620712004,1.8522155563292673,0.03782759055362205,0.014933420906420532,-0.06725966612083538
1.3089401721954346,-0.7515683709618683,0.6825014297554804,0.30095479037857853,-2.5194546719752458,0.0681808496486471,1.7580670129094351,4.028708014898969,0.5114983924151897,1.9438483124560375,0.03661941441629382,0.015724459286959012,-0.06229631798480585
1.3109655380249023,-0.7515482802708809,0.6825320171400504,0.3009639494651196,-2.519441504638429,0.06823194358559717,1.758067001375573,4.245031207294139,0.35711810493156304,1.5526808469837294,0.03621446616267536,0.02897641148147898,-0.06910008817224234
1.312990427017212,-0.7515820985942541,0.6824882739997564,0.3009643837807888,-2.519458937376342,0.0681240166968292,1.7581103580414252,4.057682394700033,0.32963604778159256,1.5520091833937029,0.03856312015481865,0.022163883834994434,-0.07425469032864787
1.3150150775909424,-0.7515907403452196,0.6824806743443105,0.30094122374698395,-2.519510644224043,0.06817885980787,1.7580719258179887,4.014772314015298,0.45174124651312025,1.6775940084095682,0.04027187522590898,0.013455817917208516,-0.060887425095469815
1.3170404434204102,-0.7515846354488643,0.6824907047418577,0.30096393184328124,-2.519458439793023,0.0681213415720203,1.7580712045247004,4.04151047012588,0.4509295499403372,1.5532883415575827,0.030582167613838755,0.014373555203320523,-0.05766698177043718
1.3190653324127197,-0.7515750714424974,0.682511353388324,0.30093600767586465,-2.5194792280762073,0.06820495998085584,1.7580519219667903,4.234901720805186,0.42707634425869273,1.4395233912157335,0.03730818856971179,0.018662308052799424,-0.057623534277428105
1.3210902214050293,-0.7515804615007664,0.682500441310956,0.30093060650896897,-2.5194929238047634,0.0681847419435849,1.7580616401270037,4.021545449384555,0.4093431778300669,1.8155198710354548,0.03616831739395682,0.016069000232162105,-0.05727831391114857
1.323115348815918,-0.751601364017286,0.6824874308707386,0.30092155363172735,-2.519528078778425,0.0682123851866054,1.7580519524405827,3.997817889875236,0.39344438221261646,1.9040079278196915,0.034407071610644206,0.019332251904041316,-0.06705984114983367
1.3251404762268066,-0.7515822813982456,0.682499240637704,0.30094502326655814,-2.519489501847447,0.06818611585412516,1.7580824118897034,4.135107074493276,0.3853234522945856,1.5323247905170023,0.03851364510293082,0.02658893969460911,-0.06626453635173914
1.327165126800537,-0.7516037922868157,0.6824855772403386,0.3009374226195991,-2.5194983116314367,0.06816066806624414,1.7580922034201796,3.907795591404176,0.5597898126229353,1.902673060067885,0.03452658505143828,0.01927330178103814,-0.060798670147242044
1.3291904926300049,-0.7516002966474157,0.6824926756201855,0.3009384937224928,-2.5194907933894446,0.06818474368471703,1.7580804424313166,3.912387984254379,0.43019545609045473,1.7881654014408928,0.03039763862584162,0.01158191664192042,-0.05962785878543843
1.3312153816223145,-0.7515995916242937,0.6824962830984705,0.3009373831016311,-2.5194663243095294,0.0681357970519,1.7580781824246312,4.113126439484374,0.1837232794937546,1.5186143123440263,0.03141413969393997,0.020914857709198636,-0.06047563066490097
1.333240270614624,-0.7515913845275728,0.6824912819673417,0.3009831079907242,-2.5194464952800772,0.06813128192350462,1.7581246712417538,4.103749033133947,0.24503305307514706,1.4745543845832734,0.03480803820851838,0.02417820827250134,-0.058140858140562114
1.3352651596069336,-0.7516052290231725,0.682489914478527,0.3009400142181946,-2.519477177997299,0.06814742228044372,1.7580923868989842,4.046944819519827,0.12281080229927654,1.8805565287814088,0.031899986149980575,0.01787279251542069,-0.06284959685735016
1.337306261062622,-0.7516154724304529,0.6824850754101341,0.3009440779543951,-2.519461060236862,0.06814480437532174,1.7581149963860432,4.224528137661626,-0.012711596267612701,1.5411478828020284,0.035990173616929876,0.01852844539132445,-0.07016164476038245
1.3393313884735107,-0.7516030922894507,0.6824909937438387,0.30094511170027943,-2.519493605060431,0.06816381919449484,1.758096455779759,4.166895896036313,0.31044355773181714,1.617063281977673,0.039334237714812606,0.019488111576011526,-0.06064028407005687
1.3413562774658203,-0.7516134944711618,0.6824873688409426,0.3009377021934883,-2.5195022166061105,0.06815778236567291,1.7580746020425502,4.11309724228957,0.4695466093252148,1.5807778878222856,0.03204086363295146,0.022660232419380408,-0.06182374737442619
1.3433811664581299,-0.7516104268577607,0.6824954034510975,0.3009547039597392,-2.519433746943951,0.06810870717601888,1.7580625939261765,4.140314904168218,0.12120467247109101,1.7995928193741606,0.039799715290034544,0.018843992504449826,-0.07001972611093916
1.3454062938690186,-0.7516141428090568,0.6824878055572831,0.3009378196592637,-2.5194905882916636,0.06814996352130542,1.7581063534033534,3.9820643945256844,0.41623152973500066,1.9280839833230994,0.033954407207314984,0.018056846464503833,-0.06308794152647729
1.3474326133728027,-0.7516229282578725,0.6824794340168044,0.300984252368899,-2.5194347976495335,0.06811889538434247,1.7581146646139398,4.063465638519426,0.30298619369026863,1.5841837626584614,0.03446540097117662,0.02389903983676106,-0.060785917104428995
1.3494975566864014,-0.7516260272515292,0.682485510881578,0.3009449308150633,-2.5194505793642,0.06811267807416002,1.758103299206508,4.084642283230592,0.2217351425103838,1.856934018228815,0.032336393780936445,0.01741626159177105,-0.05985587588766042
1.3515324592590332,-0.7516036163433217,0.6825074456185314,0.30093471030152613,-2.5194891425921004,0.06820195235265186,1.7580846281574,4.117334184450449,0.0635643892711018,1.747807664561511,0.03662571668206711,0.018495068138812198,-0.0632199737247582
1.3535659313201904,-0.751611701454585,0.6824990652804354,0.30093329301422833,-2.519488400141634,0.06817537569433217,1.7581102140354605,4.155660665284375,0.37988170276469496,1.5830360835917217,0.03201077830564561,0.021867920482798998,-0.06163311762209982
1.3556220531463623,-0.7516126358924896,0.6824974003491692,0.3009185811882259,-2.5195040236008084,0.06816182848805995,1.7580827118596007,4.237219744461182,0.5757257645190827,1.6841888023201153,0.037147872574201816,0.021974301527848506,-0.058769358327636086
1.357659101486206,-0.7516332468641369,0.6824862520841116,0.3009736659286205,-2.5194256717413896,0.06811229825502237,1.7580851518446279,4.02902513278229,0.3941835349567678,1.7817680980134856,0.03485296221427428,0.016508670243630758,-0.06344192703478888
1.359694004058838,-0.7516259866433004,0.6824919582606297,0.30094713145789725,-2.5194672143507106,0.06814808888350911,1.7580860495401587,3.967818183834248,0.4111802664163927,1.7001193104600472,0.03749589253368598,0.019168963060582155,-0.06668047949992893
1.3617174625396729,-0.7516243953832853,0.6824954205547518,0.3009570101910763,-2.519466383660747,0.06815388079933626,1.758090005092986,4.161828337983184,0.29684277931150616,1.7351551661598237,0.03905841528864641,0.01992628579329574,-0.06943863862873535
1.3637423515319824,-0.7516203304007473,0.6825038845874632,0.30092820027971395,-2.519484956422838,0.06816844032466106,1.7580721983725918,4.257313149750092,0.5572243761918927,1.8040269744597608,0.03735412772135879,0.020888609283557222,-0.059753105638214885
1.3657681941986084,-0.7516542927080421,0.6824640141739777,0.3009281601792273,-2.519512644702027,0.06807782092533324,1.7581012488057306,4.136238522174142,0.23265993612781294,1.6632871403756038,0.036974046822755346,0.02201277125719518,-0.06048536637641652
1.367793321609497,-0.7516337755047338,0.6824921320757564,0.3009212088151839,-2.5195257625260634,0.06820905079738535,1.7580560308371598,4.08046873738627,0.4762976247555667,1.8457534186024698,0.03223248006691316,0.010900830772735442,-0.05762249532321481
1.3698184490203857,-0.7516483426274476,0.6824803506756172,0.30092606544157086,-2.519503417257723,0.06814131688115604,1.7580846156438827,4.194608490650934,0.39342293806481154,1.5245626546603945,0.035657115966370445,0.018823415486434444,-0.06065409717052604
1.3718433380126953,-0.7516447242293418,0.6824886487911013,0.3009369401742725,-2.5194532253306923,0.0681065857021857,1.7580639347697375,4.0368193449020255,0.5748913909418194,1.8178956679371028,0.02955983270640407,0.018289794640135297,-0.0634176911973852
1.3738682270050049,-0.7516355453632662,0.6825008673889879,0.30089911852699414,-2.519537639988614,0.06822495264879305,1.7580629415950084,4.25489248988918,0.22056211802374703,1.589885933715064,0.03641791402462422,0.023974790542653834,-0.07154016559015271
1.3758935928344727,-0.7516425602560878,0.6824924879270654,0.3009184439661689,-2.519506202349222,0.06817259581449582,1.7580600468122238,4.170152064006759,0.21496960680342908,1.8358510513056225,0.03393560638336162,0.017064397235110013,-0.07201400697232753
1.3779182434082031,-0.7516339260803548,0.6825071422861472,0.3009255378338964,-2.5194789286528465,0.06819985161958626,1.7580741523629249,4.099916826647616,0.473789646657768,1.8258794451772806,0.033281820401331645,0.022876607154090515,-0.06242556138905272
1.3799433708190918,-0.7516661148815379,0.6824725809622141,0.3009237903427824,-2.519496767556927,0.06813795400053291,1.7580920592808842,4.1456585707223335,0.3006370058992097,1.6979624511722784,0.03510291477492269,0.02372836865200842,-0.06433142904706866
1.3819682598114014,-0.7516482669536383,0.6825021659680277,0.3009223200441971,-2.5194760182585383,0.06817960791315955,1.7580610958774674,4.219435016692713,0.37873396493570954,1.8568098400521493,0.03826397326504923,0.018474190836351597,-0.06531295585823749
1.38399338722229,-0.7516713099091431,0.682475196933127,0.30090220484368646,-2.5195023965026433,0.06810347940249854,1.758101985211774,3.9748061525186613,0.2647692356554627,1.7193508890453904,0.037885004492839075,0.018621033158227464,-0.06898977095247398
1.3860182762145996,-0.7516563297401251,0.682488696589951,0.3009219992407865,-2.5194840894813395,0.06813387661312216,1.7580917468903408,4.1323284255322035,0.4700569647138163,1.7942264495602638,0.036441082863513545,0.018916389727055352,-0.05835694748620903
1.3880431652069092,-0.7516450508504794,0.6825098438645555,0.3009180928231824,-2.5194788574654146,0.06820932076344123,1.7580460849480055,4.246547825941244,0.35970554963299534,1.3551662802272373,0.03490910210445823,0.024436039574244325,-0.0627306358383174
1.3900682926177979,-0.7516509271215658,0.6824957480061179,0.3009354218924592,-2.51945666908056,0.06810026903635762,1.758130381897429,4.11906303993291,0.5076179042872643,1.8921260585722843,0.033439604746942006,0.013697507389731373,-0.06012258846937293
1.3920931816101074,-0.7516465526831575,0.682505655825528,0.3009206856784292,-2.5194949722455635,0.06823080625446981,1.7580997266803715,4.242697800827563,0.4670734542149975,1.83005207145596,0.039926348746809275,0.020480576587749388,-0.06345484473733846
1.394118309020996,-0.7516519628019969,0.6825090911796072,0.3009223304290204,-2.519478457858621,0.06819818372814765,1.7580637679160478,4.209227697048155,0.3739606381461148,2.0074760661073228,0.03330316244818046,0.020388218264748004,-0.06718204560320834
1.3961586952209473,-0.7516658297475614,0.682492096476274,0.30089600513859943,-2.51951767231859,0.06816654239472777,1.7580664621224915,4.1232380055963,0.3135998535873624,1.768847100763733,0.03780100442079473,0.02187649402123724,-0.06629704252149088
1.3981924057006836,-0.7516697007092517,0.6824887407242185,0.30093062104642376,-2.5194809694947944,0.06816598174919086,1.7581027961776508,4.047861244635868,0.38592979770520625,2.0086847693530125,0.036446306293410016,0.012669758340607256,-0.060540052392816464
1.4002182483673096,-0.7516695115355557,0.6824915129569797,0.3009401077472494,-2.519448810056358,0.06811688737103985,1.7581118057881684,4.13782605948377,0.2587606098517935,1.8210160130813313,0.03495954170841914,0.0151993933307633,-0.06455839164241234
1.4022705554962158,-0.7516669809902203,0.6825023212580197,0.300895794865173,-2.519477401967808,0.06815923319266842,1.7580815465434823,4.14533422517882,0.2614903514583716,1.532287483546909,0.03253084451907272,0.019152944458158835,-0.06254900542566859
1.4042963981628418,-0.7516790171215111,0.6824920516320985,0.3009366931150783,-2.5194365134448398,0.06806960362088513,1.7581114488257863,4.04331852094702,0.4316264166929921,1.9934886446190396,0.03165638681993493,0.014118491862758532,-0.06464595359508471
1.4063224792480469,-0.7516795377820373,0.6824899359557025,0.30092346851554086,-2.5194729218436684,0.06812438163642894,1.7581027266406253,4.22231011378156,0.45122603208457507,1.669622232029855,0.03623197749389709,0.02309262681556648,-0.059866000406461305
1.4083473682403564,-0.7516917331264299,0.6824698747588611,0.3009266456720556,-2.5194852102161645,0.06809522292270523,1.7581431309907882,4.1077487898410805,0.4146045858098389,1.589422842316675,0.03579736613821146,0.018857035520018658,-0.061540369502480194
1.410372257232666,-0.7516758185767389,0.6825070650352268,0.30093159495793914,-2.5194114819373716,0.06810089306812438,1.758059709050712,4.113165576607516,0.2172248771902262,1.780567973127335,0.037830769700454785,0.012980907980403649,-0.06595037531972821
1.4123973846435547,-0.7516808809490557,0.6824939454626286,0.30093764284032537,-2.519441740190975,0.0680961891726991,1.758102136734587,4.144968620193216,0.4779413892327121,1.887986970935184,0.03806381852522172,0.019858174104745056,-0.06396781216937411
1.4144222736358643,-0.75168200310535,0.6825070761170124,0.30092132345290074,-2.519449085312506,0.06815214192569168,1.758083242919194,4.157226897149469,0.3250143927567369,1.601251265803601,0.037530147790055146,0.028477739794833565,-0.07065465409669092
1.4164471626281738,-0.7516760368113251,0.6825120134763811,0.3009050826048388,-2.519473326627586,0.06814518621030148,1.7580769207684783,4.259130644085549,0.28062794438987093,1.6792720971893533,0.03404981986248162,0.024811496245222487,-0.06680859516238868
1.4187726974487305,-0.7516861745311747,0.6825058188444416,0.3009023516857957,-2.519477674898213,0.06817011272298586,1.7580570460143725,4.220001155527066,0.408416409219107,1.9042844041243012,0.03278379640525453,0.008775196021408992,-0.06059715709863975
1.4208531379699707,-0.7517127711091253,0.682479988156641,0.30088958286145834,-2.5195081179046284,0.06809383789482502,1.758089160033346,4.158596743596492,0.32225681670059453,1.678083372173379,0.034077490852967574,0.016726515621019174,-0.06411697148430054
1.423154354095459,-0.7516984325898466,0.6824941823177284,0.3008786603843663,-2.519519873826258,0.06815273971749015,1.7580807013471726,4.240283832657662,0.5426868379755073,1.7924216186928352,0.03504449544103393,0.01846756004361699,-0.06332934515483746
1.425178050994873,-0.7517061565634022,0.682496863835677,0.3009011852910119,-2.5194768150986486,0.0681254097111962,1.7580887159615055,4.231925824995491,0.5280232321082712,1.8723188980133953,0.03540364053519371,0.020678184795122775,-0.0668882422940003
1.4272022247314453,-0.7517295509416169,0.6824661489623749,0.3009171877615101,-2.5194907305686014,0.06807656645311,1.7581372021628014,4.278949016334737,0.4856002210701686,1.7330885977244312,0.03671263193938377,0.024898577557320334,-0.06575563944955921
1.4292261600494385,-0.7517265759640093,0.6824654894965834,0.3009041637589071,-2.519525296791667,0.06810718354690962,1.7581379063846752,4.361835238330979,0.47195104642171515,1.4474616946223755,0.038212686950905614,0.028207414462152178,-0.06001515900782267
1.4312512874603271,-0.751727321231799,0.6824755267841053,0.30089449798968243,-2.519518272141378,0.0681067881257811,1.7581320549593988,4.22881812877605,0.43854604143340475,1.58826232620655,0.03653160253591421,0.021055743147275537,-0.05466747418993552
1.4332752227783203,-0.7517220828724451,0.6824868058837209,0.3008662994079496,-2.5195231582913484,0.06812052931822428,1.7580796919095036,4.20078212749307,0.22706655847365786,1.797459750023105,0.030555236844614614,0.01636460455155465,-0.06661761212133573
1.435300350189209,-0.7517216951414863,0.6824860892578917,0.3009023989952793,-2.519485595371678,0.06810247719138912,1.7580921879666076,4.273162540497548,0.2781104808580374,1.8496989840329636,0.039354519294806864,0.019745080608695644,-0.0708256721345601
1.4373250007629395,-0.7517238994780879,0.6824889748445526,0.30089567356750346,-2.519501289413385,0.06814516837239928,1.7581090016170977,4.224917241545141,0.7433427654248219,1.9280220538860084,0.0328383631513428,0.021620864564395798,-0.06109161208256721
1.4393491744995117,-0.7517314380691796,0.6824731449713729,0.3008838993827566,-2.5195279743278096,0.0681006085877169,1.7581346680240957,4.383828709939472,0.4899004582761765,1.7408589020532586,0.034964831277116706,0.02039105930003127,-0.06492359207509005
1.4413743019104004,-0.7517110320119481,0.6825142569534874,0.30086212736539614,-2.5195413303432517,0.06822118213061118,1.7580877985670376,4.3577331557728485,0.46865223377670556,1.6986290195801343,0.03383524799308837,0.01742248584299111,-0.06623029215745653
1.4433982372283936,-0.7517334044904549,0.6824874265414022,0.3008821663625858,-2.5195084658861404,0.06814181133596142,1.758100312031038,4.387110473326402,0.3061597352670359,1.6999952172863713,0.032758536256236884,0.017987898246198734,-0.06972765190410854
1.445467472076416,-0.7517312489269249,0.6824940996052715,0.3009003968995147,-2.519484146640326,0.06812164794802641,1.7580890734590187,4.367559007231565,0.5616739500557373,1.5439738780803964,0.03333521252999194,0.024463986436163362,-0.05961342708715971
1.4474928379058838,-0.7517436178162358,0.6824855033194231,0.30086580838270033,-2.5195448178021986,0.06816850091930343,1.7580960265684804,4.340797135031414,0.2727130069189828,1.8373979861392982,0.03688156812536354,0.01654681217482942,-0.06687933720885779
1.4495182037353516,-0.7517438913750154,0.682499743698684,0.30086710054497934,-2.519492835382213,0.06812175726633059,1.7580520061325557,4.343425742355453,0.26987330787188657,1.804119242798307,0.035461481614046456,0.01524448846995389,-0.06440593620057106
1.4515442848205566,-0.7517536470798596,0.6824789880408932,0.30089138576680186,-2.5194993879083007,0.06810725513851427,1.7581124753695527,4.208625853600749,0.398796200343563,1.7338409785619067,0.041017261777843435,0.01886011511384213,-0.06567349531921518
1.4535703659057617,-0.7517482197454146,0.6824870124294392,0.30089636493781247,-2.5194823120233503,0.06809274040770433,1.758099018929484,4.274940470002575,0.302682457578522,1.486476487901518,0.0406322546246044,0.02316254560597885,-0.06949159513961302
1.4555962085723877,-0.7517491260698963,0.6824935386524438,0.30088582688363597,-2.5194613157430865,0.06808984168558614,1.758117366618077,4.267360680503691,0.6208029068872558,1.9883157946044085,0.034255797050878625,0.01643534741185191,-0.06591059931883175
1.4576213359832764,-0.7517793510273225,0.6824551331278856,0.3009028987511847,-2.519482017598765,0.06804511892537778,1.7581413943978206,4.277368323397625,0.431551168725748,2.1277440922419437,0.03865708620894089,0.015439253826443951,-0.06773691962131104
1.459646224975586,-0.7517640650605178,0.6824777691460424,0.3009109826281672,-2.519467463317894,0.0680962914483399,1.7581278322787137,4.392864676649936,0.4585485498017969,1.7204498106217418,0.03753148793888891,0.02279471400177361,-0.06625053430643539
1.461670160293579,-0.7517652880371375,0.6824754467083687,0.30090365581046064,-2.519468888168684,0.0680868322299916,1.7581404839437917,4.41340587757099,0.41828409708785724,1.8435293132193196,0.03906153935864191,0.014984616544910064,-0.06576230954155142
1.4636940956115723,-0.7517755267125908,0.6824726275832922,0.30089920933974373,-2.519503784222524,0.0681392602228908,1.7581044566918582,4.408389220249582,0.41225824399858535,1.8106729703432631,0.03744654941957434,0.015078625597348568,-0.060841302010611734
1.465719223022461,-0.7517746717346617,0.6824595174176779,0.3008841983018542,-2.519531253712762,0.06808864778213579,1.7581306651627915,4.522165623374035,0.44106414474768607,1.4455670032056351,0.037821044937210405,0.02154215731686756,-0.06610069941418927
1.4677810668945312,-0.7517720858795478,0.6824701523108831,0.300902288223735,-2.5194821002873646,0.06805195753941562,1.7581075226134246,4.1254297712066315,0.4449031628978768,1.7117595463241817,0.03468792744497265,0.018869263325117108,-0.06647060365933152
1.469806432723999,-0.7517825807301975,0.6824690873067006,0.30089296883268635,-2.519498062040757,0.068085163238719,1.7581165774393441,4.328067695589755,0.44250448294945444,1.8884344525366648,0.03598198040262763,0.02001980550671891,-0.0717618544655778
1.4718313217163086,-0.751787657099671,0.6824612626557348,0.3009058032736395,-2.519476081325647,0.06803538208142558,1.7581250277534382,4.317348219735871,0.4372997548906542,1.703101077203195,0.038189134060479905,0.019386003285156,-0.06920866852821055
1.4738552570343018,-0.7517737664397005,0.6824813903319101,0.3008803183135737,-2.5194923910032974,0.06808086004040216,1.75808564611131,4.3320977502056675,0.3230711556077425,1.9465749447538294,0.03584790528636577,0.02023485757482524,-0.0695119189322316
1.475879192352295,-0.7517827867192045,0.6824757402090256,0.30091679034973906,-2.5194462773280244,0.06803591635827773,1.7580992913598932,4.274948665748715,0.07964509484283627,1.8251772012864853,0.037025961080443294,0.017999470877378274,-0.07286542008195113
1.477903127670288,-0.751773977028718,0.6824894664073403,0.3008941495599833,-2.5194629536332602,0.06811921130125306,1.7580913097093267,4.4238274078914674,0.2510227304985905,1.8301175078914191,0.034780093451801185,0.02342521195245882,-0.07455119254054234
1.4799273014068604,-0.7517788904687849,0.6824801996582932,0.30088044196203106,-2.519502363837857,0.06811122221436278,1.7580569186710229,4.27688581832326,0.6500863448655709,1.8120766319848465,0.036481965136724546,0.018253343208640353,-0.06311043200388891
1.48195219039917,-0.7517876605840212,0.6824782271141894,0.30091324945325076,-2.5194462508294553,0.06806445294725558,1.7580917099995412,4.4148268612700186,0.2895804511749156,1.5880510025436145,0.03724856959542717,0.023279998279647895,-0.06898461216609769
1.4839770793914795,-0.7517929213184201,0.6824590056534128,0.3009023662604211,-2.519494483687465,0.06806614746875517,1.7581513595434566,4.315909412793525,0.37234041158806186,1.8126551604140486,0.03420323150383227,0.019206388145659267,-0.06740676734741781
1.4860022068023682,-0.7517903811259459,0.6824661630074395,0.30089612203475585,-2.519469290867775,0.06802647615334222,1.7581491799817912,4.509211961728078,0.39419272518308784,1.889669368894138,0.03991202282563784,0.01735976217904153,-0.05951613566668536
1.4880261421203613,-0.7517849906421439,0.6824760497838777,0.30091077032790836,-2.51943616824705,0.06802301721511324,1.758139956483484,4.352347904301241,0.28589337792947256,1.9345136495464417,0.036254111729471766,0.01951956704479409,-0.0661244835715688
1.4900500774383545,-0.7517881601979703,0.682483250102254,0.3008961818483758,-2.5194676496603687,0.06809809976860694,1.7581027402423839,4.402580549296376,0.3671165675140828,2.055744243537431,0.03697671187775285,0.02189523259036413,-0.06955967892809621
1.4920742511749268,-0.7517822664257494,0.6824889646531431,0.3008883055972407,-2.5194889265026568,0.06814140915844115,1.7580966715928066,4.448010872543999,0.41387376997069364,1.7655932877761111,0.042558778303028094,0.02512244558556127,-0.07043837480805562
1.4940991401672363,-0.7518017998710624,0.6824632740369103,0.30093637047915484,-2.5194274749944,0.06802510174482145,1.758162708220291,4.469503831675933,0.5992664723771188,1.7546448579981555,0.044246729837565654,0.026715906720366916,-0.06923723286645032
1.4961247444152832,-0.7517944342001334,0.682476931957962,0.30088012600189856,-2.5195005035189446,0.06811645697038142,1.7580802150673,4.424156452135671,0.5082712056568202,1.4601401389019284,0.03437634556002865,0.025995746912497442,-0.069064474059439
1.49815034866333,-0.7517973180843089,0.6824723535991022,0.3009055579053352,-2.5194659797783756,0.06805980891799154,1.758112034831284,4.354730773122706,0.39901962073006997,1.9149734662178648,0.03545626817410921,0.01264582905062108,-0.06650917238818334
1.5001757144927979,-0.7517944914791934,0.6824747080622576,0.30089667888455335,-2.5194566235885545,0.0680401525622893,1.75810370198983,4.4030099248765735,0.344820469485426,1.6824463885674816,0.034507638634841985,0.021384629629858837,-0.06281050971423405
1.5022013187408447,-0.7517898819019615,0.6824852461238025,0.30091700687425094,-2.5194457196047644,0.06808223282982087,1.7581131342087373,4.233133155498417,0.3753992998448129,1.8407898151168716,0.03331705794133078,0.021386518236991222,-0.06564969610326445
1.5042262077331543,-0.7517846953477982,0.6824939910829089,0.30089527607421146,-2.5194582481430614,0.06810300553949071,1.758095357392724,4.212212750453968,0.3882816570539012,1.9014647291449374,0.039281848677611926,0.02183448000098436,-0.06616927633166905
1.5062501430511475,-0.751781892381377,0.6824975676687756,0.3009132001242288,-2.5194279802479955,0.06812648850611128,1.7580888218371777,4.09414257099013,0.3954720820664369,1.9829775488436239,0.03624321575303289,0.014321673491150953,-0.06390860539921157
1.5082740783691406,-0.7517927040767818,0.6824857887644957,0.30092738890445164,-2.5194136754662515,0.06804727735870643,1.7580986557473313,4.285741572691919,0.34717463153760564,1.586806264181596,0.02974349682378477,0.022583681047585173,-0.07143213075927889
1.5102992057800293,-0.7518058236456001,0.6824648205242948,0.3009249134014482,-2.5194403131705143,0.06802678306646318,1.7581293461685124,4.341271283571585,0.40679998230998077,2.038496848418056,0.037315906789072914,0.015815838680404544,-0.0701375169859093
1.5123231410980225,-0.7518011629358174,0.6824866930248475,0.3009016486833661,-2.519452678421589,0.06810461364980813,1.758092971636041,4.287594417313386,0.5533733279570278,1.7955824804961706,0.033011178160658,0.019626580515907485,-0.06473914055208797
1.5143473148345947,-0.7517812180561798,0.6825072982733267,0.3008855798887953,-2.519474813336281,0.0681325777887049,1.7580784228430673,4.389001426139801,0.20788468159371937,1.635022283878521,0.0406026537190772,0.02414879919153008,-0.07085964485578386
1.5163726806640625,-0.7517838867529856,0.6824994199877387,0.30089452254255755,-2.519450166631955,0.06810638896795955,1.758097491962962,4.444591164748652,0.5117978582591045,1.7860661067933397,0.039040529349034944,0.021481149578731342,-0.06424538847725049
1.5184040069580078,-0.7517997461261052,0.6824852931642029,0.30090456154636736,-2.519462233977481,0.06809331405510802,1.7581251295316929,4.301326532813563,0.4412066279848552,1.7119592219533248,0.037426625766457104,0.016343944651820347,-0.06634543772851603
1.52042818069458,-0.7517994344564649,0.6824769056823972,0.3009053775382706,-2.519453401097528,0.06804242629124105,1.7581354662111752,4.310709119370362,0.17321324240453118,1.9283055303445062,0.03129648938936703,0.017933824383218715,-0.0704720083994207
1.5224521160125732,-0.7518073915655114,0.6824750264616388,0.3008993426158679,-2.5194737648758845,0.0680771697099537,1.7581300021439965,4.463370860682427,0.3062443045003523,2.0194982547593483,0.04151227425855013,0.018392630929689662,-0.06748507441507781
1.5244760513305664,-0.7517868857068999,0.6825097187937179,0.30085525651104683,-2.5195121195668846,0.06818655367535066,1.7580615105962087,4.354076620071789,0.6065269100244204,1.8320431066292355,0.036825144166028584,0.02008694543612614,-0.061342333123581845
1.5265028476715088,-0.7517956518120782,0.6824950581474634,0.30090384407874493,-2.519443982658088,0.06810860167553656,1.7580975737154592,4.397653400337125,0.38352567182012753,1.6723249535602496,0.03529246327509145,0.023654985605007957,-0.0686686852843434
1.528534173965454,-0.7518244717182789,0.6824591895980473,0.30088907316150554,-2.519488830297567,0.06804839562559101,1.758141683018395,4.485815966547474,0.17394074086624345,1.966919214255519,0.038004322300019606,0.02075984882610055,-0.0739592708320771
1.5305593013763428,-0.7518080050169518,0.6824835869754445,0.3009259025562378,-2.5194112739286942,0.06803288346191572,1.7581169237964644,4.433391372350787,0.29885906435301507,1.6587079629264485,0.04036002976252469,0.02491171469160775,-0.06963444194680922
1.5326201915740967,-0.7518085548617426,0.6824761928239179,0.3009019667223359,-2.5194791069055285,0.0680856171659926,1.7581128647738358,4.459866467878575,0.25171821476787815,1.693584045143941,0.035487417576077276,0.02400206473788007,-0.06767330929798161
1.5346472263336182,-0.7518109182114331,0.6824855988599399,0.30089310229742183,-2.5194646963011236,0.06809645650597969,1.7580827464330406,4.4525636452935,0.3856296161500173,1.8456216101595766,0.03380258042630513,0.018948407358711367,-0.06526348308909771
1.5366747379302979,-0.7518091120140069,0.6824803554281695,0.3009027683432932,-2.519486508579929,0.06811642640314491,1.7581116604017135,4.512467088458774,0.4325833891537103,1.8233600684076041,0.03555578352789747,0.018060788515114987,-0.06203560267358542
1.538703203201294,-0.7518167438884322,0.6824836014039412,0.30090998820208714,-2.519428859085798,0.06804917868798303,1.7580742803146496,4.504692855317023,0.3042445344483837,1.4991435039045513,0.032220205863763715,0.022679113325089675,-0.0693393799171546
1.54073166847229,-0.7518188451220605,0.6824769310890045,0.30088455872610276,-2.5195015610557556,0.06811199518817082,1.7581035784519643,4.320888081429905,0.42046560621544926,2.0074376077417737,0.03287086825565678,0.016094415249457886,-0.06507766826245626
1.5427618026733398,-0.7518062634037561,0.6824854246996089,0.30087793122943274,-2.519501293235487,0.06810468400896981,1.758105589810255,4.439676039210029,0.29914676493524633,1.8556778324119623,0.034962235943051374,0.019360753031672555,-0.06737438202119826
1.544792890548706,-0.7517994717656695,0.6825034175945369,0.30090486107830106,-2.5194462295839797,0.06813697738187831,1.7580844249269485,4.431353892840861,0.3317343526745155,2.0247346877445707,0.038018860328550286,0.021812847639726855,-0.06679299016463094
1.5468218326568604,-0.7518217230707049,0.6824826879383886,0.3009049999459542,-2.519447961764478,0.06804355103070545,1.758101770167529,4.354088389325601,0.27087748864413524,2.2051235639106066,0.03946407073315137,0.02054100984535276,-0.065730307987176
1.5488512516021729,-0.7518069064547582,0.6824957581374546,0.30089740852375535,-2.519423649044865,0.06808240753800901,1.7581047637277538,4.419855163973994,0.29215725220743793,1.818715772880826,0.03687774785207454,0.024695571819240043,-0.06408638680135002
1.5508835315704346,-0.7518108286228835,0.6824891843977478,0.3009007564842031,-2.519439627396065,0.06807805262191481,1.7581222311443478,4.398990328533877,0.03695035001303976,1.775339018437681,0.036116210861645646,0.020048431926995465,-0.07055681278653625
1.5529096126556396,-0.7518079113996455,0.6824999960691601,0.30085441070351404,-2.5195265038895585,0.06818929586443495,1.7580885650602243,4.4424938164611785,-0.07648240438113885,1.8026288596057816,0.036340402953820496,0.021653107532929414,-0.0696172829241254
1.5549356937408447,-0.7518186719733774,0.6824879806576135,0.300854900198796,-2.51951583314797,0.068133283409617,1.7580883594030698,4.335111364979422,0.24573026454115288,1.7959794180399675,0.036822174155997534,0.020464506122712587,-0.06790528956963854
1.5569627285003662,-0.751831526472349,0.6824677675866888,0.30091089513344826,-2.519449518838596,0.06805196984020054,1.7581091941391689,4.270169602063662,0.2932578252335701,1.8577577132756833,0.03564010299138532,0.0239879985286458,-0.0659279926233917
1.5589897632598877,-0.751808609525574,0.6825014063951844,0.3008849396496048,-2.519480053442361,0.06814542471238076,1.7580460456102343,4.275932987254754,0.3028835463957466,2.1341500140492062,0.03973033080470077,0.019664739956391793,-0.06532951770694735
1.561016321182251,-0.7518189705251082,0.682486699599111,0.30087561361822535,-2.5194942618921083,0.06813044647349784,1.758106211868745,4.3583547988286595,0.31420681800979827,1.816520634915221,0.03728777335547971,0.02478943555401169,-0.06699581402422213
1.5630414485931396,-0.7518008933415568,0.682507780129041,0.30088407964788644,-2.5194854718646402,0.06819797799069896,1.7580851403469326,4.395302707029852,0.11003896359986287,1.461722896083274,0.03660203271636145,0.026687332996442742,-0.07039630355562825
1.5650672912597656,-0.7518029462258794,0.6825033094529385,0.30087512991615667,-2.5194943080478276,0.06815295220580327,1.758113833166384,4.386104090668501,0.3349920609364583,1.5624934319217816,0.03702667988310687,0.023283072094970856,-0.05720242451251412
1.5670921802520752,-0.7518127280513484,0.6824999997295161,0.30089864729725946,-2.519440390404525,0.0681055751938684,1.75810834253554,4.288646183882299,0.2578200583115068,1.9977653949331051,0.03614205306924957,0.0175806451219341,-0.06172742883728475
1.5691163539886475,-0.7518194032652622,0.6824895149853702,0.3008850236244214,-2.5194956850544608,0.0681507578579954,1.7581076105471836,4.306665586763717,0.28044555080848493,1.9136879464965968,0.03570616050240051,0.018722999370671824,-0.06461427908765988
1.571141004562378,-0.7518238787521628,0.6824776961253988,0.30088502749240803,-2.5194795924037328,0.06807086413791616,1.758131618950916,4.250323725788182,0.4110513340787004,1.9172838321321293,0.036112597171547745,0.02022117320907986,-0.06306172941211974
1.5731651782989502,-0.7518000041522923,0.6825182527697228,0.3008788670752307,-2.5194564552624787,0.06815786299370395,1.7580848695391227,4.3730305166102825,0.3676573020433865,1.914394066213016,0.037050916459314666,0.02456554992365019,-0.06546064888513303
1.5751903057098389,-0.7518213740103945,0.6824883918003731,0.3009060002807975,-2.5194524248692343,0.0680958241090729,1.7580996203054018,4.226284720905133,0.3528337851908398,1.638972998027739,0.03419935103871609,0.026073218331348024,-0.06638752597952458
1.577214241027832,-0.7518511690246893,0.6824607848097588,0.30088852097589847,-2.519487648116799,0.0680540084081132,1.7581308021445994,4.282705539743834,0.31250145260294926,1.948457244172091,0.035900794308422745,0.018186534462242034,-0.061237309672192146
1.5792391300201416,-0.7518239895313337,0.6824923164098061,0.30088051523449183,-2.5194681609340357,0.06811885106772203,1.7580839087408446,4.258542379079575,0.33224735748451967,1.8525566863182863,0.03308538337005473,0.0207768693499234,-0.0602680889587613
1.5812642574310303,-0.7518001038888492,0.6825184476534928,0.30082825893832654,-2.519535547706509,0.06822296270145072,1.7580708063477255,4.438529777170068,0.3199309132808799,1.6119764591102315,0.03549168269737408,0.0245558784373517,-0.06494967839397339
1.5832881927490234,-0.7518299776970072,0.6824869249154586,0.30085932762700224,-2.5195200516178136,0.06813551518439902,1.7580956611877345,4.388986535835317,0.3474167699031608,1.7660863726828357,0.033159079285915855,0.02263399891378646,-0.06292798407038092
1.585313320159912,-0.7518085697122369,0.6825225841812517,0.30088962774769973,-2.5194229839652613,0.06813051073144297,1.7580394754827875,4.316319624361896,0.31958244713308376,2.1194537636065682,0.03452053125021552,0.013245124390928002,-0.06044985188770621
1.5873382091522217,-0.7518195629955597,0.6824978012786315,0.3008765106919826,-2.519469657857397,0.06812607967426389,1.7581064421178312,4.363724259389985,0.3850788464573809,1.7137252730092667,0.03488251701010562,0.022104005701099536,-0.06541551167634185
1.5893621444702148,-0.75182341855022,0.6824939014584436,0.3008665595054824,-2.5194809781937373,0.06810979486578443,1.7580847137637075,4.5279678805713885,0.2798097119837645,1.6736748020983725,0.03697329542535213,0.02531903315948517,-0.06822917169217314
1.591386079788208,-0.75181445908307,0.6825123194345142,0.30087042942598324,-2.5194642096369178,0.06814040913607938,1.7580779720177901,4.3781609974965185,0.3609340525551338,1.9617538875242724,0.03688010090517818,0.020239666353092604,-0.06431613374336986
1.5934112071990967,-0.7518228942032739,0.6825058322845152,0.3008932061646785,-2.519414842079654,0.06805372479393677,1.7580726907833,4.488209230810132,0.24501883657581308,1.6923989753532505,0.0390720845543424,0.024133101824763283,-0.06812412747281615
1.5954363346099854,-0.7518235596590856,0.682510162242324,0.30083725695736824,-2.519512608633289,0.06818440933884239,1.7580674569026742,4.418097487289595,0.3329336062140083,1.829752191648862,0.03892309183241216,0.020955341100339326,-0.06463757900955024
1.5974831581115723,-0.7518249899130776,0.6824971223556903,0.3008656627232404,-2.5194982725849115,0.06813494758499582,1.7580864872489161,4.448576278924117,0.36846298774514163,2.076245917768118,0.03119590148913994,0.01657212023553202,-0.0589753833058899
1.59950852394104,-0.7518388742435844,0.6824917143403562,0.30087295567117145,-2.5194374683400103,0.06807446893170951,1.7580916568978255,4.515856712075623,0.16348848072069255,1.8071361653980653,0.035591045397808135,0.017687111012337706,-0.06796165433758625
1.601534366607666,-0.7518266103981385,0.6824958483547168,0.30089311071566144,-2.5194752326475953,0.06814782138941335,1.7581223956562424,4.4886046813946345,0.3205111268802962,1.9054464142950747,0.03740520959388974,0.016978486353727493,-0.064133434239913
1.603560447692871,-0.7518385602822991,0.6824905339173455,0.3008595171561508,-2.5194822247146083,0.06809453732931894,1.7581004779143548,4.3055716631844705,0.43596646574605463,2.0225616991333144,0.03925805110258912,0.018435026812021332,-0.06415207953829899
1.6055855751037598,-0.751816647566269,0.6825152284652891,0.30085299842413743,-2.519505285984706,0.0681953222869294,1.7580860455822154,4.417168764434912,0.3665784828925021,1.7708176114560767,0.03897949668352644,0.023231574466044288,-0.06430856397696735
1.6076114177703857,-0.7518133926826077,0.6825183168079506,0.30088286110702467,-2.5194618300647904,0.06817437974949359,1.7580903591214572,4.629974283629239,0.15539002195597063,1.6311336320531415,0.03730272441245744,0.027432613134405228,-0.0700891910773891
1.6096372604370117,-0.7518032427742822,0.6825341865229053,0.3008642177706031,-2.5194597836675636,0.06817805705483033,1.7580569631234975,4.238062856892919,0.3092181429632628,2.2257040081934205,0.03515237706100419,0.01106478155037961,-0.06342793209728104
1.6116623878479004,-0.7518265265460867,0.6825112921245343,0.3008591399494338,-2.5195048374111075,0.06819043203108932,1.7580927283094063,4.2026274136227215,0.5659352951155523,1.9859388507067943,0.03520650679585312,0.01418579659180227,-0.05646622399498888
1.6136884689331055,-0.7518126642001259,0.6825292523678184,0.3008427296993649,-2.5194903937555506,0.06820245385683162,1.7580408680865676,4.386173050024087,0.38156703836985395,1.8911571005972814,0.03959305834049286,0.017207735123981077,-0.06285922191015955
1.6157143115997314,-0.7518276071890174,0.6825037393735814,0.30085636321190545,-2.5194730308105244,0.06811480697344435,1.7580860192347423,4.552788465596163,0.46731579559756714,1.7615614488292894,0.035625900895146057,0.018096875102473788,-0.06603994993669496
1.617739200592041,-0.7518196327837842,0.682513717796791,0.30083798928256944,-2.5194968441386485,0.06816421280543858,1.7581042818845405,4.505599081233864,0.4358445322551065,2.06979422717961,0.04182557638613009,0.01984752178873043,-0.06313309196682174
1.6197640895843506,-0.7518304379636186,0.6825099670977256,0.3008558311060464,-2.519472636890167,0.06813246342578254,1.758063492142025,4.534303700413295,0.36359924010683453,1.9044520050983116,0.03138152042364671,0.018653153277735885,-0.0659472138586675
1.6217892169952393,-0.7518325990237436,0.6824973308371489,0.300862073620957,-2.5194907362325933,0.06813509806213326,1.7581182015743997,4.512352964961256,0.30150385654334316,2.0417214631919567,0.0378075956419499,0.014058545594671512,-0.06360633160905879
1.623814344406128,-0.7518194330833442,0.6825228881869158,0.30087283139144844,-2.5194722843779727,0.06816594810427289,1.7581087669436968,4.473224866966116,0.33377664064232576,1.7752804496586114,0.03566486480363687,0.022456792574629656,-0.06299630403375062
1.6258392333984375,-0.751823535888587,0.6825115923308537,0.30084391747690054,-2.5195333023044553,0.06821141616717345,1.7581110917014793,4.368644592868364,0.41789871993005345,1.8181837271289858,0.03490295314227416,0.021325917695525852,-0.06268991803421714
1.6278643608093262,-0.7518117242106461,0.6825269520148887,0.3008873776872262,-2.519431173141484,0.06813374401365889,1.7580661704702925,4.343874496991744,0.17913324583556123,2.2776472728150896,0.03760550733192271,0.01814627501040104,-0.06982308480330672
1.6298892498016357,-0.751841590850756,0.6825004295659065,0.30087315194980646,-2.519450566934808,0.06811567943489348,1.7580816363959606,4.393872160669432,0.38289675825099256,1.9932807202656913,0.037144299315724646,0.02656636653088887,-0.06401542804981043
1.6319141387939453,-0.751837121650688,0.6825100532123356,0.3008308201152108,-2.5195276966366436,0.06819893130250225,1.758062079425373,4.3240039514203295,0.2347318061231224,2.0131417112868633,0.04053369144976866,0.023294553554164498,-0.06944086559032805
1.633939266204834,-0.7518148079547711,0.6825251193148989,0.30088032781873464,-2.5194368265429574,0.0681500413602462,1.75810057844947,4.4035141879405995,0.24757293788277612,1.9773612779054497,0.037872151460072466,0.019374931495400535,-0.06663255086691013
1.6359632015228271,-0.7518345537638778,0.6825071032515118,0.30085186919794704,-2.5194973036555637,0.06815664763301767,1.7581025779242572,4.504126937437523,0.14772540085638253,1.9269898977706745,0.04150624570520825,0.015299410903233189,-0.06318531731113068
1.6379880905151367,-0.7518407356137103,0.6825002301457943,0.30085390281630053,-2.519469082069528,0.06808240349200712,1.7581046031821232,4.6032528490322955,0.3907697526640328,1.7276903379365833,0.033281104552478985,0.021260384303125417,-0.0607868707306507
1.6400129795074463,-0.7518476770657254,0.6824956117854118,0.30088594183041106,-2.519431521349931,0.06806586004412665,1.7580847414461236,4.408115907823722,0.29299030218458594,1.9780372933777346,0.037484870273652306,0.014990662891316035,-0.06322614052131527
1.642038345336914,-0.7518363165023634,0.6825089907894141,0.3008904458495336,-2.519437825202672,0.06811492975159011,1.7580970280753847,4.425063795827732,0.447915113613111,1.8938554123001907,0.03792649100367401,0.022113527947960232,-0.06491621559378707
1.6440632343292236,-0.7518328450820917,0.682517728049629,0.30085677970382196,-2.5194966974580204,0.0681873094881279,1.758064577446092,4.333659308506348,0.5507646871618512,2.103513283764759,0.03666030410820771,0.024573581260835933,-0.06299513251770233
1.6460881233215332,-0.7518362306105772,0.6825103347881956,0.300855658099265,-2.5194983853429873,0.06818028478053094,1.7580878005059535,4.449476300173749,0.2493500956226803,1.9504936147037886,0.03983361933775198,0.0299894899126799,-0.0682192831512766
1.6481120586395264,-0.7518485503097962,0.6824952078366293,0.30087211903295047,-2.519473106501708,0.06812074799424368,1.758117535913466,4.499842011622059,0.2617354089756326,1.8570407386987342,0.038942775046204886,0.024872995542600564,-0.06685474436419692
1.6501374244689941,-0.7518246641934889,0.6825183201895696,0.3008562980878315,-2.5194832264366087,0.06816070715686594,1.7580987690925396,4.459681228324593,0.4316291085166067,1.7632746020846521,0.03722175696412743,0.019837459230024848,-0.05787089798063709
1.6521635055541992,-0.7518452700624114,0.6825016738857784,0.3008361648032933,-2.5195226930209693,0.06815050279660377,1.758080365798957,4.351514408742093,0.25485991352167586,1.834001923644628,0.0371989650259413,0.01333599448120287,-0.06049923926433453
1.6541893482208252,-0.7518369057414608,0.6825086273477553,0.3008663917183907,-2.519468055874905,0.06813509416042234,1.7580952141662025,4.398071912139122,0.3585476861801044,1.8912867270145548,0.035658089422952066,0.015441403901566553,-0.05897937233931756
1.6562159061431885,-0.751846744553958,0.6825011043136343,0.3008228990074088,-2.5195208331372347,0.06815258791401081,1.7580955166028633,4.459657228716204,0.4241503743337585,1.778591427780476,0.03966555796786168,0.016662915572182444,-0.061077406019912975
1.6582505702972412,-0.7518369347260269,0.6825183056155538,0.3008558462824237,-2.519480937353263,0.06815920954542826,1.7580888259532286,4.482189308223879,0.42478069915077643,1.927808141933074,0.03755781051810099,0.016423043948001034,-0.06727937538075003
1.6602773666381836,-0.7518353577116265,0.6825151541875286,0.30086237153523443,-2.519479991423703,0.0681653831127572,1.758092225683199,4.299617409580535,0.4425457210057565,1.9599525354336271,0.03763222751955149,0.019201724366893012,-0.06170622307233674
1.6623218059539795,-0.751840242480108,0.6825139817564388,0.30085355533572955,-2.5194730296444554,0.06812473711415767,1.7580925454862222,4.503142239017037,0.5096367630577547,1.7367399906098024,0.03920322820062512,0.024487764476611017,-0.05950090400807472
1.6643407344818115,-0.751840537016934,0.682511029922979,0.3008557646327845,-2.5194932549132103,0.06815876810087011,1.7581103698382698,4.348671877815796,0.1719658601419478,1.832937899298666,0.03341735498943674,0.020235202184147316,-0.06964597195400545
1.6663599014282227,-0.7518331820816672,0.6825225842184428,0.3008747669952373,-2.5194499196134434,0.06815086993479078,1.7580806095412915,4.348735397307286,0.4136344192312046,1.8983653856485532,0.03728331162248228,0.01366402759274187,-0.06033922925539898
1.6683778762817383,-0.7518396821493722,0.682519928783512,0.30084708934366816,-2.51950392943856,0.06821025170705435,1.758062907114548,4.226598419057815,0.2726081798703339,1.7324177683657214,0.03317721066117853,0.01793425598232806,-0.05618524416735105
1.670395851135254,-0.7518440756386987,0.6825148580985125,0.30083666135461995,-2.5194992622546573,0.06816298021927521,1.7580665645680997,4.27496040274746,0.39137082169581666,1.5598782945422982,0.034357076398128204,0.01850944885644966,-0.058630655451406846
1.6724135875701904,-0.7518512664790973,0.68249786620736,0.3008754578033627,-2.5194669787407484,0.06809510457877366,1.7581194642952849,4.38074613495724,0.42091295838086623,1.702005684306991,0.037709508224101636,0.014484098972231668,-0.05776468485233382
1.674431324005127,-0.7518477698221864,0.6825128954201052,0.30087849689844887,-2.5194493305227894,0.0681297829570717,1.7580885855896256,4.414555187479142,0.21712358927948977,1.9630392514435115,0.033537631803724786,0.012677345509989666,-0.06374096807261527
1.6764492988586426,-0.7518433011858441,0.6825281605224292,0.3008491069143378,-2.5194674959208596,0.06815623582176338,1.7581057792360189,4.433747648485276,0.24971138870811244,1.5965507316226373,0.038742736419393034,0.02027202139863496,-0.06319617410628306
1.6784672737121582,-0.7518600101392371,0.6825024740395216,0.3008168828942006,-2.5195224845626303,0.06813614601880073,1.758075466480541,4.4461932734488645,0.1294530089155227,1.748957855531657,0.03936265333914031,0.01702249629123712,-0.06666488215064649
1.6804835796356201,-0.7518503947162679,0.6825010433207478,0.30085714695423194,-2.5195011588941405,0.06814402042063704,1.7581046194523453,4.303415862562172,0.22687072661308616,1.9702853637038964,0.04127143556541662,0.018249645956099306,-0.0637778030045406
1.6825029850006104,-0.7518592086888157,0.682502955168218,0.3008720927537864,-2.5194677500541096,0.06812998217450679,1.758073120401888,4.520371149481224,0.2417638760516213,1.658457706954445,0.0380022269213865,0.025937386202596772,-0.06514987715772656
1.6845192909240723,-0.7518547816588134,0.6825029176806335,0.3008897297104951,-2.519427830519766,0.06811114578264454,1.7581017594507828,4.264596270804413,0.36306813471357374,2.0084639939816564,0.036773684938075604,0.014331248052873863,-0.060002802824195796
1.6865360736846924,-0.7518436144632118,0.6825158353960448,0.3008535108570529,-2.519481076472969,0.06814629959096655,1.7581164509679896,4.336225130623737,0.2889611820377666,1.8435063987575926,0.03986344102499332,0.01682848639822056,-0.059614287432707476
1.6885523796081543,-0.7518361782747278,0.6825222572704637,0.30088379687985073,-2.51942029013118,0.06813202008601614,1.7581121303171359,4.382857998726026,0.2194210180681323,1.6689634189781473,0.03712710282711394,0.016339076362561728,-0.06470830038439447
1.6905713081359863,-0.7518479117505048,0.6825197767810618,0.3008856113291635,-2.519439896844728,0.068136707660169,1.7580980584738364,4.389405135333565,0.27753902746805414,1.907526518209803,0.038354574565286396,0.012978180167075968,-0.06087706742156871
1.6925876140594482,-0.7518469977676039,0.6825160297925601,0.3008560687122486,-2.519479822801205,0.06817867943757883,1.7580766814682918,4.506136491509431,0.6075109497069677,1.915557121012848,0.032207629558314466,0.01592119779698012,-0.05298879386361028
1.6946032047271729,-0.7518584887074286,0.6825061283117839,0.30085628932087227,-2.5194928586558025,0.06813446205319161,1.7580919533258295,4.472119113768058,0.2730543723197282,2.0419645975887866,0.03715611698267348,0.014673694022546212,-0.06530548531209082
1.6966195106506348,-0.7518661109088401,0.6824952010496872,0.3009039129851806,-2.519412402569222,0.06805040190686992,1.7581479776041968,4.391655677107829,0.1750501525622662,1.9959970456711547,0.03971527428501192,0.014512782404517074,-0.06888466522531946
1.698638916015625,-0.7518376348287226,0.6825413999265522,0.3008341838970895,-2.5194876479328014,0.06821607119101276,1.7580301825014015,4.354798672350708,0.33253378202289535,2.0487857716765974,0.03438546841189091,0.013544298266026277,-0.060666381273032276
1.700655221939087,-0.7518484328273235,0.6825111612007657,0.3008597234608118,-2.5194709100879087,0.06813983056871269,1.758092605021724,4.412603948598708,0.2872471801405461,2.069236786414013,0.03562423776137616,0.02019189756060872,-0.06232921127836427
1.7026712894439697,-0.75184825616014,0.68252513223997,0.3008570038279118,-2.5194671325444062,0.06816829761941164,1.7580799501560407,4.566344213065113,0.13425833411064797,1.8673280661126137,0.03825024654683623,0.02100617340570337,-0.06623491290851063
1.7046875953674316,-0.7518380524525459,0.6825412589333374,0.30083626457888707,-2.5194572618681286,0.06817995024939379,1.7580564680107535,4.501116301825396,0.1705423118372334,1.994359099153681,0.03529210117112021,0.01682180859049576,-0.06551227386009581
1.7067043781280518,-0.7518397053702949,0.6825349983621831,0.30086118274174556,-2.519427804885854,0.06814395817932246,1.7580664640096508,4.518065540011324,0.24565723358203362,1.8115727829134238,0.04149611772863408,0.022232921087456003,-0.06233319700593537
1.7087206840515137,-0.7518397053702949,0.6825349983621831,0.30086118274174556,-2.519427804885854,0.06814395817932246,1.7580664640096508,4.518065540011324,0.24565723358203362,1.8115727829134238,0.04149611772863408,0.022232921087456003,-0.06233319700593537
1.710740089416504,-0.7518555233056032,0.6825219196784656,0.300862669583352,-2.519434664483486,0.06811413939244526,1.758059262773756,4.390805980863279,0.08816306702133525,2.1303456173156574,0.03194619469177291,0.016864774083592833,-0.06650042647209423
1.7127563953399658,-0.7518640227318594,0.6825090472633711,0.30087890168204523,-2.5194331784115067,0.06808157485119193,1.7581056879128898,4.468480414284308,0.17785774016327532,2.2672383810625725,0.03612722481960197,0.017161859234823468,-0.06237714504847409
1.714773178100586,-0.7518483724728682,0.6825268851004171,0.3008481842034097,-2.5194731549032165,0.06815810379745994,1.7580661118907173,4.6077471350797286,0.1428882630224742,1.9143479416054856,0.03320599354265353,0.023703612578635295,-0.061950809484287175
1.716796875,-0.7518464643658869,0.6825254890804442,0.3008618860385964,-2.5194773419705063,0.06817476131801592,1.7580849544393549,4.549019833203597,0.34986937444540933,1.9584511366974229,0.03367395587612081,0.01625433979256188,-0.05879554442605846
1.718813419342041,-0.7518561302287905,0.6825151109289618,0.300877601196558,-2.519442300219099,0.06814834772824571,1.7581235078173454,4.5315387635041535,0.2638586842333375,1.5314050940806652,0.0373142053882151,0.024364691382884503,-0.059355659419181334
1.7208294868469238,-0.7518539377785977,0.6825177221851733,0.30084873490035635,-2.519451635387594,0.06809283414743743,1.7581238515761533,4.53706290677781,0.337785334097096,1.9190165325072719,0.03686432060492181,0.02099625531676928,-0.06000465110840746
1.722846269607544,-0.7518541272045242,0.6825245751260757,0.3008650119646316,-2.5194480319286012,0.06814443953812424,1.758125697235576,4.5360055118222045,0.4953618346796571,2.198762337321593,0.03709989167908069,0.01847586499849143,-0.060257698344931415
1.7248623371124268,-0.7518454311715319,0.6825304335429594,0.30083743026501353,-2.519499865729551,0.06820458106419656,1.758091955879961,4.552489520523676,0.19228008251279183,1.9526934799940994,0.03779968008721108,0.01950111626010421,-0.06659622137261262
1.7268993854522705,-0.7518779539136602,0.6824995009021545,0.30084854872419303,-2.5194817206908544,0.06811757042607784,1.7581071875934355,4.449553792825732,0.2531937097059826,2.119585326059604,0.03471059967334078,0.018298261982488344,-0.06426057124401569
1.7289164066314697,-0.7518515254265808,0.6825263965603362,0.3008610771207611,-2.5194435101209356,0.06814270420336821,1.7581235056367073,4.554610118351894,0.10118244602604759,1.75066154854311,0.045829910628432446,0.02410002764102949,-0.06171192042806381
1.7309362888336182,-0.7518622454281172,0.6825070323244715,0.30086203911671217,-2.519478389488268,0.06813839783242719,1.7581010277575544,4.657053818515852,0.29902954720041797,1.7990499880710789,0.03548785363474652,0.022666470891211796,-0.061743216286605784
1.73295259475708,-0.7518667262530719,0.6825128783886704,0.30086817001848903,-2.519433982532379,0.06806703034270453,1.7581300290092776,4.653244510394141,0.32570719436586865,1.783255293928603,0.03413393024589147,0.021300911519962936,-0.06278495777782503
1.7349693775177002,-0.7518534122314847,0.6825225826242762,0.3008241925466743,-2.5194952700682958,0.06815871513006085,1.7580822197801091,4.636573282091914,0.4795447455096041,1.9939858085500082,0.035821855127359754,0.016404893374262416,-0.05937485285792858
1.736985683441162,-0.7518817958623312,0.6824956468145158,0.3008361438666013,-2.5195199589085417,0.06814352051416687,1.7581090497215024,4.695729302117546,0.34585299703411426,1.93117175582706,0.037107936990786516,0.017628419104910642,-0.0659438360526965
1.7390024662017822,-0.7518616243903765,0.6825231986006621,0.30087041645124923,-2.5194419697710004,0.06817839264613995,1.758100449859158,4.689867403927783,0.2849524597265222,1.8457187006309912,0.034356562115810285,0.023562936206490134,-0.06630306186968657
1.741018533706665,-0.7518665964924218,0.6825184870121278,0.3008240209916446,-2.519509091156727,0.0682046841742212,1.7580497629613359,4.62986042574888,0.21566274542410152,2.0186708010562775,0.035855807657497206,0.019600011819448065,-0.0620323316278107
1.7430384159088135,-0.7518616383484692,0.6825156954550937,0.3008351857914937,-2.5194992103710776,0.06815755844830139,1.7581125262246307,4.627897922950143,0.21867349939644753,1.9655029179460242,0.036406631165932624,0.02332893650953502,-0.06235320224634895
1.7450547218322754,-0.7518687236937979,0.68251689776805,0.3008283402589467,-2.5195093027921565,0.06820734379088475,1.7580728193004527,4.605142616184971,0.23956534503298943,1.9752699638165778,0.03096159757470133,0.019962253958035234,-0.06138814958451109
1.7470715045928955,-0.7518575785992924,0.6825247866325408,0.3008338729446081,-2.5195077719826466,0.06820929068226542,1.758067284571898,4.7100703085073325,0.18336995278966567,1.9112880785784234,0.03846561188215295,0.021541482927044994,-0.06107583314070592
1.7490878105163574,-0.7518659935151232,0.6825239319613486,0.3008357343672383,-2.5194921157907975,0.06817793311395506,1.7580764621767058,4.587653603181473,0.3422200126761712,1.7962011719410138,0.03467991554253199,0.023132524425138135,-0.05362106821665894
1.7511072158813477,-0.7518619451818787,0.6825252926774461,0.30085660689532373,-2.519422781751998,0.06810696281265424,1.7580724221085677,4.638053491238626,0.19965600370568598,1.679305129087106,0.03672479398470992,0.024804909293793167,-0.06292348887738854
1.7531235218048096,-0.7518851782051605,0.6824985681161923,0.3008302347299717,-2.519513670747472,0.06811086732288478,1.758089319167686,4.673039947652306,0.330145337355311,1.8749960701254493,0.0390315709424776,0.025467614484914244,-0.06301565757130323
1.7551403045654297,-0.751874132939212,0.6825117073432803,0.3008726630860572,-2.5194246412170367,0.06808396756613748,1.7580972397506427,4.579474504052605,0.36607753931737236,2.146983318830086,0.039193819911638964,0.01890774238543634,-0.05837992740509341
1.7571566104888916,-0.7518714356672302,0.6825073043844396,0.300842879926668,-2.519523157052461,0.06818794718734288,1.7581380863721587,4.625562154757222,0.27177785306454394,1.9920825257610786,0.036681682979259445,0.022175192750592862,-0.06172521196707093
1.7591733932495117,-0.7518705601015667,0.6825126370233838,0.3008376672866686,-2.5194823592895412,0.06813856940865161,1.7580856442317407,4.6446408122875305,0.1039200038221294,2.047765016817696,0.037331766031371935,0.022380639725841832,-0.06472695557826842
1.7611896991729736,-0.7518718543736457,0.6825076227755942,0.3008641006636116,-2.519480013387021,0.06813466441592506,1.7581137524916168,4.535028169675104,0.2566921191975255,2.1086254148906898,0.04104771716350441,0.01952852304846252,-0.06058729602840141
1.7632064819335938,-0.7518714895780361,0.682519258995258,0.3008231466095144,-2.5195079444162576,0.06817341967307708,1.758069680324987,4.672867792253765,0.137290965776438,1.9853351390800391,0.03832671568927252,0.022683836530028874,-0.06256794348369266
1.7652223110198975,-0.7518624541858465,0.6825297411445997,0.3008317890366305,-2.5194771186363805,0.06816342976010661,1.758081078077854,4.599232530077601,0.08104603689738327,2.0684460031593157,0.038564440049531204,0.017187944138919952,-0.0666749980449561
1.7672383785247803,-0.7518597100737902,0.6825344844927809,0.3008030739706904,-2.5194921011079563,0.06814748604576813,1.7580492631855147,4.6984352042669215,0.31800457312116737,1.9737432944059359,0.040707065585306255,0.025843109196042893,-0.0604668077757832
1.7692553997039795,-0.7518672829868296,0.6825319177517644,0.30084937683023405,-2.519434432196339,0.06814784038759028,1.7580680652893528,4.697575853494265,0.38242134447036086,1.9999098103294166,0.039295335609321844,0.025748879655486098,-0.05787899584153794
1.7712724208831787,-0.7518600854687082,0.6825259358527335,0.3008503039250559,-2.5194839050514193,0.06818391921037527,1.7581058435457648,4.740899852057872,0.14240351313763577,1.925379721286792,0.04041424620463621,0.027540997368343954,-0.06536314261936046
1.7732887268066406,-0.751883167229356,0.6825092982400897,0.3008236563635624,-2.519498926591482,0.06811466760250479,1.758066455554061,4.4612939377830045,0.19305592493092616,2.118198453369858,0.03662331809698193,0.020849393448911173,-0.06339321360306682
1.7753055095672607,-0.7518637873424621,0.6825303520781545,0.3008339088201707,-2.519472883715056,0.06817521830442715,1.7580709862418968,4.64119020180647,0.3008475610563066,2.0896328569671114,0.030787671589699923,0.02314652267474553,-0.060651045666969904
1.777322769165039,-0.7518729733785874,0.682520702475488,0.30081202434555576,-2.519543987695294,0.06825705579597864,1.7580941529519538,4.800777015487977,0.22651463076509426,1.9017129032245792,0.03389671736323595,0.024050745011272155,-0.06438185831076403
1.7793395519256592,-0.7518725586553893,0.6825227049248996,0.30081931950280905,-2.519515499220072,0.06820468649036322,1.7580751081825379,4.623242133778983,0.09614859595267489,1.7919304273212746,0.03935288486254744,0.026189000635187275,-0.06519009358879677
1.7813565731048584,-0.7518600464801912,0.6825413411591438,0.30083008246269205,-2.5194567814276305,0.06819002863052324,1.7580657344620938,4.549277199710848,0.4291909632585014,2.1233545109843783,0.03719775276870089,0.02161635338355551,-0.057430746060483324
1.7833735942840576,-0.7518621764565169,0.6825347552521407,0.3008121703508584,-2.5195038489953583,0.06818730475354622,1.7580787691532909,4.634294625711315,0.2088474311577554,2.016086199257407,0.03658895961678829,0.01875764020553115,-0.06621584547657719
1.7853896617889404,-0.7518854049480943,0.6825121263622592,0.3008175939644341,-2.519484098990297,0.06812565446877027,1.7580860177310402,4.512413039879318,0.23556110698560195,2.0824826597516157,0.039097325231434395,0.018668948700821066,-0.06442581628557946
1.7874062061309814,-0.7518786692128132,0.6825143481674733,0.30080806593937265,-2.5195312693187137,0.06821567837008692,1.758068324816958,4.36258443473365,0.32822808723295316,2.1315893176938894,0.03779582758890733,0.017061769995414127,-0.059484376590592136
1.7894484996795654,-0.7518801667845921,0.6825145679253908,0.3008158896088343,-2.519515635916431,0.06816717319782706,1.7580649324592141,4.576104101399813,0.23503751371016707,2.0615696580749363,0.03726335000140007,0.022450369228306514,-0.06478433273999065
1.7914798259735107,-0.7518766469049081,0.6825214710437126,0.30080931061195343,-2.5195309735570257,0.06821885950839332,1.7580826563198002,4.695524103592994,0.40842781455322164,2.0402352419355565,0.03710617364857518,0.021398442849123556,-0.06354354379485491
1.7935121059417725,-0.7518701458367887,0.6825246788365237,0.30082493716601627,-2.5195101198125585,0.06819182746899474,1.7580723171929102,4.646964253204593,0.45260650255324986,2.0335836344986062,0.03437675215732429,0.020560608839244925,-0.06477884194358387
1.7955284118652344,-0.7518957239030601,0.6824957685895531,0.30082274929593245,-2.519538481776835,0.06814665693226869,1.758120760799396,4.583581372005972,0.2504268534458307,1.885851010030402,0.03243467094575139,0.022450459940885716,-0.06542630183221182
1.7975444793701172,-0.751883345681386,0.6825087240236505,0.30080431904418325,-2.519560826967779,0.06820128096502598,1.7581012739276891,4.689811967835438,0.3146951823297236,1.7872900264171863,0.03928960297911781,0.02139304878375177,-0.06171685052696939
1.799560785293579,-0.7518789422094163,0.682522926094833,0.30080967640855055,-2.5194848409552026,0.06813882004189835,1.7580829437774357,4.645347397610172,0.44006443441270976,1.9703603507743161,0.035628186017606714,0.011425504494613508,-0.059765389397385967
1.8015785217285156,-0.7518748816593693,0.6825229488816513,0.30082267376569405,-2.51949698732448,0.06818821052684103,1.7580943115513197,4.679722897670015,0.19377204163988643,1.9642937351553278,0.03652091876753539,0.016672150716943706,-0.0660065780738892
1.8035955429077148,-0.7518828249994098,0.6825123340009286,0.30080881125379694,-2.519528204852198,0.0681672957693906,1.7580862601591525,4.6478930798729845,0.3637772444875017,1.8078513436397472,0.04158771854538835,0.02249486722052424,-0.06483116027992213
1.805612564086914,-0.7518964588215966,0.6824983804089926,0.3008574240540709,-2.519445308771345,0.06810972980562917,1.7581258096728267,4.6025597874046165,0.3276409216848861,2.111154677637419,0.03535475130332785,0.020416987324444486,-0.06925763548570339
1.8076295852661133,-0.7518776198002125,0.6825267895045719,0.3007928831132729,-2.519540808988859,0.06822051843910984,1.7580363651872697,4.764517676066178,0.16595407999717693,1.933095946253344,0.0349708493146651,0.02155184441083636,-0.07356243834339392
1.8096466064453125,-0.7518798259634494,0.6825167199772582,0.3008336493212793,-2.5194716192895275,0.06811377147244169,1.758102241016223,4.638765507408265,0.40054728325372446,2.160265491466004,0.04045030805581817,0.009757336077721702,-0.06721604684163943
1.8116636276245117,-0.7518969527804527,0.6824995538175993,0.30083139016712557,-2.519530473499053,0.06819238653279776,1.7581159209558803,4.52970950452088,0.47026726791003265,1.997086113275866,0.03524889979342391,0.014268679747827157,-0.06149991152764061
1.8136804103851318,-0.7518712496896067,0.6825395899340089,0.30080474015297054,-2.519513687747423,0.06823785504567355,1.7580697432982977,4.658466006081622,0.16059392346478818,1.9817028429533514,0.03815141381162479,0.016650229309977477,-0.0703459372880389
1.8156964778900146,-0.751882533815138,0.6825192556734524,0.3008069153387176,-2.519522505867814,0.06819831439633536,1.7580757496034278,4.686980281902329,0.31730116538844566,1.8916914883498757,0.034127002286287705,0.01628990496904558,-0.06703907922764742
1.8177123069763184,-0.751887546408673,0.6825165751064978,0.30085266764901175,-2.519465175396715,0.0681301448445903,1.7580982298675958,4.680047538310052,0.23774504038113936,1.8993661541061697,0.03788740284129059,0.02107627734096602,-0.06618707577060166
1.8197283744812012,-0.7518817276694074,0.6825194822408578,0.30081958640358536,-2.519480501449764,0.06811389603340808,1.7580787420043107,4.538657110547629,0.3181077833533409,2.2155738571173376,0.035263029678588104,0.011596611673165504,-0.06646279058420625
1.821744441986084,-0.7518831830574781,0.682511698275983,0.30083786670395923,-2.519495680068766,0.06815740940382953,1.7581306836979247,4.6371413462726805,0.4527924148896076,2.124997502041232,0.0437107720549362,0.017231769772451087,-0.06485485515181451
1.8237605094909668,-0.7518795646239997,0.6825184909513091,0.300851985051143,-2.5194347352795536,0.06809201732801996,1.7581074012543432,4.657552712927147,0.2989686200340333,2.1336161473090107,0.041654095871119984,0.021126498125666287,-0.07239710305732527
1.8257763385772705,-0.7518898182000979,0.6825156869889977,0.3008138847131493,-2.519506376528216,0.0681460429771709,1.7580707472158592,4.69757157060761,0.5760755857419868,1.9103897088932116,0.03755778310583052,0.024550455041120287,-0.06420619206188215
1.8277926445007324,-0.7518868686499147,0.6825208910536733,0.30083233745973387,-2.519469135042083,0.06814157871431423,1.7580479105215878,4.615307502723254,0.5087240971020695,1.9214420095241203,0.033639475468204755,0.020844837047478422,-0.06682744956171224
1.829810380935669,-0.7518906909681272,0.6825185871790315,0.30082324404593863,-2.519488946711608,0.06815374548606172,1.7580541206150637,4.486114366200755,0.29487091594814724,1.9046613995333794,0.035179417026025006,0.016630368717662436,-0.06470732782205083
1.8318264484405518,-0.7518986440368256,0.6824938191975739,0.30084305360183083,-2.5194957097891826,0.06812089348116078,1.75810741512487,4.587389713618348,0.20819669049412048,1.7163367435631083,0.03637389139725551,0.022899855725450415,-0.0674046624718882
1.8338427543640137,-0.7519047147335028,0.6824994267872652,0.3008250922380789,-2.5195217658220352,0.0681462123617733,1.7581034517458822,4.5487278705563,0.2687558183564675,2.126843840736461,0.039033699546830475,0.015640821156168248,-0.06846954424894096
1.8358643054962158,-0.7518990873693329,0.6825023781024627,0.3008393926993359,-2.519474508034726,0.06811432956988005,1.758087440693717,4.4784032719359015,0.25318168194982443,2.438975596728503,0.04137050106734964,0.011692960496725248,-0.0730434317390595
1.837897777557373,-0.751899050903924,0.6825056767867829,0.3008009414749377,-2.5195411750667542,0.06818390013248786,1.75809545965072,4.5846467483559135,0.44520505815045386,1.9675101577953853,0.041583532448412355,0.023780001725805116,-0.07149110004993867
1.8399198055267334,-0.7518905576680286,0.6825057979521261,0.30082869237428433,-2.519515571989789,0.06814456200610872,1.7581300499328054,4.594280438855039,0.4322366327802868,2.125897769652624,0.03886009303359403,0.01836354674578307,-0.0712603844680061
1.8419418334960938,-0.7518969559286159,0.6825095880015976,0.3008541895859197,-2.5194506662131086,0.06812420355533437,1.7580880705721234,4.6218649566801036,0.3874307915648872,1.9035162036147888,0.04091884534844589,0.023488177528537563,-0.07012736246523985
1.843963861465454,-0.7518958427114988,0.6825159251865288,0.300839081783794,-2.519477048004098,0.06818313698425707,1.7580910620221841,4.548582221290354,0.38789735988080365,2.0510257752125547,0.03700670050554912,0.020137588176253506,-0.06740341906760132
1.8459837436676025,-0.7519013784151439,0.682502338208977,0.3008413058517747,-2.5195033425837345,0.06818606973067881,1.7580964103217422,4.795955856173944,0.3808759427581989,1.9788303952575588,0.036547158771842045,0.020490292381101262,-0.06884441707080904
1.8480043411254883,-0.7518884034295532,0.6825220973112174,0.3008209572042919,-2.5195001559489705,0.06818844117032863,1.7580593470823527,4.58520378564452,0.349264469020156,1.9380884465881905,0.03903347391704559,0.022505003215303736,-0.0709349750113477
1.8500256538391113,-0.7519123654453854,0.6825006714425829,0.30081355554639155,-2.519511844993713,0.06813562429707612,1.7581022214196007,4.5614569587447145,0.36992286068360036,1.7293037632576367,0.036632303934317996,0.02074640310956524,-0.06897829792384659
1.8520426750183105,-0.7519285623564199,0.6824739684969828,0.3008545363868474,-2.519495296476082,0.06806906445690185,1.7581482651965834,4.437889455020498,0.25654078243196377,2.1406593587097085,0.04035034432203542,0.01596298845834525,-0.07179040869590246
1.8540594577789307,-0.7519001503304215,0.6825094498602738,0.30085001012942497,-2.5194698668782274,0.06815119444656541,1.7580887158892375,4.566816471184586,0.5708796133144141,2.0350963472840724,0.03589424765526417,0.01915823485967454,-0.0680839225993309
1.856102705001831,-0.751899639323104,0.6825082079608275,0.30084816286028826,-2.5194680243334213,0.06812281725535786,1.758103016245544,4.631392759200684,0.37161878823729233,2.096049020581369,0.03686255490416534,0.018867660600519538,-0.07403629461705308
1.8581204414367676,-0.7519008039905202,0.6825165382613926,0.30084382987375047,-2.5194758769179186,0.06814740740963675,1.758036252091244,4.7161692945271865,0.4542117064705842,2.115902951154007,0.04208961301450377,0.020493547885134775,-0.07009420121561585
1.8601438999176025,-0.7519280724399205,0.6824802682565181,0.3008462948913775,-2.5194750766658243,0.0680766454363919,1.7581293467840233,4.752134354740749,0.32794107830749436,1.8241710939660787,0.04424548659877549,0.022146006864651825,-0.06832179838536094
1.8621623516082764,-0.7519305794910193,0.6824794805263842,0.30082336502567364,-2.519540111815679,0.0681547544801186,1.758102921638909,4.627544760575154,0.537376160913183,1.8923454091355858,0.036021358560785414,0.018626102063349474,-0.06689733932935538
1.8641798496246338,-0.7519208822585998,0.6824986053996686,0.30082521391556427,-2.519509255562889,0.06814754534041133,1.7580750425242877,4.624366171849333,0.22692028905383665,1.8652028334746265,0.03441502637098117,0.016602956105492967,-0.07241826733155642
1.8661975860595703,-0.7519232085701344,0.6824876115183915,0.3008235970757156,-2.5195193483308405,0.0681093981771221,1.7581102988587765,4.471838825936789,0.6281092389792013,1.9766099652248066,0.03895183569147837,0.014169860973351777,-0.06265381452883123
1.8682146072387695,-0.7519342656604282,0.6824787977239015,0.3008034036003876,-2.519531591574801,0.06811199318921021,1.7581179140171685,4.556128127048154,0.3201255727587561,2.0255589953047717,0.03943396934587156,0.01587373629406644,-0.07750410313393982
1.8702301979064941,-0.7519063980502118,0.6825061162663264,0.30082706946678567,-2.5195062701628665,0.06816601028928365,1.7580800177237015,4.711694422908699,0.31329962669626205,1.9352253357767688,0.04247012673145974,0.021711180219554475,-0.07540926907629053
1.872246503829956,-0.7519238981472156,0.6824913785446275,0.30085123789338686,-2.5194769894931994,0.0680918999062321,1.758094527998116,4.722889544808028,0.5951878743698156,1.626162588492566,0.03939122186573804,0.02835115581274584,-0.0684134109000096
1.874263048171997,-0.751927986405892,0.6824783485288927,0.3008146351173556,-2.519550155697156,0.06811661019314207,1.7581124342770802,4.720558312838632,0.340667722223587,2.0155894205801728,0.04034355503577603,0.014062316442089861,-0.07372721071620472
1.8762803077697754,-0.7519255179559192,0.6824857859351554,0.3008312180598095,-2.5195022196415717,0.06810662183545212,1.7580882309954124,4.667307033265026,0.26705791528880585,1.7765275540364684,0.035141215803600176,0.01804334824108493,-0.073681796577893
1.8783161640167236,-0.7519325974085914,0.6824765812970726,0.30083981681849525,-2.5194779808232335,0.06801749321295371,1.7581222732893982,4.684203289981892,0.3477461005256651,2.129212374713357,0.04044135573686118,0.010003364115388333,-0.073988539545024
1.8803322315216064,-0.7519188149516893,0.6824858149603995,0.3008565056403876,-2.519475540122873,0.06803371805663987,1.7581247779154678,4.692168937790111,0.5030959394778614,2.0684842024264176,0.039576881990574186,0.013821834915548567,-0.0703170422858044
1.8823482990264893,-0.7519389747014094,0.682476534139207,0.3008426241051505,-2.5194804447964216,0.06805782562396206,1.7581075032020426,4.848810322155666,0.5052757067531908,1.7493698807811828,0.04092335026366978,0.023310349807581746,-0.07168699292348796
1.884364366531372,-0.7519436534782453,0.6824683078420428,0.30085870256055647,-2.5194931765276136,0.0680801337419994,1.7580965721847774,4.725340817568744,0.29526398048568453,2.4028167976848076,0.04246301967792495,0.010330175302391047,-0.07625835357709548
1.8863801956176758,-0.751939788283837,0.6824726916015386,0.3008524937402502,-2.519489981442823,0.06806679692997455,1.7581044415159666,4.7159348618590915,0.5973344389137495,2.014723158612008,0.038169114319923814,0.01975843609394533,-0.06962024723847159
1.8883965015411377,-0.7519377581479999,0.6824677327612353,0.3008682592565037,-2.519468154928086,0.06804885673459202,1.7581341537001618,4.641487883100289,0.19264455443837214,2.307593401027918,0.035963480657148536,0.014825939007397518,-0.07317165648318845
1.8904123306274414,-0.751937411237407,0.6824766045029993,0.30083924308521637,-2.51949164063975,0.06806193859648954,1.7581168226984842,4.682643225747852,0.29764735646165796,2.173094817690432,0.03985501578115531,0.016273564608292712,-0.0652392192304207
1.8924286365509033,-0.751933799423748,0.6824759488454899,0.3008578065413661,-2.519472855166054,0.06806486270332326,1.758129773379443,4.762248416615583,0.41484486222974065,2.075922848992005,0.04038844013947808,0.02487054596002425,-0.05926437059992235
1.8944439888000488,-0.7519410789863148,0.6824742973399232,0.30085987423079286,-2.5194581631441286,0.06805226036391962,1.7581416030463857,4.7119623849111525,0.28292174083995975,1.7147992336129068,0.03997656020617123,0.025797422230201122,-0.07160303347081635
1.8964602947235107,-0.7519340429569982,0.6824890639608409,0.30082425767061927,-2.5195058585913155,0.06811521296499495,1.7580873158485408,4.727361770704157,0.4960921661930979,2.109482199296178,0.04018472783234657,0.019605758984624154,-0.07119544017600671
1.8984763622283936,-0.7519445211301024,0.6824627514691766,0.3008547280801926,-2.519481337990771,0.06803530657936854,1.7581353021418475,4.7294206712741875,0.2637038857020225,1.8802315347332572,0.04842414110326175,0.018873418311011393,-0.07559296937092276
1.9004921913146973,-0.7519183012153517,0.6825018631179527,0.3008534364039326,-2.5194636081937998,0.06811059105968158,1.7581032153258804,4.699889710706708,0.29312318583219,1.9140988084813921,0.04114409811001008,0.017502094376749124,-0.07507887176276996
1.9025242328643799,-0.7519244551579107,0.6824944207801638,0.30082652689349837,-2.5194858829189575,0.06808886978915978,1.7580968674440502,4.57901958466978,0.1989483568142688,2.1952907323799034,0.0396749443906759,0.018216741878069903,-0.07561668001605114
1.9045403003692627,-0.7519315648020752,0.6824872615793873,0.3008680094780989,-2.519416581152161,0.06799806339162932,1.7581255328174419,4.643116078038803,0.386725003022814,2.1060418161279975,0.036805260460708096,0.0236829064741095,-0.06850957987096815
1.9065589904785156,-0.7519350421419131,0.6824788310965586,0.30088232039460905,-2.51947301877113,0.06808895922741089,1.758113862029605,4.667357119132159,0.2999662211671475,2.0544083984539885,0.03701579062507393,0.023907590417395586,-0.07167008510773855
1.9085752964019775,-0.7519312894542972,0.6824820011824767,0.3008599449438909,-2.5194560711198006,0.06806277564475484,1.7581512128115202,4.733072118625433,0.3229955697607893,2.0386074901602638,0.043741672217816795,0.021945356780613212,-0.06837460741612775
1.9105911254882812,-0.7519338252956635,0.6824871889346307,0.3008464692604596,-2.5194897301365327,0.0681079516372552,1.758127308102999,4.613091335658808,0.3244189563522464,1.9245833190126929,0.03932944577639893,0.021596966087265232,-0.07213399824647952
1.912607192993164,-0.7519247674263886,0.6824957288466678,0.3008371107297354,-2.519467133804978,0.06807465794357,1.7580757511602785,4.645160763810916,0.31640610871066815,2.1887066601086564,0.03762829096600265,0.013397781700428475,-0.07469648525054887
1.9146251678466797,-0.7519500999208186,0.6824701327540835,0.3008433533578923,-2.5194775150943522,0.06803661164461054,1.7581265328941016,4.703172223868894,0.615258162865786,1.8525737277521945,0.042515256955392614,0.022278705259239896,-0.06773301495685563
1.9166414737701416,-0.7519346939768651,0.6824792696268911,0.30088088228471754,-2.5194465599358744,0.06807045260455934,1.7581414280926206,4.650733782547179,0.4215660064716885,2.180402185143879,0.04172356610696759,0.017837470043834402,-0.07190681680815336
1.9186582565307617,-0.7519529441136722,0.6824643179901467,0.3008688227866101,-2.5194602850109584,0.06800442461159091,1.758141958636661,4.746057144389693,0.3159505537641285,1.8115420793316939,0.04250657884901404,0.024050915141027487,-0.07247775117206809
1.9206945896148682,-0.7519434940568664,0.6824800784781037,0.30087809446118224,-2.5194304345927097,0.06801692939140207,1.7581147226428762,4.656505601821635,0.3019649750292296,2.1862027331540137,0.037224503186152225,0.013147576664348633,-0.0698927220683009
1.9227194786071777,-0.7519477246502491,0.6824750382812299,0.3008499312889043,-2.5194797133354294,0.06807787606199754,1.7581083319780026,4.666822749174581,0.4440412207898746,2.107656734160428,0.04072580915762911,0.015175407443594796,-0.07269778815702085
1.9247426986694336,-0.7519495450655896,0.6824645847452141,0.30085917388586675,-2.519485291677492,0.06804759039625383,1.7581439956691027,4.803165530545913,0.4917819438529648,2.023000302747425,0.03984572937404917,0.012021782233244774,-0.06962792946165082
1.9267592430114746,-0.7519577164559792,0.68246256339988,0.3008445904320938,-2.519495361572495,0.06804941597822813,1.7581246337881706,4.810680989611523,0.4359200913782489,1.8717707968570203,0.038324828552067744,0.013343371081890184,-0.07559974379367851
1.9287753105163574,-0.7519591864538366,0.6824516088842731,0.300862391153257,-2.519495255468622,0.06802534689744474,1.7581656517842597,4.6806721605733825,0.436776536423275,2.008264424071017,0.03932959880825261,0.011157026445478025,-0.073948211317262
1.9307913780212402,-0.7519477948637601,0.6824705883855748,0.30086681650708347,-2.5194804580349945,0.06805695292011144,1.7581154538352866,4.640219425710646,0.1747736534814444,1.9672735313308818,0.040494034760760876,0.011771454319713463,-0.08301597577151058
1.932807445526123,-0.7519706086151369,0.6824560115999443,0.3008528258800894,-2.519480166828262,0.06802752482657233,1.7581415932580529,4.76726272801553,0.5535789066448227,1.8711124648792805,0.04094691354265713,0.019769934351967677,-0.07091638602926405
1.9348235130310059,-0.7519680547801528,0.6824551233886381,0.30084936951954777,-2.519481151446189,0.06801944121653196,1.7581438892872718,4.763092427026761,0.3309117793519622,1.792609121848405,0.04604344598146748,0.023603284227759702,-0.07631170327519975
1.9368433952331543,-0.7519539727813208,0.6824694213466889,0.3008477439049642,-2.5195012842377484,0.06808887049961031,1.7581115780020895,4.6529653314414245,0.3121427197672914,2.123102600037493,0.04216535209115657,0.012805218916599439,-0.07418276637394984
1.938859224319458,-0.7519667024204304,0.6824577197043713,0.30085065188331905,-2.5194952113299403,0.0680376580006644,1.7581021853138783,4.681423529342778,0.503139586703587,1.989766859952302,0.03815823911443619,0.015397726428527572,-0.07146560305009676
1.94087553024292,-0.7519473590173777,0.6824765514163397,0.30088195600424233,-2.519435293562469,0.06802140843902464,1.7581499157799003,4.648365688727777,0.2816387583553467,1.8588752163575384,0.03806345528427025,0.013983742868523155,-0.07396292107780944
1.9428925514221191,-0.751965326613137,0.682452923867141,0.3008637813402566,-2.5194748740776176,0.06799530478876485,1.758149661406989,4.605535257220109,0.41791338239094594,2.2271560742006935,0.04163204505267905,0.008573394520738428,-0.07253046037192819
1.944908618927002,-0.7519684379784197,0.6824572595446499,0.3008570381384302,-2.519473913189379,0.06801004023914521,1.7581384596657694,4.705971385200117,0.5306885439936708,2.1117647181410195,0.04247606214019784,0.014185275062598209,-0.07338783276361734
1.9469273090362549,-0.7519574458839768,0.6824638172015657,0.30086846541644047,-2.5194791175202993,0.06801770302409985,1.758137988395615,4.781395160715845,0.35360571482147246,1.8891372459126055,0.04043363564991215,0.021533425330971107,-0.08121679115754589
1.9489433765411377,-0.7519427259495313,0.6824867796935719,0.300860170930469,-2.519455336214015,0.0680665865802771,1.7581090200416192,4.538269700467091,0.4083994696429598,2.161901251152143,0.04391069218259187,0.014850176089563119,-0.0787811071662364
1.9509594440460205,-0.7519645212692782,0.6824619317525518,0.30086913735236487,-2.5194659838613105,0.06803156016911376,1.7581060555284862,4.617054805510855,0.3297491197556974,2.057820938101976,0.040168541308361796,0.014857380768276135,-0.07847855006215111
1.9529755115509033,-0.7519428382137525,0.6824870554978086,0.30087656257631534,-2.519428985852198,0.06801995056571854,1.7581019080422482,4.5965341823489485,0.21953789158060028,2.0184618599058064,0.039770285954539034,0.013347123981347733,-0.0815720029275082
1.9549922943115234,-0.7519536914475501,0.6824748934193093,0.30086710134770456,-2.519444820294736,0.0680215163380054,1.7581373542323775,4.525547554137625,0.4871066398426975,1.9147175068755642,0.03952246227453007,0.013638257069202506,-0.07023546795499863
1.9570086002349854,-0.7519523113109561,0.682468082431512,0.30084456689951883,-2.5195285414634445,0.06808355120165192,1.7581120856369368,4.590008520101755,0.249794560335322,1.7384929775481754,0.039200230086679486,0.014584749912902813,-0.07687117130696458
1.9590260982513428,-0.7519661722296176,0.6824638458893995,0.3008684686717932,-2.5194499120840774,0.06799291547803275,1.7581279241143597,4.589719239679691,0.43434188258632794,1.9151777850190768,0.04301429029479325,0.010503315655804696,-0.07380359656858732
1.961043357849121,-0.751930184703258,0.6825030654733764,0.30085893218829274,-2.5194426867629125,0.06809177657754854,1.758104210761259,4.589873736945761,0.47060147172315286,2.093838576774544,0.03624395724304866,0.015558950576336975,-0.07668762880530594
1.9630591869354248,-0.751957409389832,0.6824651597573888,0.30088019135103056,-2.519440753491221,0.0679943055138802,1.7581432655255749,4.6694861087256045,0.2676917969102452,1.929760038712636,0.03764396519468153,0.022465506293534807,-0.08515619511916962
1.9650757312774658,-0.7519782859243795,0.6824523334616,0.3008675781899592,-2.5194569186624807,0.06801414326841987,1.7581395950979455,4.5700161437886475,0.6335194212506452,2.3322067005279923,0.03663701768549869,0.013246612200286592,-0.07376573552913356
1.9670934677124023,-0.7519846440087401,0.6824383613729896,0.300902044778643,-2.519419201536916,0.06794050080640399,1.7581463906174817,4.554765101345648,0.3725390990348611,1.967586887354925,0.03775444643041434,0.020514103099084677,-0.07773785958470228
1.9691095352172852,-0.7519744207814218,0.6824551617644219,0.3008757668878891,-2.5194538804347313,0.06797341642477402,1.7581308948320074,4.627457988750761,0.3409048191150802,1.8439926621862313,0.04258531195065771,0.020821013537584292,-0.07903638537904835
1.9711251258850098,-0.7519763108176764,0.6824477617505438,0.3008894888040267,-2.5194281042934112,0.06795496563959269,1.758153006130774,4.602544116489274,0.5959938786722342,1.9783538549887947,0.03897160128202941,0.01695780276501489,-0.07144871071755152
1.9731414318084717,-0.7519581017112537,0.6824688051057175,0.30085629149358156,-2.519499211739733,0.06808099422019606,1.7581680704841107,4.731638396140517,0.3615638754421966,1.925314672177171,0.03961379150548909,0.019650710319358174,-0.08046072816409539
1.9751574993133545,-0.7519725318115302,0.6824563871923058,0.30088062108450936,-2.519448237849278,0.06800128205937725,1.7581539370994541,4.765373353675264,0.4172829166282333,1.7961761002222727,0.04090288901256668,0.024252836185462538,-0.0775554075446139
1.9771735668182373,-0.7519864042914557,0.6824355864323024,0.30088605913636746,-2.5194223484542455,0.06791073316534446,1.758154316466143,4.651935500634984,0.4845135720977977,1.86348870995817,0.04409533696454994,0.024996058366555586,-0.07572357339492986
1.979189157485962,-0.751958452132868,0.6824725314725707,0.3008783552707032,-2.5194460998038166,0.0680363074143599,1.7581400227274273,4.527021244363725,0.5119439718751457,2.0083440633054868,0.04076919455898057,0.019083820889508427,-0.07818970272910629
1.9812054634094238,-0.7519834468780737,0.6824345533506085,0.3008561060449312,-2.5195072125215616,0.06798332167638352,1.758122264912204,4.638458564382262,0.32449591140000655,1.896576417876723,0.041756081321984745,0.017626201615913276,-0.07766888157907435
1.9832215309143066,-0.7519692218369196,0.6824559214974016,0.3008472097361833,-2.519492949086525,0.06805769909811392,1.7581319885212399,4.551407057580598,0.3348780074668655,1.9426693398739778,0.03894504806306885,0.01566037270294898,-0.07593366511655751
1.985250473022461,-0.7519606475746788,0.6824730785710265,0.30084555351207093,-2.5194793097842294,0.06807515503302096,1.7580992969867852,4.477737667423071,0.4023494079810707,2.180286898783651,0.03815522856723825,0.006611234982078511,-0.07444595197459185
1.9872703552246094,-0.7519716113322306,0.6824513036544158,0.3008860415645233,-2.5194648467743246,0.06797914335239785,1.7581754032183454,4.6144235375686105,0.41928162624872856,1.907730890291704,0.037862548958208044,0.012780740494711968,-0.07296004350064202
1.9892876148223877,-0.7519623332935249,0.6824584152498565,0.30087918715083706,-2.51945437232563,0.06800778973447391,1.7581496134981536,4.724937855092292,0.29414904416482657,1.8616664278351962,0.04089339638835421,0.01646817665772378,-0.0746632286672596
1.9913034439086914,-0.7519806172564467,0.6824496178796878,0.3008597953215286,-2.51947813726796,0.06803376419850929,1.7581067643087327,4.700074082297925,0.3876484588707278,1.9468837892165547,0.04080976260445469,0.019448924917871292,-0.07255999985993972
1.9933195114135742,-0.7519654383099905,0.6824736012286958,0.30085156438254057,-2.5194434437957485,0.06798176113427488,1.7581098740506387,4.71540676276647,0.32909490560115845,1.8378385687397112,0.03836653173299363,0.016162717920621225,-0.07549778351069474
1.995335340499878,-0.7519826565798862,0.6824557913851649,0.30083961439630613,-2.519507869034571,0.06804312891819869,1.7581122679699883,4.589128263098899,0.5873937351121508,2.169016823941176,0.04131905219666258,0.010037950494571615,-0.06883813580952013
1.9973516464233398,-0.7519943131390258,0.6824306804297828,0.30084022544748495,-2.5195322970328764,0.06801375569149078,1.7581125295580469,4.697224310038373,0.31740661362825595,2.0625761502451363,0.04289949030743036,0.014669079993241217,-0.07640899625526348
1.9993693828582764,-0.7519713604057588,0.6824649536382645,0.30088042262340825,-2.519431765509522,0.06800921187731788,1.7581259323036627,4.663735268241798,0.33828127563667243,1.9495762430285848,0.042853977669124264,0.020500502827498136,-0.07682814205892652
2.001386880874634,-0.7519629112911442,0.6824624825296554,0.3008703653418858,-2.519472465391556,0.06801022984108117,1.7581297040548092,4.677395216703175,0.5711035865532996,2.0517167147269815,0.037879004567487835,0.016368839925076154,-0.07169557781579611
2.0034189224243164,-0.7519744918087506,0.6824694285750093,0.30085669289645456,-2.519467036060502,0.06802623770847367,1.7580951205117026,4.586312074252937,0.34982400777539646,2.0650082542711834,0.04246119100001984,0.015084743216703403,-0.07551855110719427
2.0054376125335693,-0.7519760258989736,0.6824494938490897,0.30085274723180266,-2.5195092644040518,0.068011336286358,1.7581764740194874,4.666759495890898,0.49431833734083985,1.9526736924361943,0.03920884765413896,0.0175429044854971,-0.0752905989584334
2.007456064224243,-0.751974352007365,0.682458199513816,0.30086017997007075,-2.5194758688088346,0.0680157557472241,1.7581263552772723,4.675403480707674,0.5689025365689453,2.0604685843970376,0.04372784573368341,0.014551190733831916,-0.06954528477266968
2.0094735622406006,-0.7519766948677126,0.6824532525089486,0.3008802097555554,-2.5194420103634227,0.06796108342227711,1.758156022331561,4.7920250469933094,0.4746879528599439,1.7773208565671625,0.041356086500343156,0.023687327407663186,-0.07077119745236793
2.011491537094116,-0.7519637357686967,0.6824773415816955,0.3008584117542221,-2.5194514292463426,0.06800596234784909,1.7581123765189568,4.636770856750091,0.41638664010502874,2.0488494770759016,0.036417971850395525,0.014327097663420375,-0.07495582305328946
2.0135083198547363,-0.7519629308603079,0.682472551277175,0.3008455078681402,-2.519505771520991,0.06809256961499643,1.7581341950802902,4.616761305030144,0.4759724368495178,1.7514995946975986,0.041154507097401975,0.020659674263756523,-0.07015182473552065
2.0155255794525146,-0.7519906469787724,0.6824441300436425,0.3008723849598983,-2.519448025742725,0.06794581142933324,1.7581560675605303,4.715347626429821,0.2447649365730405,1.9510477113466578,0.04132052198663254,0.013920164208703473,-0.07593075320038262
2.017543315887451,-0.7519644350352789,0.6824746124576756,0.3008643844076659,-2.519435006750827,0.06800897685455483,1.7581159901899401,4.348745866892927,0.44535775693314444,2.1538558640785577,0.03864808654166916,0.01114609272908213,-0.06935785172399125
2.019559383392334,-0.7519647656694395,0.6824845615292832,0.3008601985475122,-2.519447026682649,0.06805723136137412,1.7580969195569893,4.415689087278922,0.41079130413229814,1.7411509705938426,0.041913128713929666,0.021753354706859115,-0.07242985867822985
2.021575450897217,-0.7519757881861443,0.6824595089166813,0.30086250787379504,-2.5194766994029605,0.06805730265682867,1.7581511092316329,4.462308190722076,0.3153924625118943,2.1098912700307215,0.043955299916193014,0.0159568504907159,-0.07311220775971695
2.0235915184020996,-0.7519783467654652,0.6824646291290908,0.3008417180479544,-2.519493137180092,0.06805189618437445,1.7581393357550552,4.627531256460654,0.28336182050273895,1.9817943822433854,0.040859327575695735,0.0187979779037997,-0.07342992180099986
2.025608539581299,-0.7519787411823537,0.6824574757381316,0.30086477214256,-2.519494905906246,0.06804738539060189,1.7581404482048986,4.660357285490491,0.2717077230851938,1.7372470791047374,0.0362808068276249,0.023122885139626008,-0.07541068473651064
2.0276260375976562,-0.751971269038938,0.682460099982978,0.300860246624574,-2.519464350236891,0.06799125890723898,1.7581167963404019,4.5854702758185555,0.5227539418227833,1.954751828547629,0.03962111267966556,0.020051509305805213,-0.06953336166910809
2.029658317565918,-0.7519756392265601,0.6824611938963214,0.30085697130617606,-2.5194622050691518,0.06802041826379013,1.7581602477601743,4.530514241347664,0.24919357976026496,1.9850454940638054,0.03646397369331744,0.014366683286511148,-0.07158690008293692
2.03167462348938,-0.7519657585256798,0.6824680262744348,0.3008332275166802,-2.51949975723697,0.06805728304528814,1.7581367941312742,4.588447346313933,0.021899330638616987,2.0256252651669793,0.03657396501474679,0.014657825217838425,-0.07918273535312036
