Timestamp,Pose_X,Pose_Y,Pose_Z,Pose_Rx,Pose_Ry,Pose_Rz,Force_X,Force_Y,Force_Z,Torque_X,Torque_Y,Torque_Z,Q_w1,Q_w2,Q_w3,Y
0.002025604248046875,-0.6653421907690605,0.660470638757316,0.12362256664396587,-1.3374755935287865,-1.3915745492090816,1.1310225841536259,0.06931782282608322,2.9844989909928525,0.0509284123047488,0.06843249802521967,-0.07245745708963677,-0.45965737965528625,3.0947467523762207,-0.3920787016498011,-0.5153544584857386,1
0.004056453704833984,-0.66534752121402,0.6604508625123187,0.1235963654173416,-1.337495658451023,-1.3915779064760092,1.1310768025098412,0.240935806295437,2.8443551738069477,0.08338905268515925,0.06725739481477916,-0.08301294226762171,-0.4619309405819807,3.0947229105183105,-0.39205962816347295,-0.5153387228595179
0.006080150604248047,-0.6653220801511814,0.6604735788506729,0.1236084685218331,-1.33750047317733,-1.3915540899743888,1.1310614622765507,0.30448951355977827,2.5922076984631373,0.060642073465860306,0.06880019554369601,-0.08767462528825765,-0.4648578560834734,3.0947348314472656,-0.39204389253725225,-0.5153458754168909
0.008131265640258789,-0.6653397962550873,0.6604579151261758,0.12360759674627744,-1.3374722554677727,-1.3915844447444763,1.1310528952494938,0.733565215045247,2.382935706675082,-0.16502111476104317,0.06787872524149158,-0.08521038608257893,-0.46322122390202475,3.09473101675,-0.3920548597918909,-0.5153663794146937
0.010533809661865234,-0.6653389401056231,0.6604623784297853,0.12360942010059592,-1.3375112660928783,-1.3915719247150544,1.1310445878684054,0.7204771924952492,2.8247471906557555,-0.07806720603815587,0.07047042759698673,-0.08963490822457161,-0.4557942875235083,3.0947505670734863,-0.3920787016498011,-0.515357796345846
0.012650012969970703,-0.6653319981697785,0.6604607239922062,0.12362603022141225,-1.3374649887452155,-1.3915748580704805,1.131065461989528,0.14173491013576628,3.018728236723935,0.0871052629248668,0.06765198013567342,-0.08206017869310211,-0.46295626730532863,3.0947348314472656,-0.3920353094684046,-0.5153544584857386
0.014695167541503906,-0.6653298952844391,0.6604526527459706,0.1235866485250957,-1.3375298887884606,-1.391571187554895,1.1310763100774488,0.3072156283029106,2.6277946990989483,-0.12108735471515358,0.07038096169251853,-0.08461216595201096,-0.45212016361337204,3.09473101675,-0.39205819765199834,-0.5153663794146937
0.016745328903198242,-0.6653298952844391,0.6604526527459706,0.1235866485250957,-1.3375298887884606,-1.391571187554895,1.1310763100774488,0.3072156283029106,2.6277946990989483,-0.12108735471515358,0.07038096169251853,-0.08461216595201096,-0.45212016361337204,3.09473101675,-0.39205819765199834,-0.5153663794146937
0.018808841705322266,-0.6653151257648635,0.6604545707638323,0.12359679703687247,-1.337506557028342,-1.3915665707006197,1.1310684654828367,0.13792429597581057,2.753899746934861,0.24774191947919597,0.06469676748896125,-0.061271811684834844,-0.45830671069025136,3.0947038370319824,-0.3920391241656702,-0.5153744856463831
0.02085590362548828,-0.6652974579546247,0.6604711345927424,0.12358025956699317,-1.3375298726395388,-1.3915602494024168,1.1310621863952912,-0.1837648128811817,3.018968972633788,0.17947336373463757,0.062456708257075964,-0.05714814754200183,-0.48361142911678157,3.0947348314472656,-0.39203101793398076,-0.5154097715960901
0.022902250289916992,-0.6653201606125865,0.6604451320934723,0.12360144954485916,-1.3374801485135124,-1.3915907620598884,1.131083467742822,-0.5113732064192564,3.321533265034555,0.2844355232257923,0.058648467504714655,-0.04511865214118787,-0.5045971970447324,3.0947229105183105,-0.3920190970050257,-0.5154026190387171
0.024934768676757812,-0.6653020656769527,0.6604610215659118,0.12359908661131194,-1.3375066120160495,-1.3915807944736516,1.131083642978399,-0.5066941402208006,2.962426867216026,0.702579718560364,0.0570541569418049,-0.03167903641930149,-0.5233251912054235,3.094765825862549,-0.392008129750387,-0.5154297987567347
0.026964664459228516,-0.6652857241232609,0.6604736105422738,0.12358075068803087,-1.3375363434598373,-1.3915526657943817,1.1310734190523162,-0.7724286956062743,3.230692318207636,0.6140901338399926,0.049165336988772575,-0.022288759018182988,-0.5121844609899675,3.0947348314472656,-0.39201432863344365,-0.515414063130514
0.02899479866027832,-0.6653124509690367,0.66043025856922,0.1235903386772304,-1.3374623270068782,-1.3916104187424108,1.1311383748864372,-1.1114849702072935,3.2333736365318613,0.7329457312497151,0.046769425394178166,-0.012463474124846514,-0.5192676509297819,3.0947276788898925,-0.3919633070575159,-0.5154345671283167
0.03102421760559082,-0.6652957123512164,0.6604423029083533,0.12357651056033282,-1.337441442902677,-1.3916235092779536,1.1310827921183984,-1.0910178586631456,3.1893909597245242,0.8827895395174754,0.04601206425759061,0.007840715086005692,-0.5368388905796171,3.094719095821045,-0.39197093645204717,-0.5155018011676233
0.033054351806640625,-0.6652869093595742,0.6604415960628989,0.12357279855525743,-1.3374879864829632,-1.3916016303007515,1.1311360655148521,-1.4255542679394861,3.431173000129098,0.7773452596747499,0.03843010223280352,0.013394426200769766,-0.5575521688157844,3.094738646144531,-0.3919480482684534,-0.5154741446124476
0.035102128982543945,-0.6652716694984626,0.6604602786849695,0.12356168702245801,-1.337531209830667,-1.391573856597153,1.1310786025363966,-1.5793613207103023,3.4331474080538578,0.7249116931592481,0.038312856222609146,-0.003018706627553513,-0.5774050151546446,3.094719095821045,-0.3919943014727991,-0.5154741446124476
0.03713488578796387,-0.6652582920733731,0.6604535588153106,0.12356787452259979,-1.3375185436616086,-1.3915806594893805,1.131106365625928,-1.7579529648258934,3.958042835782381,0.3834108091808906,0.0324660258951678,-0.0016902390707383332,-0.589559975973528,3.0947229105183105,-0.39195520082582647,-0.5154979864703577
0.03916764259338379,-0.6652713752401453,0.6604417887798348,0.12355564313013649,-1.3375157476889779,-1.3915968919416704,1.131114111320766,-1.901956103959245,3.87858786091478,0.43262135944427543,0.030605537883509296,0.0036994035938981654,-0.6058946226756189,3.094719095821045,-0.3919623533831995,-0.515503231679098
0.04119753837585449,-0.6652638070227137,0.6604333182841655,0.12354889994816744,-1.3375298268480322,-1.3916035703183742,1.1311651653574275,-2.1937596988537447,4.176514979417214,0.6202984766798232,0.02514895878721958,0.002322690687355045,-0.6239047157744384,3.0947467523762207,-0.39192420641054326,-0.5155218283282679
0.04322648048400879,-0.6652547892307101,0.6604370091571506,0.12354138622429153,-1.337516115615359,-1.391614310157047,1.131145859202334,-2.579509279659216,4.356460494850755,0.7798086811208325,0.020332556892295947,0.011416675517537733,-0.6446473119247006,3.0947467523762207,-0.39191943803896123,-0.5155618826495569
0.045255422592163086,-0.6652514245873015,0.660434907558285,0.12355404773904294,-1.3374975279043866,-1.3916237394804363,1.131135324250621,-2.7872452519039097,4.317229963982578,0.8901063428274505,0.013888465246894174,0.012138211483780179,-0.6577860847875923,3.0947505670734863,-0.391914192830221,-0.5155823866473597
0.047283172607421875,-0.6652477576067592,0.6604167418613712,0.12351942169782584,-1.337577349035959,-1.3916041822560008,1.1311982640625537,-2.6834754564285506,4.3349234975039606,0.7167260190143194,0.013784859487250278,0.009605589266235738,-0.6708267944822032,3.09473101675,-0.3919108549701136,-0.5155509153949183
0.04931235313415527,-0.6652600453134165,0.6603991096176822,0.1235289410474604,-1.3375417651035013,-1.3916327365411871,1.1312143777695363,-2.907750200154795,4.5049260412018,0.4863280295244541,0.012115483090914064,0.011711522990645044,-0.6849102847848046,3.0947348314472656,-0.3918955961810511,-0.5155680815326136
0.05134105682373047,-0.6652431841149467,0.6603913906581396,0.12351687381273785,-1.3374838419739472,-1.3916675876460278,1.131234115956249,-2.9688277066430975,4.719176061095435,0.5296667912247551,0.0033993731403812733,0.01688895797580839,-0.7003329466613516,3.09473101675,-0.39183265367616826,-0.5156458059894007
0.05337047576904297,-0.6652224861945417,0.6604142703711811,0.1235184441275097,-1.337514578764826,-1.391639736043787,1.1311696883406974,-3.327611131240944,4.8106299275325854,0.6532276434457289,0.0019667502554890637,0.019635500775511593,-0.7192676937227847,3.094719095821045,-0.3918712774859827,-0.5156539122210901
0.055431365966796875,-0.6652438474703328,0.6603804618463309,0.12349345143514788,-1.3375531220312642,-1.3916628754787987,1.131268740893383,-3.3054169342184907,4.5859188871648024,0.65049440223822,-0.004036751719575515,0.016106583892562382,-0.7369190033439309,3.0947539049335937,-0.39184362093080694,-0.5156462828265589
0.05746054649353027,-0.6652338796381585,0.6603840915360863,0.12349002325574893,-1.337539090762052,-1.39166693053573,1.1312388173213148,-3.480302957707908,4.83606785610198,0.46727367421705224,-0.0077928316198337955,0.02450682164856479,-0.7455045036056314,3.0947348314472656,-0.39184743562807256,-0.5156744162188929
0.059488534927368164,-0.6652227542697515,0.660384769789613,0.12348250501772452,-1.3375344518740877,-1.3916695003869533,1.131214983131382,-3.529367769013679,4.7718104075084495,0.4320215804948715,-0.013647669939730434,0.026473029059397808,-0.75133687578345,3.094711943263672,-0.3918512503253382,-0.5157015959369105
0.06151270866394043,-0.6651975414099502,0.660393418255917,0.12345176887172482,-1.3376310230138437,-1.3916402410407922,1.1312799109175442,-3.589607691731282,4.509677541491021,0.6814227296965241,-0.014687732765271577,0.023663490553669987,-0.7635004979333678,3.094765825862549,-0.3918231169330042,-0.5157068411456507
0.06354117393493652,-0.6652206046312139,0.6603509630214953,0.12346826753091587,-1.3375238429898813,-1.3917103850372778,1.1313045843660452,-3.598409847908423,4.847172246895865,0.5270776675023267,-0.031245363178757618,0.039216018329683716,-0.7653462009737211,3.094738646144531,-0.3917806784259241,-0.515756909047262
0.06557059288024902,-0.6651999423615768,0.6603654183150033,0.12348737332303575,-1.3375530304997312,-1.3916764772518184,1.1313246249077997,-3.7194146162914805,4.6186287756104045,0.6566889686262876,-0.03148836845215272,0.037045815792056055,-0.7746678307939602,3.0947577196308593,-0.3917596975909632,-0.5157306830035608
0.06759953498840332,-0.665175848955629,0.6603702823666353,0.12345543544404083,-1.3375460246604702,-1.3916771126960612,1.1313216380685487,-3.70811153889308,4.589376469459927,0.520316949851243,-0.0328742349766496,0.04182774094286109,-0.7820301346142187,3.0947229105183105,-0.3917325178729456,-0.5157735983477991
0.06962871551513672,-0.6651853759604651,0.6603583796096789,0.12345302410361193,-1.3375441082583084,-1.3917161462734622,1.1312809067657132,-3.9151881765290866,4.867545810459379,0.4831536531932722,-0.05086942091120494,0.04858732789974886,-0.7938596400428295,3.0947539049335937,-0.39176732698549444,-0.5158446470843714
0.07165718078613281,-0.6651678129076466,0.660357669891961,0.1234248076954348,-1.3375559134420587,-1.3916975448035391,1.1313329423436194,-4.11693707809662,4.969003059279133,0.53999884152705,-0.04460849433674957,0.04602624661200989,-0.8016729494646573,3.0947157579609375,-0.39172059694399053,-0.5158270041095179
0.0736854076385498,-0.6651482343600904,0.660365768028024,0.1234208869857156,-1.3375715315125327,-1.391702723765439,1.1312950796072623,-4.265167705455031,5.053317683199522,0.4404966250889165,-0.05139556152965841,0.04532908763437145,-0.8062095651577534,3.0947348314472656,-0.3917315641986292,-0.5158885161029261
0.0757143497467041,-0.6651660554572925,0.6603308811742012,0.12341777682297428,-1.3375423568629206,-1.3917435160808995,1.1313494478547839,-4.226237262722595,5.161605152134997,0.32182812267303096,-0.07011796986628521,0.052548068400532034,-0.8166531742218094,3.0947348314472656,-0.3917000929461878,-0.5159090201007288
0.0777430534362793,-0.6651445535505168,0.6603385756643418,0.12340784402270928,-1.3375759765575175,-1.3917185478978433,1.131350611584422,-4.532307338509971,4.946475955674433,0.47714590682707814,-0.07285405932290265,0.049764296595247136,-0.8326591659450528,3.0947157579609375,-0.39169532457460576,-0.5159052054034632
0.07977128028869629,-0.6651243969085169,0.6603506328135399,0.12343680633776598,-1.337480705402234,-1.3917310124482698,1.1313395348500541,-4.579667020275124,5.1905467600487185,0.3199753282290999,-0.0730909066177467,0.049016374390164257,-0.82806591602132,3.0947038370319824,-0.39163285890688115,-0.5159419218646448
0.08179974555969238,-0.6651331086019705,0.6603157926628579,0.12339684927209092,-1.337546466215622,-1.391760084036874,1.1314211092283533,-4.646825914262109,5.017409406745279,0.38129692356372513,-0.07741100818429844,0.054896233311325864,-0.845761797212513,3.0947467523762207,-0.39161664644350225,-0.5159810225116175
0.08382821083068848,-0.6651020781471781,0.6603438229040989,0.12337310466313402,-1.3376122738827465,-1.3917245951947914,1.1313783752643507,-4.81262155780473,5.010754798046063,0.6151076654363449,-0.09057927053112308,0.059198423403372565,-0.8576780880713493,3.0947505670734863,-0.3916438261615198,-0.5160015265094202
0.08585691452026367,-0.665099015148354,0.6603155273774883,0.12338180001181857,-1.3375469742348596,-1.3917545336444879,1.131440246105122,-4.604615836539472,4.796139183755512,0.19601931522519045,-0.09833501505216713,0.06418313955735289,-0.8690952398502577,3.094719095821045,-0.39156943956484014,-0.516022030507223
0.08788514137268066,-0.6650853118493507,0.6603278350409015,0.12336848279148589,-1.3375590605986127,-1.3917674638023345,1.1313365483678193,-4.6063478499771975,4.806199674255059,0.20147783653843165,-0.10514842971603133,0.06145714328563704,-0.8770366333226783,3.0947157579609375,-0.39163095155824834,-0.5161040464984339
0.08991241455078125,-0.6650699255950464,0.6603228632323161,0.12335669507655919,-1.337601210234609,-1.3917480614874642,1.1314488442639896,-4.856456290091645,4.920249848186467,0.20534674438355138,-0.1085777034998261,0.05816862711079971,-0.8855069208164109,3.0947505670734863,-0.39155608812441045,-0.5160787741290491
0.09193778038024902,-0.6650575286955411,0.6603169625528849,0.12334502699261783,-1.33762118757976,-1.3917583247470984,1.1314551907121149,-5.058112334583555,4.9779508377540065,0.1891310295237022,-0.11430120488132411,0.05518681051833345,-0.8909259845384467,3.094765825862549,-0.3915475050555628,-0.5161250273333948
0.0939645767211914,-0.6650533670694088,0.660292436681873,0.1233404430002264,-1.33758511029509,-1.3917870894169209,1.1314995357754352,-5.018376115453415,4.891930188383683,0.09110359681801128,-0.12100247377383941,0.05840947980874718,-0.8961766558932993,3.0947467523762207,-0.39149696031679326,-0.5161607901202601
0.09598994255065918,-0.6650561511177263,0.6602931915098459,0.12334717435441667,-1.3375571273473865,-1.391799307523305,1.1314376080928177,-5.0227144086326145,5.064083469676973,-0.07137096588033287,-0.12561114726185432,0.0623110043466673,-0.9012521935463035,3.094719095821045,-0.3915308157550257,-0.5161846319781702
0.09801745414733887,-0.6650220711304694,0.6603097516716985,0.12334204895436812,-1.3376102527000766,-1.3917658151600734,1.1314500427551286,-5.506069890611908,5.325814478450826,-0.21560539887864172,-0.14100112747699356,0.061930504678580627,-0.9003656570496217,3.0947348314472656,-0.39151174226869756,-0.5161932150470179
0.10004258155822754,-0.6650089654168,0.6602944759862376,0.1233209219139822,-1.3375863885786707,-1.3917855414402867,1.1314730652895355,-5.326301190669252,5.1273097916351835,-0.22872084058073305,-0.14533890571464878,0.06154781401740898,-0.9063450500866064,3.0947000223347167,-0.3914721647845667,-0.5162375609027308
0.10206937789916992,-0.6650144831846788,0.6602929071167848,0.12332483682758494,-1.3375760239572687,-1.391813561265448,1.1314609271051939,-5.514068264830326,4.976619852676112,-0.06910727935671646,-0.1469719076776335,0.055622745674670404,-0.9098087023974109,3.0947505670734863,-0.3914759794818323,-0.5162890593158167
0.1040947437286377,-0.6650058464529112,0.6602767885704043,0.12334024475313302,-1.3375287795647965,-1.3918308922387381,1.1314935428284174,-5.54956052647402,5.200130802888599,-0.2537780161502209,-0.15877597248873482,0.0658832337838606,-0.9158397018284481,3.09473101675,-0.3914240042315882,-0.5163095633136194
0.10612130165100098,-0.6649779230784909,0.6602872956642769,0.12331608269147973,-1.337590016714634,-1.3918107993873576,1.1314878237307964,-5.677790286445188,5.194709821929959,-0.11061646121144941,-0.17048581464689275,0.06611002797671586,-0.9224242290834728,3.094738646144531,-0.3914278189288538,-0.5163405577289026
0.10816216468811035,-0.6649655486016776,0.6602803840720952,0.1232893492076898,-1.3375880846260597,-1.3918249374050253,1.131485313202036,-5.629019594469353,5.231011389692564,0.021265849894311906,-0.1742694656523055,0.06807496328128672,-0.9337399079580468,3.0947157579609375,-0.39141589799989873,-0.5163887182818812
0.11018919944763184,-0.6649526621718361,0.6602728316030001,0.1233073245784713,-1.3375260758687535,-1.3918390470462516,1.1314980240220132,-5.7009501734761745,5.412363780800382,-0.20220920987084645,-0.18529813721034177,0.07106523983956688,-0.930675836523631,3.0946881014057617,-0.3913653532611292,-0.5164125601397913
0.11221480369567871,-0.6649383437044699,0.6602772262849337,0.12327781855519829,-1.337620384760401,-1.3918260340126762,1.1315120305084352,-5.785849079661058,5.142073300537571,-0.10364902859166203,-0.1863758806711175,0.061744582895906404,-0.93095228365539,3.094738646144531,-0.3913834730731409,-0.5164416472064417
0.11424136161804199,-0.6649181178701873,0.6602745389616349,0.12328550036171104,-1.337576541068387,-1.3918347508746112,1.131540477877268,-5.8236476320280826,5.206412901269589,-0.27430062970082714,-0.1933402073807006,0.08219536939745165,-0.9413530243711135,3.0947276788898925,-0.3913210074054163,-0.5164726416217249
0.11626696586608887,-0.6649050916441568,0.6602667382454636,0.12324955908258628,-1.33768805679955,-1.3918205428840191,1.1315671465994515,-6.145716535100234,5.192174971786354,0.2442700573832448,-0.20224017120633023,0.11690968199634239,-0.9497868955166076,3.0947577196308593,-0.39134389558901006,-0.5164931456195276
0.11829447746276855,-0.6648962132782712,0.6602612252610022,0.12328095672643496,-1.3375700377584467,-1.3918542948921215,1.131530277586862,-5.931578982123432,5.069012368495061,0.3090614791596522,-0.2105913367320189,0.13757000108964398,-0.952595646548825,3.0947109895893554,-0.3913043181048792,-0.5165441671954554
0.12031960487365723,-0.6648544984806428,0.6602649214253201,0.12325919052121896,-1.337591575093051,-1.3918343418481898,1.131549049694952,-5.961215634280774,5.19362710966972,0.5540712528176319,-0.21286130818849872,0.16541003933117163,-0.9654547086755207,3.094672365779541,-0.3912609259234827,-0.5165756384478968
0.12234973907470703,-0.664878453337128,0.660229910017219,0.12325621518685831,-1.3376041217861439,-1.3918747484658065,1.1316210560363709,-6.388680080446484,5.067610182361788,1.0071094902948403,-0.21744021030384406,0.17756592931943277,-0.9713195603606348,3.094726725215576,-0.3912408987628382,-0.5165970961200159
0.12439489364624023,-0.664840989696464,0.6602594539758253,0.12326776502181837,-1.3376018867988029,-1.391850191056907,1.1315307896362161,-6.374182663658455,5.326431769237727,0.7577466393755936,-0.23065683702232342,0.20082874689812222,-0.9592017893653494,3.0946990686604003,-0.39126378694643194,-0.516637150441305
0.1264479160308838,-0.6648289648407926,0.6602450876308582,0.1232710566716264,-1.3375473795823258,-1.3918640136156135,1.131595989120295,-6.418686614560451,5.062199472822456,1.1032932865766194,-0.23300462432832683,0.21274917001444782,-0.9625305070916476,3.09467522680249,-0.3911808172809046,-0.5166485945331019
0.1284770965576172,-0.6648014050859241,0.6602485447010349,0.12324089988253101,-1.3376110969198696,-1.391853578261379,1.131593610706535,-6.297415928142252,5.398821701452055,1.0287881545300617,-0.24099583303747474,0.20812381939595218,-0.9665307545630772,3.0946833330341796,-0.391184155141012,-0.5166967550860804
0.13050627708435059,-0.6647866210696751,0.6602350070429451,0.12324794615453954,-1.3375558506204912,-1.39188632964935,1.131610667113538,-6.332882928780879,5.311843704446499,0.8559726783082879,-0.23814310626495647,0.21570809895665338,-0.9716784477976326,3.094679995174072,-0.39112931886781865,-0.516763989125387
0.13253259658813477,-0.6647731804162021,0.6602365412711445,0.12325533181933768,-1.3375388802244186,-1.3919000561715904,1.131588593620959,-6.406150054573893,4.9791598455026405,0.8530573513922652,-0.22638890083911278,0.1956554710017615,-0.958068855189343,3.094690962428711,-0.391120735798971,-0.5168159643756312
0.13455581665039062,-0.6647408553341013,0.6602495845595312,0.12326514278386715,-1.337577935524256,-1.3918599238544533,1.1315890300801834,-6.549123870099839,5.061140189510204,0.8452484390728847,-0.21692896339089945,0.18416366933819373,-0.95698478720562,3.09467522680249,-0.3911092917071741,-0.5168011824237269
0.1366105079650879,-0.6647445625189685,0.6602271134352793,0.12323875305787181,-1.3376178551159665,-1.3918807050600808,1.1316206242250322,-6.535409499487776,5.089174277260882,0.4439413987744272,-0.20890869998973194,0.17832679900991363,-0.9625449416624445,3.094690962428711,-0.39111119905580694,-0.5168369452105921
0.13863229751586914,-0.6647030783988205,0.6602495743478672,0.12327067783415813,-1.3376101952533987,-1.3918521408418565,1.1315980927989069,-6.394111365271554,5.061493010245368,0.1050219704837787,-0.2094637489495149,0.16867167345546605,-0.9609143379752918,3.094690962428711,-0.39108020464052373,-0.5168564955340784
0.1406536102294922,-0.664693230197271,0.6602467920907562,0.12325958652948876,-1.3375843486095376,-1.3918797677601304,1.1315572731183066,-6.3221896226415915,4.93183916694334,0.03544198982400082,-0.20991434828189026,0.16128636864212564,-0.9635984057376757,3.0946823793598632,-0.39108401933778936,-0.5169313589679163
0.14267563819885254,-0.6646538123123632,0.6602442816658679,0.1232953331197062,-1.3375717598356551,-1.3918788155501345,1.131561334392794,-6.09886871584429,4.753377139575356,-0.2826236548394564,-0.20057845440056093,0.1048556742290012,-0.9494512121251083,3.094690962428711,-0.39103633562196904,-0.5169876257525843
0.14469647407531738,-0.6646259343834018,0.6602493947626629,0.12327609367859385,-1.3375765694194093,-1.3918778468875161,1.131572389496505,-5.9586844145675615,4.912066239779845,-0.6149184698635924,-0.20052446639580143,0.0848350744395532,-0.9373583474900972,3.0946871477314453,-0.3910000959979456,-0.5170353094684046
0.14671730995178223,-0.6646160678654962,0.6602260351553103,0.1232859463251865,-1.3375442226292673,-1.3919041886838257,1.1316276450051064,-6.226686083617646,4.752135525233473,-0.6076499916723425,-0.19712627991611606,0.06694930491335918,-0.9362971698267083,3.094690962428711,-0.3909371534930628,-0.5170753637896937
0.14873838424682617,-0.6645983806318438,0.6602457422043826,0.12332120929276777,-1.3375136442244855,-1.391897878172288,1.1315351444292758,-6.255740152424287,4.6779318718561615,-0.899510182647897,-0.2015499144058516,0.059017602430991564,-0.9379866234234087,3.094679041499756,-0.3909686247455042,-0.5171073118792933
0.15075945854187012,-0.6645689288207071,0.66024584594339,0.12333596027748606,-1.3375538652592993,-1.3918714224792565,1.1315704505445874,-6.329977454221292,4.739278718829863,-0.614181979264181,-0.19703417223531708,0.035634823412481274,-0.9333523962753993,3.0946871477314453,-0.3909361998187464,-0.5171049276935022
0.15277934074401855,-0.6645254381845211,0.6602694799079953,0.12333058655899606,-1.3375623674211123,-1.3918528059490354,1.1315309728429572,-6.175694268426799,4.885023294643544,-0.970407257430367,-0.20433288389626286,0.04646765065779582,-0.9357602024946178,3.094679041499756,-0.3909204641925257,-0.5171602408038538
0.1548023223876953,-0.6645126270717019,0.6602538590591439,0.12333710893164593,-1.3374925394840997,-1.3918907024328824,1.131516370333158,-6.1942714218146255,4.516551082228528,-0.8248285083003903,-0.19078649370308629,0.043883212019134754,-0.9408771092092592,3.094647093410156,-0.39088470140566045,-0.5172346274005335
0.15682291984558105,-0.6645168617812761,0.660232571170816,0.12335722671443847,-1.337467381092175,-1.3919204498221593,1.131545662664537,-6.167981679811299,4.441786694712563,-0.8050050200129564,-0.19503759666379478,0.0345714941599595,-0.9346770439549068,3.0946714121052246,-0.39085704485048467,-0.5172670523272913
0.1588454246520996,-0.664477385469569,0.6602437488233376,0.12335230652379922,-1.33752248184876,-1.3918875488490923,1.1315358265758637,-6.277776615059107,4.29099049246596,-0.7060672298166789,-0.1902857736996714,0.03608736932549591,-0.9279912657197062,3.0946594911762695,-0.39085227647890264,-0.5172870794879358
0.16088151931762695,-0.6644470932025228,0.6602487989830383,0.12335157043440631,-1.337533594390283,-1.3918735699402491,1.131592451465749,-6.5904800141573485,4.814277987568523,-0.5939873477213694,-0.19253906987730487,0.0381151778572459,-0.9185075340259727,3.094679041499756,-0.390785042439596,-0.517303768788473
0.1629023551940918,-0.6644184183903784,0.6602530983327969,0.12336609425158923,-1.3374465832570217,-1.3918983821248776,1.131523947540761,-6.538644335846769,4.5277173054297455,-0.6495546819783473,-0.1905343691756689,0.03901620936427293,-0.9239199111089769,3.094628019923828,-0.39076120058168584,-0.5173905531512659
0.16492629051208496,-0.6644065979367427,0.6602479421073533,0.12339742085859193,-1.337474577028991,-1.391894232447711,1.1315440027098689,-6.285450263514769,4.4313823449114915,-0.7752410126369682,-0.1882376541863554,0.03670169133993663,-0.92129061765074,3.09467522680249,-0.39074927965273076,-0.5174039045916956
0.166947603225708,-0.6643812211640684,0.6602484412208522,0.12338718132020304,-1.337455989686799,-1.391902819176318,1.1315484607573563,-6.365240727577303,4.1867753595798645,-0.4415581372541787,-0.18494088429829045,0.02335715633738209,-0.9194582177630344,3.094663305873535,-0.3907097021685999,-0.517458740864889
0.16896843910217285,-0.6643481884490031,0.6602591666073726,0.1233849424751961,-1.3375314280992956,-1.391871516454866,1.131538011373497,-6.425705806055641,4.406280496663037,-0.6905829572073187,-0.19352033905146904,0.032793243621247796,-0.9155744659481847,3.094679041499756,-0.3907206694232386,-0.5174787680255335
0.1709885597229004,-0.6643403790090529,0.6602427582548503,0.12339470039278064,-1.3375103631498724,-1.3918857249613308,1.1315566990288428,-6.390129613908025,4.328777355950018,-0.8898254147228766,-0.18975221478638898,0.03540963014979733,-0.916284924168109,3.094663305873535,-0.3906925360309046,-0.5175026098834437
0.17300868034362793,-0.6643117337510496,0.6602561580802763,0.12341866127140655,-1.3374514531449735,-1.3918930238390617,1.131505277963316,-6.683298125112328,4.281506557389897,-0.7519696193149579,-0.19212997001435395,0.027246152621558873,-0.9188679113114561,3.094647093410156,-0.39066869417299444,-0.5175626913653772
0.17502951622009277,-0.6642767816638537,0.6602588906098499,0.12341889049378979,-1.337498493422507,-1.3918759881453544,1.1314955407997551,-6.6838405934782,4.0705227190865525,-1.0543747273524406,-0.1905074133402729,0.026472832288995263,-0.9067170120823759,3.094647093410156,-0.3906644026385706,-0.5176027456866663
0.1770491600036621,-0.6642631578466199,0.6602462055345423,0.12343726256437138,-1.337469356043914,-1.3918821063862516,1.1315476670695321,-6.698820662811288,4.038930633634193,-0.9324611101699238,-0.18951528948223398,0.012719074191364445,-0.8965921085588271,3.094643755550049,-0.390601936970846,-0.5176118055926722
0.17907357215881348,-0.6642215562835175,0.6602810825385974,0.12347492711870058,-1.3374737210329601,-1.3918529901853314,1.1314696787178715,-6.647718760082724,4.265617887177126,-0.947471708819196,-0.18992346954975176,0.01766025632186916,-0.9000979824124996,3.094663305873535,-0.39061290422548467,-0.5176518599139612
0.1810932159423828,-0.6641915194644645,0.6602728118970947,0.1234381517069407,-1.3375414197898015,-1.3918411462141054,1.1315149918766314,-6.6594738400515245,4.29840945208431,-0.9031734692668096,-0.1942620618458875,0.026235756105987475,-0.898607548002067,3.0946594911762695,-0.3905847708331507,-0.5176871458636683
0.18311333656311035,-0.664172599355445,0.6602707009814673,0.12347844585987074,-1.3374632082071374,-1.3918721091727342,1.1314880096394724,-6.635567303696496,4.452196004356811,-0.8421170159359606,-0.19315669642104072,0.030000078358624418,-0.8994534105701852,3.094670458430908,-0.3905442396747034,-0.5177634398089808
0.1851332187652588,-0.6641409616810068,0.660267847888647,0.12346162306163502,-1.337528808851201,-1.3918520861894386,1.1315218341309035,-6.791924649191306,4.207582235691771,-0.659548210200167,-0.18455544842782884,0.022538214057527598,-0.9000609157855243,3.09467522680249,-0.3905218283282679,-0.5177872816668909
0.18715572357177734,-0.6641162419014119,0.6602789373109121,0.12348755602196436,-1.3374826076682964,-1.391862431397405,1.1314997670463194,-6.928222275464761,3.9052055823229086,-0.841639090782501,-0.187971428062341,0.02099008246461838,-0.8928847667038072,3.0946943002888183,-0.39048558870424444,-0.5178459326373499
0.1891951560974121,-0.6641023893398716,0.6602635493533858,0.12349562369498057,-1.3374499925918324,-1.3918725251153685,1.1314734500318817,-7.0936086629794035,4.202163036468279,-0.964455717258702,-0.1917742942723198,0.020482870010506703,-0.8848742568579511,3.094628019923828,-0.3904808203326624,-0.5178745428668421
0.19121527671813965,-0.6640707706524323,0.6602628481730373,0.12348451732872265,-1.3375098871894233,-1.391856525140651,1.1315291726673644,-7.147864418768534,4.10866584987543,-0.8230506431095903,-0.18797633939993516,0.018269549831898615,-0.8852482726298939,3.094663305873535,-0.3904374281512659,-0.5179031530963343
0.1932353973388672,-0.6640379404110524,0.6602788200794553,0.12351618636549948,-1.3375071979610138,-1.3918494739189735,1.1315043756567968,-7.221879947695351,3.824412717505717,-0.8298692774297977,-0.19308097558573561,0.021831534517503783,-0.8897812332474444,3.0947019296833496,-0.390416447316305,-0.5179551283465784
0.19525623321533203,-0.6640033365202231,0.660281646649739,0.1235216895735873,-1.3374733192062307,-1.3918472656243668,1.1314781989691383,-7.144456222638299,4.1163003605756,-0.9283365851000565,-0.192577958236898,0.027323227740016207,-0.8899610209606328,3.094650908107422,-0.3903854529010218,-0.5180018583880823
0.19727730751037598,-0.663972703763783,0.6602818382284856,0.12350441584827196,-1.337569218279316,-1.3918169289751077,1.1315252241823248,-7.306561301908299,4.232748946326856,-0.8488240400490733,-0.1920012417560903,0.017998198121029988,-0.8850949216584484,3.094679041499756,-0.39036876360048467,-0.5180113951312464
0.19929718971252441,-0.6639555049670713,0.6602785931698162,0.12354707597357065,-1.3374814266700374,-1.3918443919353918,1.1314853323114238,-7.309962862888508,3.634132188250024,-1.1818018777000687,-0.18600314599775025,0.020213461068930915,-0.8854290875399504,3.094663305873535,-0.39033681551088506,-0.5180748144732874
0.20131635665893555,-0.6639386992281094,0.6602848596193415,0.12357290738261359,-1.337475189556255,-1.3918374665090454,1.131448123212156,-7.311006020320855,3.610768958503505,-1.1006379917487525,-0.18912237738613197,0.01626504073744929,-0.8781877270143678,3.0946594911762695,-0.3903439680682581,-0.5180948416339319
0.20333647727966309,-0.6638993165683995,0.6602845664609737,0.12355657369955209,-1.3375032147960755,-1.3918351513094185,1.1314694937423966,-7.338791037615257,3.6925805553584707,-1.0939813972630308,-0.18993068354172035,0.014537880939854565,-0.8743243933205203,3.0946671205708007,-0.3903010527240198,-0.5181620756732386
0.20535683631896973,-0.6638601526237687,0.6602948478228575,0.12356686481211437,-1.337525957233318,-1.3918103077574593,1.1314899670239673,-7.383341528571324,3.7405602777686195,-1.0064592920477078,-0.19811320686819434,0.021464290166631622,-0.8676339727538132,3.09467522680249,-0.39025766054262334,-0.5181825796710413
0.20737838745117188,-0.6638313157574491,0.6602950219337049,0.12354674723165049,-1.3376005543434724,-1.3917923526596812,1.131507147956638,-7.522855735308874,3.4964219921400255,-1.0115540307569968,-0.19566105828227875,0.02099080536665917,-0.8650384122669894,3.0946900087543945,-0.3902528921710413,-0.5182145277606409
0.20939898490905762,-0.6638042463942919,0.6602990138163513,0.12359954899116271,-1.3374916952874878,-1.3918147126987888,1.1314556524535826,-7.557424446976403,3.4237916259886587,-0.7619741347231469,-0.1878334205283122,0.003599356986564507,-0.852197821148454,3.094663305873535,-0.3902085463153284,-0.5182817617999476
0.21141934394836426,-0.663770206649148,0.6603075723698508,0.12359604719903071,-1.3375016024612094,-1.391804006400064,1.1314404071995878,-7.461627551242278,3.0633789786813264,-1.2098594871489492,-0.18659461326804544,0.01030780785963116,-0.8560460082743077,3.094650908107422,-0.3901889959918421,-0.5183261076556605
0.2134544849395752,-0.6637345893892808,0.6603057232836423,0.12360466187269128,-1.3374802711147404,-1.3918075480407361,1.131458089971759,-7.779402691921717,3.376516510417225,-1.191406297433718,-0.19700147498983508,0.02066171019892921,-0.8471259457625887,3.094643755550049,-0.3901298681842249,-0.5183818976031702
0.21547436714172363,-0.6637155678485352,0.6603055759021689,0.12362959460349879,-1.3374534006864829,-1.3918167512302169,1.1314508055795278,-7.855395466575217,3.6866968653170504,-0.9946919844379402,-0.20454464189571459,0.022117861670266237,-0.8378102647464294,3.094656153316162,-0.3901017347918909,-0.5184257666217249
0.2174975872039795,-0.663686745367786,0.6603070961533272,0.12362824822093976,-1.3374843341161664,-1.39180318054728,1.131433756641366,-7.715338261854513,3.188640251260942,-1.0374392992781023,-0.19624016969156952,0.012283914956106421,-0.8345297410677955,3.094639940852783,-0.3901017347918909,-0.5184581915484827
0.21951746940612793,-0.663636250610385,0.6603337264766729,0.12364438908492176,-1.3375347964521882,-1.3917709169096304,1.1314037216421469,-7.769180922900142,3.0556266426819514,-0.9566567051592192,-0.19690540734175982,0.00981299276441617,-0.8251929020122295,3.094679041499756,-0.39009219804872686,-0.5185096899615687
0.2215561866760254,-0.6636286628732544,0.6603018224401854,0.1236477311602586,-1.337493453709789,-1.3918097722484535,1.1314883966595695,-7.8927898439702755,3.101769317621008,-1.044644871826545,-0.1955519191437928,0.015454336633181643,-0.8103183627142865,3.094690962428711,-0.3900058905230921,-0.5185611883746546
0.22357654571533203,-0.6636006054461283,0.6603117844655404,0.123668936758163,-1.3374911463497974,-1.3917974915114297,1.131416647872821,-8.021365559608146,3.245246498596116,-1.1164838704820088,-0.20185126570746104,0.01757791303167841,-0.8045310702690556,3.0946594911762695,-0.39002925554384404,-0.518597427998678
0.2255995273590088,-0.6635497352549893,0.6603305628460411,0.12370981915973644,-1.3374491708060223,-1.3917867244355624,1.1313997487086804,-7.975587018893135,2.781466779480115,-1.2367936760250209,-0.19718710693956612,0.016603335214326154,-0.7997243507496332,3.094668074245117,-0.38996631303896123,-0.5186575094806116
0.22762084007263184,-0.6635127900190119,0.6603407470975122,0.12370934455629012,-1.3374779243284092,-1.3917755567434167,1.131412305087447,-8.004450197104669,2.6110758312277498,-1.239066384200904,-0.20437978152252564,0.014561633855541484,-0.7950809974687292,3.0946990686604003,-0.389930550252096,-0.5187090078936976
0.22964239120483398,-0.6634809085843759,0.6603333692782735,0.12369459946325756,-1.3375754323240876,-1.391744123762788,1.1314839402809305,-7.949048101277469,2.6359463204082694,-1.1735296874810728,-0.2033212782238452,0.013192240716555418,-0.7858929543623088,3.094721956843994,-0.3898981253253382,-0.518709961568014
0.23166322708129883,-0.6634650657156479,0.6603301138396814,0.12371739296309278,-1.337496326403797,-1.3917721509137906,1.1314617291699502,-7.943294685633334,2.453727874092603,-1.371438172869469,-0.2077565167809714,0.00355277812002751,-0.7700878304739562,3.0947062212177734,-0.3898580710040491,-0.5187729040728968
0.2336864471435547,-0.6634259641741516,0.6603455536614278,0.12374971375464827,-1.337498086738823,-1.3917502213738944,1.1313989868188048,-7.907202560765447,2.1431243307040155,-1.5103290103694047,-0.20208059190480784,-0.010769621432568946,-0.7510776296400922,3.0946871477314453,-0.38986522356142217,-0.5188091436969202
0.23571014404296875,-0.6633881580763298,0.6603539415395047,0.12378228512783859,-1.3374812805324072,-1.391736392685105,1.1314104560790494,-8.13000811953335,2.2030077063805202,-1.4483562946936703,-0.21038224424261986,-0.003993370512179035,-0.737260952192323,3.0946952539631347,-0.3898103872882288,-0.5188382307635706
0.2377321720123291,-0.6633483470296434,0.6603640444321421,0.12378891897657536,-1.3374560804292042,-1.391746132160531,1.131340266752568,-8.341749092648183,2.0620254494832544,-1.4146438788690519,-0.21393005944761276,-0.00407908884954084,-0.7314837217498252,3.0946761804768066,-0.3898051420794886,-0.5189359823810022
0.23975324630737305,-0.6633423620926603,0.6603546087335019,0.12381618962825777,-1.3374250622966586,-1.391767384631097,1.1313384697480195,-8.278140229274058,2.3634000192903075,-1.3017461751826473,-0.21426961008281226,0.0009774258426164806,-0.7336635027219751,3.0946952539631347,-0.38978511491884404,-0.5189769903766077
0.2417740821838379,-0.6632809753087244,0.6603919569207111,0.12385592644898269,-1.3374698944858272,-1.391716660516341,1.1312884629030862,-8.506491576127408,2.4929158123390227,-1.2443630169908102,-0.2103443406997083,0.011899484774221468,-0.7445879515640819,3.094726725215576,-0.3897770086871546,-0.519012753163473
0.24379420280456543,-0.6632452332277767,0.6603961586457697,0.12383859076184849,-1.3374879016811705,-1.3917191891454417,1.1313168340232163,-8.564495386095903,2.454321972291744,-1.3220568762704292,-0.21679604254255494,0.00630534684202466,-0.738056791598811,3.0947539049335937,-0.38972503343691045,-0.519083325062887
0.24581503868103027,-0.6632296081454552,0.6603805549981826,0.12389308635323507,-1.3373707953911664,-1.3917511482640963,1.1313024015809443,-8.481842197436142,2.2144165223329644,-1.701650133592005,-0.2159645848288224,0.003931996996976097,-0.7152524441492264,3.094711943263672,-0.38966638246645147,-0.5191314856158655
0.2478349208831787,-0.663191924258985,0.6604030163993069,0.12389733413038076,-1.337459682839702,-1.3917132055744326,1.1313157537830738,-8.599254463272626,1.933836546043974,-1.8447438775299922,-0.2182813667282663,-0.012093877037331942,-0.6933971650424351,3.0947820383259277,-0.3896573225604456,-0.5191529432879847
0.24985408782958984,-0.6631452254606645,0.6604206166792813,0.12392846953135139,-1.3374836745832146,-1.3916770395147922,1.1312902314165274,-8.812378205917248,1.7287122932507262,-1.679044308157337,-0.21400290654885895,-0.024191266855181484,-0.683704970810025,3.094778223628662,-0.3896411100970667,-0.5191729704486292
0.25188779830932617,-0.6631330580287136,0.6603935132179053,0.12393403950647316,-1.3374548349410331,-1.3917099007172098,1.1313336661981483,-8.734781482737617,1.6847226048881703,-1.9538828598770757,-0.22548958710384237,-0.019599104571914824,-0.6732214444609476,3.094778223628662,-0.38958627382387334,-0.5192330519305628
0.2539081573486328,-0.6631074014270466,0.660388089382105,0.12395176783640813,-1.3374061511962358,-1.3917306437284707,1.1313443095931355,-8.951049020331249,1.6190689074214983,-1.940902153649503,-0.22428700454036762,-0.028873193254777108,-0.6666101545536588,3.094782515163086,-0.38952762285341436,-0.5193002859698694
0.25592803955078125,-0.6630727368034832,0.6604149683178968,0.12400524172954411,-1.3373809212201537,-1.3917168078541005,1.1312625257234348,-9.10993590646965,1.5693973141300703,-1.9993606295542299,-0.2237201636874451,-0.03790150564374455,-0.6581413012803173,3.094802065486572,-0.3895347754107874,-0.5193479696856897
0.2579481601715088,-0.6630430533333656,0.6604106273392256,0.12401676785670829,-1.3374290881890176,-1.3916940330191132,1.1312781542751533,-9.18749730713933,1.7523818666511035,-1.98252695492742,-0.2245646075311375,-0.037809867782333376,-0.6489474023355767,3.094798727626465,-0.3895214239703577,-0.519357983266012
0.2599680423736572,-0.6630110941303357,0.6604218881774551,0.12403055755186959,-1.3374016037425873,-1.3917051213603622,1.1312153829937595,-9.298185863551948,1.7282726701327022,-1.8495434938875566,-0.2233561290758112,-0.03183331932802069,-0.6532801941800248,3.094798727626465,-0.3895166555987757,-0.5194442907916468
0.26198863983154297,-0.6629766418419448,0.660429978175779,0.12405454508240103,-1.3373998264965123,-1.3917057731138196,1.1312407260517185,-9.200905326716011,1.3992694510778065,-1.8265652677375674,-0.22363142518915613,-0.04010535869491907,-0.6449439452200523,3.0948569017597656,-0.3894580046283167,-0.5195038954364222
0.2640249729156494,-0.6629572301070925,0.6604144535210955,0.12406715238340833,-1.3373997721234414,-1.3917119391138062,1.1312891404745933,-9.1229215333932,1.3217420588794329,-2.1204230045582086,-0.22421818504917546,-0.048935766575679523,-0.6253053785904947,3.0948654848286132,-0.38940650621523076,-0.5195325056659144
0.2660653591156006,-0.6628978165649113,0.6604454895639902,0.12409903390273744,-1.337381156570688,-1.3916863572782483,1.1312321815641795,-9.467261223287588,1.0512824545650106,-2.1505867067088595,-0.2244473166539749,-0.052605554158755015,-0.6174282517519913,3.0948616701313476,-0.38937408128847295,-0.5195964018451136
0.26808595657348633,-0.6628732279124094,0.660441263086825,0.1241512062084584,-1.3372974529325057,-1.391693938783231,1.1311859056314413,-9.574239629217384,0.8864489957052102,-2.146201230447595,-0.2225683453108498,-0.06208739836619339,-0.6063623078831587,3.094803972835205,-0.38934642473329717,-0.5196288267718714
0.27010607719421387,-0.6628422780370262,0.6604477823301251,0.12416606731841603,-1.3373165438051215,-1.391696657397378,1.131198151306468,-9.413492136719816,0.92451222353608,-2.0686987274883637,-0.22691481001043323,-0.06710202650970142,-0.6062676986122573,3.0948664385029296,-0.38931066194643194,-0.519696060811178
0.2721269130706787,-0.6628019313646564,0.6604757930290048,0.12418159669228011,-1.337360668401736,-1.3916686223814674,1.131158868089318,-9.737105774729857,0.9019390394630862,-2.148787185319134,-0.2198445163645923,-0.05522803337953201,-0.6128139251365089,3.094909830684326,-0.38931399980653936,-0.5197404066668909
0.27414703369140625,-0.6627742678428717,0.6604759727455152,0.12419483365998708,-1.3373344118145898,-1.3916823580090354,1.1311653064643068,-9.865311192007132,0.9772667967808164,-2.1076617187242426,-0.22757681929773438,-0.07104660947836,-0.6012518771174321,3.0949289041706542,-0.38926583925356084,-0.5198076407061976
0.2761669158935547,-0.6627637579373027,0.6604591640160808,0.12421625261792307,-1.3372780106281266,-1.3917116485882188,1.131123178212042,-9.674903160593571,1.392398846284578,-2.3330446065464336,-0.2259682971435585,-0.07368901647945407,-0.5861734386979669,3.094886465663574,-0.389261547719137,-0.519867245350973
0.2781870365142822,-0.6627237091071669,0.6604719653365928,0.12424671058507278,-1.3372755970251649,-1.3916960750894702,1.1311432590051642,-10.011811869411485,1.2976397076373571,-1.821053268239192,-0.22256759081857314,-0.057416704015591354,-0.6065324573883619,3.094921274776123,-0.38920289674867803,-0.5199030081378382
0.28020668029785156,-0.6627107976525359,0.6604548836533789,0.12427074414846155,-1.337229935256205,-1.3917252486854816,1.1311681584398565,-10.253225388069819,1.1607406092404278,-1.7676154199127134,-0.22308821946417667,-0.055067877749789176,-0.6029608281396943,3.0949336725422363,-0.3891504446612757,-0.5199592749225062
0.2822268009185791,-0.6626668474812276,0.66048487676433,0.12429742768356644,-1.337188465507449,-1.3917067624083403,1.1310689051717053,-10.083642889231834,1.0944380290620412,-1.7556881452506103,-0.22019435010210697,-0.0750750157982357,-0.5852951516649786,3.0948917108723144,-0.3891542593585413,-0.5200112501727503
0.28424692153930664,-0.6626459616863942,0.6604655133069309,0.12429299246577871,-1.3372097812879287,-1.3917317036003105,1.1311189699183355,-9.93524085473788,0.4869239917439947,-1.877461626843246,-0.22384369891048198,-0.07175681482249127,-0.5838992863486251,3.0949384409138183,-0.389106575642721,-0.520090405141012
0.2862668037414551,-0.662638720410643,0.6604484611159537,0.12432717077072976,-1.3371636251616794,-1.3917487102193737,1.1311329331228592,-10.0274157329071,0.7113503627503152,-1.702655455210662,-0.22205297289516768,-0.06432902355714273,-0.5729974885568918,3.0949265199848632,-0.38907081285585576,-0.5201109091388147
0.2882869243621826,-0.6625853263988208,0.6604712185699783,0.12429484337468744,-1.3372931737883156,-1.3916910146018155,1.1311810058154512,-10.064016480693825,0.8035906363934175,-1.6434887065248427,-0.22659003787959595,-0.06196822601634234,-0.5642046469235793,3.0949694353291015,-0.3890426794635218,-0.5201237837420862
0.29030704498291016,-0.6625488417408543,0.6604813632666505,0.1243180183132766,-1.337274532477249,-1.3916904199114903,1.1311576396543694,-10.051483811180695,0.6717960080986516,-1.6529848965450697,-0.22097527148807547,-0.060979673358894426,-0.5571065926853069,3.0949813562580566,-0.38901073137392217,-0.5201872030841272
0.2923281192779541,-0.6625059589728328,0.6604982477212658,0.12430702140149286,-1.3372854303778234,-1.3916835435248125,1.1311107858478653,-10.218414967743223,0.6576168205306372,-1.4421881256394524,-0.22985629416746461,-0.05899901855814248,-0.5556694113357703,3.0949742037006835,-0.3890021483050745,-0.520266358052389
0.29434800148010254,-0.6625037269426192,0.6604728313959543,0.12433493841873802,-1.3372693859444544,-1.3917069052705366,1.131167517570099,-10.342489332688988,0.44997398568923247,-1.6855420345966157,-0.2285699055481784,-0.05716565941514469,-0.5457954951729569,3.0950051981159667,-0.3889544645892542,-0.5202916304217737
0.29639101028442383,-0.6624512310375227,0.6604991874646098,0.12434458937335999,-1.3372875697419286,-1.3916732011631956,1.1311405832808574,-10.37600182041093,0.2405229910821272,-1.4642688809982065,-0.229582649210579,-0.0682423189163909,-0.5311757929741001,3.0950018602558593,-0.3889268080340784,-0.5203312079059046
0.29841184616088867,-0.6624239516880748,0.6605015991469576,0.12437849762868222,-1.3372503886044371,-1.3916721302238935,1.1311331154318895,-10.220548095674458,0.04166995583151123,-1.4011813823454258,-0.22416386842518765,-0.05552847722429203,-0.5304576130864185,3.0949947076984863,-0.38888723054994756,-0.5203636328326624
0.3004312515258789,-0.6623970184555124,0.6605106363106062,0.12438761786297853,-1.337250352736096,-1.391679139646,1.1310818835420176,-10.416876761796775,0.4483977472667519,-1.7114089480918317,-0.22916631802280937,-0.04436945724719189,-0.5192258734560303,3.095009966487549,-0.388892952595846,-0.5204389731036585
0.30246520042419434,-0.6623364148063003,0.6605334441526826,0.12438919383030748,-1.3372539009140567,-1.3916548356399254,1.131075501862707,-10.570811170374405,0.16832921136338191,-1.412624878078889,-0.2282567485961523,-0.056154210645280686,-0.5145103653352292,3.095006151790283,-0.388834301625387,-0.5205028692828577
0.3044853210449219,-0.6623282510806587,0.6605219233678916,0.12439165154164258,-1.3372509188478,-1.3916778440934001,1.1311139807396264,-10.497361670518108,0.021300149625010367,-1.5662389513810178,-0.2297803039799808,-0.052484031349013215,-0.49700102977801014,3.095050020808838,-0.38879472414125615,-0.5205543676959437
0.3065059185028076,-0.6622817115976638,0.6605343082251373,0.12439975372177159,-1.3372797215807466,-1.3916414459613857,1.1311205827946345,-10.627515794525769,-0.04319898396340044,-1.5314094860404657,-0.23056273666868854,-0.044293462936157844,-0.4826386380600711,3.0950304704853515,-0.3887589613543909,-0.5205672422992151
0.30852508544921875,-0.6622495833401172,0.6605481737710502,0.12441321421733623,-1.3373227525042146,-1.3916265262544991,1.1310806831573912,-10.56695459893219,0.29243708898434706,-1.4827931148799078,-0.23738794129350282,-0.044275305982819035,-0.4718138452182893,3.095061941737793,-0.388773266469137,-0.5206182638751429
0.3105599880218506,-0.6622338226214814,0.6605316706010483,0.12441155835940437,-1.3372923100257312,-1.3916579473253083,1.1310821245658533,-11.044049231336725,-0.056153260483728595,-1.0961058911999542,-0.22430161378261657,-0.05128479567541076,-0.47337221410019065,3.0950533586689453,-0.3887417952166956,-0.5206945578204554
0.31260061264038086,-0.6621782297265464,0.660533420082782,0.12442845997874305,-1.337278300278204,-1.3916715233488894,1.1310673814922159,-10.95564691740252,-0.0028693738355101694,-1.3673282142898646,-0.2327468731271214,-0.037429207861956415,-0.46150755504362967,3.095073862666748,-0.38868600526918584,-0.5208175818072718
0.31462955474853516,-0.6621329487760514,0.6605513856266304,0.12443480116421207,-1.3372979689855602,-1.3916425455751995,1.131091411217377,-11.061049873619641,-0.38945855178065936,-1.4863267397704025,-0.23037062669369385,-0.03632665567396322,-0.4608805949815704,3.0950891214558105,-0.3886302153216761,-0.5208428541766565
0.31667304039001465,-0.6621013536843493,0.6605526936740359,0.12444941546295339,-1.3372931005546151,-1.3916371760088337,1.1310942550248901,-11.130909268720053,0.15828955754625262,-1.314467394209173,-0.23530909786243906,-0.030788634093200942,-0.4554507496215084,3.095085783595703,-0.38859445253481084,-0.5208824316607874
0.31870126724243164,-0.6620941967184854,0.6605369405806135,0.12445603030358492,-1.3372261454065049,-1.3916728096241502,1.1310890436444234,-11.130784513764429,-0.1977448391320543,-1.4706877695477658,-0.23526900059407418,-0.02164036025160349,-0.4567342156375826,3.0950590807148437,-0.3885591665851038,-0.5209420363055628
0.32072973251342773,-0.6620306156471,0.6605647734386265,0.12442910100978224,-1.33735362988294,-1.3916270602687628,1.1310952472295466,-10.96923193983046,-0.4378896129759131,-1.54505052006471,-0.23337628283326362,-0.027407661676046788,-0.4503310049964686,3.0951215463825683,-0.3885462919818323,-0.5210087935077112
0.3227579593658447,-0.6620147507700116,0.660557182535915,0.12446894052513893,-1.3372783497953988,-1.3916418014912089,1.131107587283027,-11.153565693229757,-0.3711025752643883,-1.3823313350268354,-0.23342805068135447,-0.024644708166307684,-0.4477401055168838,3.0951058107563476,-0.38848668733705694,-0.5210345427142542
0.3247871398925781,-0.6619837246028775,0.6605585001222922,0.12445052973320628,-1.3373587665612445,-1.3916143555343266,1.1311321573386657,-11.280054309950563,-0.3935250859462865,-1.3338218840480538,-0.23229876161688434,-0.011452100282513459,-0.4458704977094966,3.095113916988037,-0.3884785811053675,-0.5210507551776331
0.32681751251220703,-0.6619570466280925,0.6605613790160612,0.1244677033424166,-1.3373025132512297,-1.3916329613309986,1.1311179505231486,-11.317701725592173,-0.5327699912463204,-1.127141379414813,-0.2313838718966989,-0.009727127110940993,-0.43946299174965936,3.095113916988037,-0.3884313742267054,-0.5211218039142054
0.32884764671325684,-0.6619175380621543,0.6605699599970166,0.12445768428822498,-1.3373203701132148,-1.391629343369751,1.1310888781772872,-11.452489709551035,-0.33977327024137366,-1.2401193462320992,-0.23648432681718595,-0.013653165161719301,-0.4296031044481011,3.0951105791279296,-0.3884184996234339,-0.5211971441852015
0.33087635040283203,-0.6618793338851882,0.6605869450312105,0.12446574039981617,-1.3373859529372896,-1.391593249555045,1.1311149120918083,-11.450767023412338,-0.4164405951463812,-1.2023717086460954,-0.23624001535661268,-0.0013884111995110266,-0.4308253467725526,3.0951577860065917,-0.3883908430682581,-0.521210018788473
0.33290672302246094,-0.6618619951398689,0.6605761023718488,0.12444526328390523,-1.3374110439355893,-1.3916094362764602,1.1311236246891232,-11.658963060462062,-0.6121713854105643,-1.1546191421500775,-0.231798397439284,0.00364562171095178,-0.4246443568017888,3.095169706935547,-0.3883784453021448,-0.5212772528277796
0.33493542671203613,-0.6618376216781149,0.6605711377984106,0.12447255104683853,-1.337365080056803,-1.3916216899579554,1.1311045603763998,-11.518628671008239,-0.7618119599486471,-1.3333991600933641,-0.23048619450124774,0.007282636466701091,-0.4181346777312858,3.0951501566120605,-0.3883464972125452,-0.5213292280780237
0.33696460723876953,-0.6618052481771638,0.6605736825235045,0.1244503838330974,-1.337428937820454,-1.3916017002380126,1.1311404716853781,-11.586876484532532,-0.4463355778534241,-1.1652982702955055,-0.23183340235200667,0.004562725466252282,-0.4021045823123483,3.095165892238281,-0.38831884065736944,-0.5213578383075159
0.33899378776550293,-0.6618020978124802,0.6605546497820193,0.12445925522563728,-1.3373973729096478,-1.3916368318426322,1.1311804189818562,-11.360111167455296,-0.3997260632615803,-1.1469169208441856,-0.23652805842168925,0.018507180196116708,-0.397557085582138,3.0951968866535644,-0.3882706801043909,-0.5214131514178675
0.3410203456878662,-0.6617570100911759,0.6605781804081542,0.12445495048988742,-1.3374316536841002,-1.3915972699722148,1.1311347948229462,-11.5322451478501,-0.4673255169698864,-1.0616760144747277,-0.24075857771647072,0.026517668226183122,-0.40611258575479714,3.0951620775410156,-0.38827449480165654,-0.5214341322528284
0.34304380416870117,-0.6617476383994216,0.6605602143057958,0.12447075676079652,-1.3373947672451791,-1.3916359595449688,1.1311607788793792,-11.568591787619178,-0.6767843484382589,-1.2115416593808555,-0.2338547047551186,0.02488445165423747,-0.4065286835984887,3.0951968866535644,-0.38822681108583623,-0.5215089956866663
0.3450644016265869,-0.6617178011198397,0.6605741436055076,0.12445068838826889,-1.337459288264552,-1.391608803920323,1.131135257989095,-11.464222886873786,-0.42484510107073115,-1.3170601083904792,-0.23340792755648182,0.013268517925906248,-0.39834584109123794,3.095193548793457,-0.38824540773500615,-0.5215342680560511
0.34708547592163086,-0.6617117247406132,0.6605527566048597,0.12447090997261986,-1.3373925352310068,-1.391647441460684,1.1311689542965766,-11.570804604722696,-0.6149767975915572,-1.489158456011186,-0.23673468516225976,0.01799206442046053,-0.398158738454708,3.095197840327881,-0.38818341890443975,-0.5215891043292444
0.3491063117980957,-0.6616934488684997,0.6605363751920666,0.12446463553557004,-1.3374142810328185,-1.391657678924015,1.1311944090565744,-11.837112726726065,-0.530221090293991,-1.3946387043898638,-0.23245436248155232,0.02535677372494778,-0.3961200557502121,3.0952016550251464,-0.3881595770465296,-0.5216367880450647
0.35112619400024414,-0.6616667016092703,0.6605463182193533,0.12444959388511201,-1.3374442272012559,-1.3916418223413676,1.1312030435177753,-11.766219703455588,-0.5666511548110683,-1.3496688603119784,-0.2375203978982494,0.04906945901074571,-0.41403738120898903,3.0952064233967285,-0.38813907304872686,-0.5216620604144495
0.3531463146209717,-0.6616626097062839,0.6605201708194057,0.12447318005038502,-1.3373729047233733,-1.3916862672278365,1.1311874589396433,-11.865849712879768,-0.6558040949794808,-0.9388578027234442,-0.22420770937894985,0.04554477440972062,-0.41757953750868215,3.0951787668415527,-0.3881147543536585,-0.5217297712909144
0.3551664352416992,-0.6616345554989578,0.6605248199892509,0.12446224290071452,-1.337432355873395,-1.3916694305772286,1.1312299861202157,-12.06540279968924,-0.6184993382327659,-1.2703253663263454,-0.23235280665635322,0.044164239938842276,-0.42270109670345,3.095221682185791,-0.3880828062640589,-0.5217569510089319
0.35718631744384766,-0.6616144241041421,0.6605294121630813,0.12445283195063439,-1.3374687309549975,-1.391673006636174,1.1312206617595355,-11.911230773110452,-0.10465483248855278,-1.0559678109910384,-0.2279860611521678,0.051240407359474056,-0.4302370396211834,3.0952607828327636,-0.3880828062640589,-0.5218170324908655
0.3592064380645752,-0.6615889990906482,0.6605251635884768,0.12444760243438634,-1.337452317354509,-1.3916762792748074,1.131235630336873,-12.241016110928154,0.050767577227589844,-0.9145478830936122,-0.22274543800035623,0.04986760061636472,-0.4371915808670807,3.0952374178120117,-0.3880394140826624,-0.5218566099749964
0.36122822761535645,-0.6615701709663858,0.6605229350467254,0.12443349979594946,-1.3375012534287611,-1.391670256208177,1.1312530909732073,-12.052238120491573,0.07443161836171824,-1.222661134489612,-0.22620259190262137,0.06252324526529003,-0.45401977623750434,3.0952579218098144,-0.38803130785097295,-0.521888558064596
0.363248348236084,-0.6615589103078551,0.6605233807928212,0.12445625943940994,-1.3375152657336051,-1.3916600040727454,1.1312489460144606,-12.123584401481224,-0.14446843795760317,-1.2375381955694225,-0.22590858947240666,0.05860430856282121,-0.47065199404649377,3.095268889064453,-0.38803130785097295,-0.5218899885760706
0.36526918411254883,-0.661548517447031,0.660497186259205,0.1244534843929048,-1.3374541581269492,-1.3916999815081366,1.1312895827966856,-12.038390029836265,-0.014748512115775048,-1.2197985215684197,-0.22005837274781892,0.059296496877326306,-0.4822856459811161,3.0952460008808593,-0.3879640738116663,-0.5219534079181116
0.3673057556152344,-0.6615372885304156,0.6604895364293325,0.12443659834346116,-1.3374857694467654,-1.3917057366472763,1.131285419620177,-12.167701926645828,0.15155437751340345,-1.4581181773353065,-0.2213305222929558,0.055506427511795936,-0.5005660612143873,3.0952460008808593,-0.38797170320619756,-0.5219929854022425
0.3693275451660156,-0.6615073867340583,0.6605005715457294,0.12443723861026512,-1.3374914143412908,-1.3917010168265602,1.131270497130182,-12.288924029304853,0.31264315239641666,-1.4706659144348904,-0.21302250553096574,0.057700925883132345,-0.5091115841444764,3.0952579218098144,-0.38795167604555303,-0.5220444838153284
0.37134838104248047,-0.6614945077887187,0.6605077647516274,0.12444057137383575,-1.337535719961469,-1.391696003267153,1.1312622730728432,-12.462407099312875,0.5282679951032161,-1.1647513110283458,-0.20415938348279417,0.056124241297970834,-0.5224008368100848,3.095308466548584,-0.3879626433001917,-0.5220769087420862
0.3733694553375244,-0.6614648986392648,0.6605050849195142,0.12444938851227158,-1.3374965892739596,-1.3917013864716248,1.1312514880150586,-12.497602414279598,0.895872332362232,-1.107509356753576,-0.20744455833672537,0.06536878791352252,-0.5309712170776196,3.0952698427387695,-0.38792306581606084,-0.5221250692950647
0.37538933753967285,-0.6614511767503233,0.6605113383764031,0.12444356497664005,-1.3375309154452548,-1.3916981087271671,1.131230011377943,-12.309571431079162,0.7864586039784521,-1.232335868726953,-0.20894666836359646,0.06528717682302701,-0.548102136435505,3.0952927309223632,-0.38793880144228154,-0.52216083208193
0.3774092197418213,-0.6614351691318459,0.6605129106541482,0.12445974219655484,-1.3375179407323392,-1.3916978069204267,1.1312219902831528,-12.399676373218876,0.5423318111845314,-1.184879244409649,-0.20282395253159713,0.05922746067277762,-0.5583418686836006,3.0952927309223632,-0.38792211214174444,-0.5221846739398401
0.37943124771118164,-0.6614255665003694,0.6604897719770965,0.12443632230131449,-1.337531782490631,-1.391712491642765,1.1312715075664688,-12.338750791780072,0.9867837820314598,-1.5120348893214375,-0.20663970437799495,0.05772142018493222,-0.5608779134227523,3.0952774721333007,-0.3878873030291956,-0.522217098866598
0.3814513683319092,-0.6614000976506308,0.6604996680641919,0.12444139671902589,-1.337542056285048,-1.3917074796846705,1.1312343226571566,-12.36537124340047,0.8813159363618402,-1.3445086701707887,-0.20356328381240235,0.050384669952427075,-0.571172892536628,3.0952817636677246,-0.38789111772646123,-0.5222647825824183
0.3834714889526367,-0.6613801603395162,0.6604956688205094,0.1244220096732081,-1.337558928021824,-1.3917118440755385,1.1312613784704586,-12.613606585014471,1.1084108713109702,-1.556352910964804,-0.20192343818787417,0.04900157405994093,-0.5753005853357064,3.095289393062256,-0.3878586927997034,-0.5223081747638147
0.38549137115478516,-0.6613684293217794,0.6604849876195119,0.12442206251022488,-1.3375683242838592,-1.3917175114740892,1.1312968198060998,-12.712007005697735,1.011214654979564,-1.4275793667733097,-0.20083827677963048,0.04598004916602765,-0.5752480070454301,3.095301313991211,-0.387827221547262,-0.5223320166217249
0.3875303268432617,-0.6613569569202566,0.6604899096893391,0.1244336414094622,-1.3375175672596356,-1.3917295205696012,1.1312144685842014,-12.618055796109417,0.9705385299896849,-1.3191947944452442,-0.2017019608598994,0.04212164615899477,-0.582718662497552,3.0952507692524414,-0.38785010973085576,-0.5223763624774378
0.38955020904541016,-0.6613347661878533,0.660476646068065,0.12441838236995004,-1.3375417116050952,-1.3917463474301173,1.1312987442121174,-12.467849467819121,0.8437428614444902,-1.5040115255451523,-0.19879653848178494,0.050692854024111694,-0.5816338439497397,3.0953094202229003,-0.3877761999713343,-0.5224397818194788
0.3915724754333496,-0.6613068459781797,0.6604836587441969,0.12441808482596141,-1.3375668998930423,-1.3917244224853096,1.131311450613035,-12.411352077245663,0.9885546010252001,-1.4099380528241716,-0.1956679764679693,0.053737113370301515,-0.5822710192305892,3.0953046518513183,-0.3877518812762659,-0.5224488417254847
0.39359235763549805,-0.6613086358178715,0.6604658358205465,0.12445570050853072,-1.3374972558456848,-1.391751782443134,1.1313005334978121,-12.543101100060476,1.0422711039747043,-1.3260088184759702,-0.20286379389017634,0.0505572538090332,-0.5902419689255518,3.0952817636677246,-0.3877313772784632,-0.5224726835833948
0.3956122398376465,-0.6612852926266186,0.66047209397723,0.12444116615679307,-1.3375146733435805,-1.3917517855713806,1.1312710158091617,-12.63498169119665,1.116678056383603,-1.542741230015111,-0.20442712947021902,0.051115178116337014,-0.5885305010156073,3.095278425807617,-0.3877351919757288,-0.5225275198565882
0.397632360458374,-0.661265641843615,0.6604770003722734,0.12446409979679643,-1.337504097544947,-1.3917454795093904,1.1312797684908087,-12.54353188514983,1.1527308224246242,-1.3258163281672306,-0.19847654054437625,0.053579631101049144,-0.5907131494955092,3.0952936845966796,-0.3877032438861292,-0.5225442091571253
0.39965224266052246,-0.661258148230846,0.6604699282273904,0.12442975697600434,-1.337528795246411,-1.3917602529762574,1.1312786275970241,-12.565041002220468,1.156824009323012,-1.4740440537137174,-0.19722947846461875,0.049562028207573515,-0.5916356770330942,3.0952936845966796,-0.3877070585833948,-0.5225957075702112
0.4016745090484619,-0.6612166612960206,0.6604920830300492,0.12445583405367666,-1.3375288297239645,-1.3917280514845698,1.1312726080585795,-12.707273714878458,1.3110990803990727,-1.3253224071721719,-0.1949588913919231,0.0388914139803513,-0.583378914930813,3.0952974992939453,-0.38766795793642217,-0.5226076284991663
0.40369462966918945,-0.6612156704925377,0.66047237302703,0.12444394819455781,-1.337518501370278,-1.3917620142540799,1.1312663761136266,-12.578960304943978,1.0744530112412067,-1.6351138063316855,-0.193542976797362,0.0496522394432788,-0.5901247671571064,3.0952936845966796,-0.38766700426210576,-0.5226715246783655
0.4057142734527588,-0.6611854525317622,0.6604924649248377,0.12443783037313809,-1.3375707838009046,-1.3917129233471357,1.1312778268882935,-12.520925351880697,1.2910127744499058,-1.2861768881916447,-0.198321992337133,0.0466448841071006,-0.5956497861898228,3.0952817636677246,-0.3876546064959925,-0.5226410071002405
0.4077334403991699,-0.661165140930899,0.6604743904917358,0.12441493993034636,-1.3375828554185876,-1.391742151656867,1.1313265367442171,-12.79176053025898,1.0633106284488403,-1.1871598311449112,-0.19319084943239448,0.043587580544208256,-0.6025779297996822,3.095313234920166,-0.38760310808290654,-0.5227277914630335
0.40975332260131836,-0.6611440820139157,0.6604811308349242,0.12442469581443577,-1.337559541969081,-1.39173411773127,1.131304127442988,-12.655619785787982,1.3453094591679593,-1.438615769610161,-0.20006461593023434,0.04294245638935783,-0.5942159019338787,3.0952817636677246,-0.38758737245668584,-0.5227444807635706
0.4117734432220459,-0.6611457800219859,0.6604645657072833,0.12443830481408377,-1.3375548385257885,-1.3917626455095826,1.1313235234746495,-12.773800892294826,1.308899424831869,-1.5962215487807256,-0.19683208845852526,0.04104040241308117,-0.5929028747330684,3.095325155849121,-0.38757211366762334,-0.5227912108050745
0.41379356384277344,-0.6611055719692193,0.6604814314890622,0.12443404788344578,-1.3375741861562804,-1.3917324499026442,1.1313249697109367,-13.097871289607957,1.0642869721757195,-1.5053185072686859,-0.18891332586466797,0.03265269781229746,-0.5892599555797434,3.0953094202229003,-0.3875392119037073,-0.5228083769427698
0.4158139228820801,-0.6611148567626677,0.6604520719796053,0.12444748403981201,-1.3375078063997372,-1.3917856610564212,1.1313748923221278,-12.833492182354615,1.075079649539422,-1.339999906859105,-0.19406924302172174,0.03672518559318359,-0.5986394406507658,3.095332308406494,-0.38748056093324834,-0.5228632132159632
0.4178464412689209,-0.6610668774141433,0.6604867883692803,0.12443816009129047,-1.3375834304558272,-1.3917263884618463,1.1313196161088253,-12.86814925352665,1.1465893625336017,-1.257640026222995,-0.19186586883413131,0.04624998313602523,-0.6015173414717194,3.095313234920166,-0.3875072638141077,-0.5228679815875452
0.41987037658691406,-0.6610739145196443,0.6604622760508299,0.12444911897463065,-1.3375270586615642,-1.391769533803732,1.1313325577789597,-13.108275628938046,1.0767365981688055,-1.3991779261566968,-0.1923392440945299,0.047499605471841955,-0.599866871091942,3.0953094202229003,-0.38747913042177373,-0.5229161421405237
0.4218904972076416,-0.6610393319574122,0.6604804220470093,0.12444026262891367,-1.3375431223128356,-1.39175465325832,1.1313055968791246,-12.773681609387122,1.0161562253393757,-1.2359950553153711,-0.1900533198071717,0.03927732992076503,-0.5993342804226697,3.0953094202229003,-0.38746768632997686,-0.5229628721820276
0.42391109466552734,-0.6610308517631271,0.6604678782175673,0.12447259674987521,-1.3375036017960427,-1.3917672371927816,1.1313321229510493,-13.140639312739074,1.0849883348589793,-1.771536151722107,-0.19516498888082345,0.043067017598240914,-0.5917972097355685,3.095313234920166,-0.38742334047426397,-0.5229790846454065
0.4259350299835205,-0.6610253659959309,0.6604647361555789,0.12445956294678487,-1.3375379822464155,-1.3917663829840432,1.1313376062860216,-12.93206229653243,0.7858731692798597,-1.4691837390524387,-0.18961444640872258,0.036961082622459715,-0.5895888433194634,3.095325155849121,-0.387430493031637,-0.5229962507831019
0.42795777320861816,-0.6610014065490715,0.6604544109728189,0.12444803995119844,-1.337520757903997,-1.3917665887047652,1.131367310832683,-12.928854366854495,0.798747275355161,-1.3401204273108824,-0.1943407990672443,0.04095652883318797,-0.5916137620817211,3.095278425807617,-0.3873804251300257,-0.523020092641012
0.4299805164337158,-0.6609735322331736,0.6604605688663593,0.12443795525768328,-1.3375634453612133,-1.3917572748451918,1.1313862414160445,-13.269041655136743,1.200631801369248,-1.4654846742975614,-0.194856992034864,0.04675283757096685,-0.5878670576730417,3.095313234920166,-0.38735658327211553,-0.5230630079852503
0.4320027828216553,-0.6609537680517243,0.6604737246651459,0.1244782288053867,-1.3374816153139815,-1.3917675175110722,1.1313125179428165,-13.273541659180234,1.0964642811498364,-1.3155184815050434,-0.19103397159566862,0.04844036095859452,-0.5917649727868463,3.0952865320393066,-0.38734752336610967,-0.5231097380267542
0.4340250492095947,-0.6609021341829016,0.660505639609195,0.12450320174036686,-1.337536553643622,-1.391712927414944,1.1313225911052116,-12.999672299344248,0.9525433692413392,-1.382190513135039,-0.19416717271471257,0.05025974732371654,-0.5917634794599957,3.0953284937092285,-0.38731176057924444,-0.523111645375387
0.4360477924346924,-0.6609063661464287,0.6604793248059774,0.12448920852983598,-1.3375130876492054,-1.3917518934624404,1.1313271798368547,-13.033322813690775,1.0319513866973766,-1.3653734508276154,-0.19179467781958837,0.04766331113789702,-0.5786439208451749,3.0953094202229003,-0.387303654347555,-0.5231674353228968
0.4380683898925781,-0.660894247545876,0.6604753274120766,0.12450311740823933,-1.3374871674837532,-1.3917580619745589,1.1313436871818847,-13.351006012599168,0.8661887620679181,-1.1970744872495533,-0.18653069859860216,0.03957014083532449,-0.5784684571747046,3.0953094202229003,-0.38726741472353154,-0.5231874624835413
0.4400908946990967,-0.6608696214529775,0.6604795701368563,0.12448845777031686,-1.3375493160122267,-1.3917399992365622,1.1313558054788748,-13.3845197046346,0.6477198176245486,-1.4846397524935515,-0.19656043394875344,0.04165578820940028,-0.5724706834964834,3.0953284937092285,-0.3872636000262659,-0.5232117811786097
0.44211745262145996,-0.6608586703516126,0.6604745848715259,0.12452319171620475,-1.3374569260896443,-1.3917765625866279,1.1313448629264053,-13.40374576245026,0.7598469419884843,-1.250846265874447,-0.19101375740935458,0.04171562667902454,-0.5692471997879673,3.095337076778076,-0.3872125784503382,-0.5232785383807581
0.444138765335083,-0.6608296517236764,0.6604985665344388,0.12453573544787182,-1.3374550094214541,-1.3917589035689473,1.1312667296463619,-13.50750141102974,1.0319849750773593,-1.0126321947435282,-0.19399758100965403,0.04277167139710776,-0.5678563637795274,3.0953213411518554,-0.38723546663393194,-0.5233143011676233
0.44615840911865234,-0.6608109096454461,0.6604920787321044,0.12452776775249305,-1.3374755740477429,-1.3917574543327098,1.1312949848037095,-13.36139001400651,0.6762184465053667,-1.250652083744258,-0.19256443580923865,0.05215970047671682,-0.5717462145420078,3.095325155849121,-0.38720733324159795,-0.5233419577227991
0.4481792449951172,-0.6607863342980275,0.6604823053268649,0.12451609681562019,-1.3374697249749694,-1.3917596843276971,1.1313574225772183,-13.511177793467079,0.7852874134156509,-1.1591951749626495,-0.1956271875090646,0.04699564584752229,-0.5673557656660925,3.09531752645459,-0.3871362845050257,-0.5233710447894495
0.45020055770874023,-0.6607734218980837,0.6604905923658473,0.12454807674530599,-1.337430968226062,-1.391769139274976,1.131299758453484,-13.42491535543539,0.7437734325556714,-1.499239271505109,-0.19814655161924852,0.05649068646560583,-0.5629665951853363,3.0953213411518554,-0.38714343706239873,-0.523414436970846
0.45222043991088867,-0.6607519880494445,0.6604842205592368,0.12454247567997029,-1.3374629608555955,-1.3917644408624565,1.13133079905227,-13.660885617143432,0.7148553060901001,-1.364263102469555,-0.18924449134964552,0.05177347440725527,-0.554187042702486,3.0953332620808105,-0.38711625734438115,-0.5234430472003382
0.4542403221130371,-0.6607143208900954,0.6604978576377667,0.12453846621145359,-1.3374473696227431,-1.39175460063828,1.1313191484519451,-13.537610426840425,0.43177181102371365,-1.6480389371574384,-0.19411904586391024,0.05659766961675059,-0.5537787800823398,3.0953141885944824,-0.3870766798602503,-0.5234897772418421
0.45626020431518555,-0.660710460926734,0.6604811923847018,0.12453599184933412,-1.337500330306309,-1.391762350051224,1.1313466488705692,-13.836805478072737,0.5746862693713118,-1.437041766119932,-0.18876349852988317,0.05557214321353664,-0.5522753207757775,3.0953523355671386,-0.3870804945575159,-0.5235183874713343
0.4582803249359131,-0.6606925575456571,0.6604867104405776,0.12456001061709981,-1.3374607454859073,-1.3917624148340866,1.1313186703769467,-14.030302829826011,0.45322849920832553,-1.248429893864727,-0.1929463366137272,0.050834602082444315,-0.5556474445705408,3.0953332620808105,-0.3870633284198206,-0.5235422293292444
0.46030259132385254,-0.6606629731796422,0.660500033093796,0.12457514684144697,-1.3374353723916967,-1.3917590918782965,1.1312821524056624,-14.019808375637192,0.800387051117299,-1.532855642842598,-0.19397834415143764,0.054289511049620084,-0.5448679486273049,3.0953261095234375,-0.3870447317706507,-0.5235899130450647
0.462322473526001,-0.6606574974085997,0.6604981492023935,0.12458624286980666,-1.337399740644922,-1.3917796663099795,1.1312708268424345,-14.219492978541515,0.4462420889276536,-1.5944756170800842,-0.1938031395350763,0.05062827849694393,-0.5534248081606958,3.0953380304523925,-0.3870275656329554,-0.5236337820636194
0.4643423557281494,-0.6606407048077692,0.6604899762608802,0.12458710290359981,-1.337419624727175,-1.3917744729085928,1.1312868804403302,-14.2318052143157,0.5426206001040768,-1.5597941817214336,-0.192720718605335,0.042025064445553734,-0.5466284418268985,3.095329447383545,-0.38701183000673467,-0.5236499945269983
0.46636343002319336,-0.6606057061584523,0.6604940394639851,0.1245926084567744,-1.3374195924772894,-1.391765186167705,1.1313182010600322,-14.06770556741878,0.4881581408631728,-1.6094446185888527,-0.19283986162950542,0.05096319949237173,-0.5509713037698875,3.0953380304523925,-0.3869531790362757,-0.5236862341510218
0.468402624130249,-0.6605937876135315,0.6604913536941797,0.12459250930861969,-1.3374405545736907,-1.391766056240372,1.1313219755082236,-14.012099810916931,0.7012592059127627,-1.6271659111326378,-0.19738412948878797,0.060206279310887165,-0.5497841376749343,3.0953537660786132,-0.38694841066469365,-0.5237138907061976
0.47043657302856445,-0.6605763298719919,0.6604955290702959,0.12460002510852111,-1.3374650166128867,-1.3917529384203795,1.1313115308561401,-14.02641391580065,0.6102901564649021,-1.613149287066063,-0.19563504146730948,0.05735552659417333,-0.550554250198689,3.095357580775879,-0.38695079485048467,-0.523726765309469
0.4724564552307129,-0.6605679345922612,0.6604845681825813,0.12462512000227094,-1.3373966579458103,-1.3917837552457946,1.1312968235338787,-13.938709551713714,0.3422893640617135,-1.875639297897032,-0.19368749873470265,0.05374324280115155,-0.5494960982430177,3.09534661352124,-0.38691980043520147,-0.5237816015826624
0.47447657585144043,-0.6605492990314383,0.6604896988963271,0.12462266323348642,-1.3374560517156042,-1.3917699229530314,1.131324160599134,-14.007931538485169,0.07108637713801835,-1.8794355804997651,-0.19018110047971382,0.044080734476730485,-0.5500941029218719,3.095400496120117,-0.3869078795062464,-0.5238025824176233
0.4764993190765381,-0.6605187305502769,0.6604903963341153,0.12463763024967278,-1.337429963677626,-1.391756053015291,1.131344253529651,-14.105295065376357,0.3204818509169197,-2.0614865451492035,-0.19154989458503435,0.03783936683471611,-0.5449341333813723,3.09536521017041,-0.38685304323305303,-0.5238106886493128
0.4785182476043701,-0.6604983369450212,0.6605004965262788,0.12465502733168898,-1.337445456676475,-1.3917512826388474,1.1312919555472316,-14.357173193387144,0.5959112941332755,-1.9032920977076746,-0.19440003189356608,0.02691898298188069,-0.5418205046241309,3.095381422633789,-0.3868754545794886,-0.5238545576678675
0.48053717613220215,-0.6604930105296263,0.660482517582544,0.12465476848328175,-1.337445272754269,-1.3917798968114452,1.131316867580278,-14.417423721527884,0.5855717344513609,-1.4446271413823328,-0.19388107428971665,0.02149150580599702,-0.541397669664973,3.095412417049072,-0.3868516127215784,-0.5239136854754847
0.4825732707977295,-0.6604687914102361,0.6604846971953885,0.12468681444231149,-1.3373826892101945,-1.391784905342794,1.131285928821927,-14.39378773295158,0.7977383339751629,-1.5820139775926965,-0.19523654057441267,0.03195314125653895,-0.5388521351741683,3.0953776079365234,-0.386820141469137,-0.5239494482623499
0.48459339141845703,-0.6604252352293143,0.6605168417738291,0.12466638695065317,-1.3374671592429597,-1.3917365618235868,1.1313068834015292,-14.386284624493651,0.8628892070927624,-1.6033714827126972,-0.1992858523771267,0.02399018373983352,-0.5358984521834221,3.0954243379780273,-0.38679629961122686,-0.5239618460284632
0.486619234085083,-0.6603916862771478,0.6605150061888663,0.12470819232232351,-1.3373982810504748,-1.3917579367201949,1.1312526464962058,-14.47432525725815,0.4613719115643241,-2.1297356254618025,-0.1952647763446408,0.02646867316999304,-0.5321522816004537,3.095405264491699,-0.38676768938173467,-0.5240495840655726
0.48863911628723145,-0.6603836076131936,0.6605075453555511,0.12470508513213946,-1.3374576503192661,-1.3917597051074546,1.1312707407400338,-14.585408224938197,0.4662986323137458,-2.0186212781855453,-0.19738310984393903,0.016265553614599484,-0.5276778614745354,3.0954553323933105,-0.3867748419391077,-0.5240815321551722
0.4906599521636963,-0.6603300665686784,0.6605235797799868,0.12469760010094975,-1.3374387473598823,-1.3917351079678582,1.1312904676136286,-14.56161085584135,0.21845782725237928,-2.351474744657392,-0.20006592907673432,0.027241892844096005,-0.5361431583010401,3.0954171854206542,-0.3866966406451624,-0.5241172949420374
0.49268174171447754,-0.6603556483559122,0.6604925849392025,0.12473807552618787,-1.3374191691228752,-1.3917682046937767,1.1313096501755968,-14.40664503596563,0.2662102682257962,-2.113641289181227,-0.1900472434740238,0.022404044780794316,-0.5252150104608186,3.0954481798359375,-0.38670379320253545,-0.524118725453512
0.4947011470794678,-0.6603147265110358,0.6605084697163001,0.12476324516266458,-1.337367353676427,-1.3917552015540715,1.131302070944671,-14.779947516310555,0.11794108824539395,-2.223943104307886,-0.19931900262492147,0.014457621000357048,-0.5164765421965406,3.0954252916523437,-0.38664132753481084,-0.5241511503802698
0.4967212677001953,-0.6603089238549199,0.6604999416619459,0.12477177726225719,-1.3373657943840576,-1.3917773271339695,1.131271119879848,-14.696719223186285,-0.22146640070240442,-2.15981146923541,-0.19264644525609886,0.014741482996248114,-0.5181066804288493,3.0954410272785644,-0.38665610948671514,-0.524210278187887
0.49874186515808105,-0.6602754333282961,0.6605073674678079,0.12478281976142667,-1.337362114518206,-1.39176917553612,1.1312646244777413,-14.587594158393927,-0.3263101224229477,-2.255172227142231,-0.19284424100712794,0.00802464389169779,-0.5130500957732318,3.0954410272785644,-0.38662416139711553,-0.5242531935321253
0.5007612705230713,-0.6602579425653907,0.660513686097549,0.12477135691136262,-1.3374098843854823,-1.3917565465756767,1.1312503198297716,-14.761980959698164,0.35944802229198325,-2.2125008005221374,-0.20266902993127187,0.015399619870160407,-0.5016013194896318,3.0954529482075195,-0.3866389433490198,-0.5242779890643519
0.5027821063995361,-0.6602454055618829,0.6605033715285685,0.12479562391684637,-1.3373465592452922,-1.3917852417259917,1.1312655911137295,-14.754639018167321,-0.08224114468829757,-2.1514735013404316,-0.19737799311055754,0.001896473293152479,-0.5020594991497793,3.095461531276367,-0.38658363023866826,-0.5243328253375452
0.5048022270202637,-0.6602313459192459,0.6604980844603693,0.12482533647945318,-1.3373156246928946,-1.3917840773762955,1.1312724204316942,-14.570988161506051,-0.273103725682516,-2.3750305095293394,-0.19668756949355692,-0.00546088167164017,-0.4977482655129022,3.0954457956501464,-0.38655263582338506,-0.5243380705462855
0.5068221092224121,-0.6602084978880217,0.6605054604799828,0.12481850411013788,-1.33734649729379,-1.3917746114561078,1.1312544746680548,-14.835675885249582,0.033334576896615564,-2.425990674174404,-0.19885307160940058,-0.0161605934278051,-0.488677789616462,3.0954529482075195,-0.3865559736834925,-0.5243743101703089
0.5088422298431396,-0.6601695284643352,0.6605315474969939,0.12483811993951087,-1.3373723351760833,-1.391742789744701,1.1312281176732175,-14.729024651816037,-0.47923897907639845,-2.3866895731937534,-0.2031844608212125,-0.020426374998307094,-0.4920904815795586,3.0954767900654296,-0.3865445295916956,-0.524398152028219
0.5108623504638672,-0.660153213429208,0.6605302361315967,0.12486598890420758,-1.3373228215998019,-1.3917620006412217,1.1312141591186509,-14.742550567213758,-0.02624172670666114,-2.206641360338736,-0.20057286429710897,-0.014537833023934119,-0.4775125690490748,3.0954877573200683,-0.3865121046649378,-0.5244529883014124
0.5128824710845947,-0.6601292568842052,0.6605260273208766,0.12485262812432012,-1.33733548298062,-1.3917596962613306,1.1312241427510656,-14.862366152904093,-0.023599545145604806,-2.0360430446958198,-0.20174344851185425,-0.01714386138414756,-0.4779712963450181,3.0954696375080566,-0.38648826280702764,-0.5244892279254358
0.5149021148681641,-0.6601085613704658,0.6605337317130783,0.12488218194432789,-1.3373315538657538,-1.391756184184188,1.1312119942235142,-14.99631392178355,-0.26072454174331544,-2.264255865991257,-0.20061586754174837,-0.018300269469933475,-0.47401741223742777,3.095501108760498,-0.38647205034364873,-0.5245216528521937
0.5169260501861572,-0.6600944749146798,0.6605369445189452,0.12488682401354018,-1.33739325859572,-1.3917317302165848,1.1312354000962324,-14.975304272953911,-0.1442811451855172,-2.2558647902871427,-0.20706103259353031,-0.01953390086640968,-0.4622835891705537,3.095532103175781,-0.38647205034364873,-0.524510685597555
0.5189476013183594,-0.6600669403683316,0.6605408261500135,0.12491683282656126,-1.3372889990610266,-1.3917606071632143,1.1311769562552565,-14.887563858309184,-0.4916527959605879,-2.36321108488634,-0.20073176086645034,-0.020562203964263635,-0.4631250301137205,3.0954972940632324,-0.3864329496966761,-0.5245969931231897
0.5209815502166748,-0.6600413291537606,0.66054292280925,0.1248904792582351,-1.33739832409094,-1.3917268261053182,1.1311978830851832,-15.014373132755921,-0.30480777783700547,-2.3177958238076917,-0.20349555080583576,-0.020995325788629463,-0.46040300487206426,3.095513029689453,-0.38644725481142217,-0.5246017614947718
0.5230026245117188,-0.6600264747255526,0.6605415257440389,0.12491276796524747,-1.3372873777714098,-1.391767487371549,1.1311935449942538,-14.9962959620755,-0.4823480707495461,-2.2048204581300888,-0.20583789401589514,-0.022713810250307262,-0.4612630511510002,3.095513029689453,-0.3863766829120081,-0.5246794859515589
0.5250225067138672,-0.6600175831346448,0.660540209507169,0.12496437061595869,-1.337319886895011,-1.3917410341261502,1.1312042134016598,-14.923600720093383,-0.40215958308478406,-2.302454565459908,-0.2108511811408511,-0.0227495046749693,-0.4519020894772532,3.095540686244629,-0.38638049760927373,-0.5246427694903772
0.5270452499389648,-0.6599889913062658,0.6605434354148304,0.12496467348756342,-1.3373405476084166,-1.3917270741119403,1.1312223133396395,-15.022209914907538,-0.6784919402140792,-2.091450844341998,-0.19749039930476062,-0.029531813291310362,-0.44813922589004795,3.0955440241047363,-0.3863490263568323,-0.5246666113482874
0.5290651321411133,-0.6599792028153557,0.6605359809562846,0.12495191713479006,-1.3373370899431765,-1.3917455609240266,1.1312116698940964,-15.033678659685641,-0.4856511893999951,-2.1025689238791236,-0.20534734199365465,-0.022185125647956383,-0.4460401376919217,3.095540686244629,-0.3863442579852503,-0.5247214476214808
0.5310852527618408,-0.6599541401592325,0.6605386912307867,0.12498163291052654,-1.3372440010947104,-1.391770973165081,1.1311958959293054,-15.059191096339806,-0.830329007745136,-2.047084266156614,-0.20217281746952104,-0.010700477859370627,-0.44957394939801276,3.0955330568500976,-0.3862817923175257,-0.524792496358053
0.5331053733825684,-0.6599199171867887,0.6605602523147373,0.12497118995358586,-1.3373382979032422,-1.391726302975994,1.1311732499305733,-15.178772248035653,-0.8771492862920478,-2.169900268601733,-0.20994933533219956,-0.011072377243093508,-0.44682202395415366,3.095552607173584,-0.38630801836122686,-0.5248006025897425
0.5351283550262451,-0.6599141974078777,0.6605524257614673,0.12496976744664717,-1.3373260828748197,-1.391731980984352,1.13117597323603,-15.297380214225077,-0.6801882650720467,-2.080830824995046,-0.20587584060086456,-0.01815757154523363,-0.4382030047212764,3.09552971898999,-0.38629657426943,-0.524813477193014
0.5371487140655518,-0.6598648597743748,0.6605632455969933,0.12497241303299877,-1.3373440618313266,-1.391709803640883,1.1312269066893506,-15.37637773325295,-0.9388486257193417,-2.1619113379128203,-0.20672035589297216,-0.017220346477899412,-0.44166966357397497,3.095552607173584,-0.38621694246401006,-0.5248530546771448
0.5391683578491211,-0.6598567193095795,0.6605648676772153,0.12496403162017147,-1.3373619783666753,-1.3917213991498987,1.1312055245690151,-15.475272210330795,-0.9906286046696973,-2.1563867402732035,-0.2014394202341918,-0.02014295478281692,-0.43652776176260666,3.0955797868916015,-0.38622934023012334,-0.5249045530902308
0.5411984920501709,-0.6598457950726824,0.6605593148653387,0.12500188177217683,-1.3373029101116929,-1.3917369257682028,1.1311807430316296,-15.458464520807286,-1.0341994776923673,-1.9710220832665855,-0.20122405677421884,-0.013792085542713162,-0.4324935116692925,3.095564528102539,-0.3862088362323206,-0.5249369780169886
0.5432260036468506,-0.6598058482343181,0.6605783765882602,0.12501701798658799,-1.337272605157274,-1.391722774879629,1.1311390561893375,-15.346071316070788,-0.7487326181671877,-1.9980673303364695,-0.2053586899741514,-0.007613152123813442,-0.4302906527718722,3.0955378252216796,-0.38618165651430303,-0.5249803701983851
0.5452489852905273,-0.6598124851327805,0.6605614178079421,0.12498439865319447,-1.3373003370004826,-1.3917531843638746,1.1311597843296322,-15.42296637142681,-0.6558968846449229,-1.8257941326999894,-0.2114316239491895,-0.008848828461443647,-0.417415889943249,3.095568819636963,-0.38618499437441045,-0.5250352064715784
0.5472700595855713,-0.6597802836243487,0.6605720813743975,0.12500117275795972,-1.3373097090047454,-1.391726379309065,1.1311725654278972,-15.454174219770293,-1.2222179868073133,-2.0100351967588432,-0.2037481868074324,-0.005498005086077924,-0.4169471898457114,3.0955654817768554,-0.386148754750387,-0.5250371138202112
0.5492899417877197,-0.6597609648731999,0.6605701730745509,0.1250205410238858,-1.3372802160813064,-1.3917488984274946,1.1311638150022398,-15.29629091541971,-0.8835602945353174,-2.2270011612593725,-0.20341956923528232,-0.005347870535988319,-0.40364595970342354,3.095596953029297,-0.3861177603351038,-0.5251110235797327
0.5513098239898682,-0.6597323791790062,0.6605805798562242,0.12502012382790306,-1.3373363120872026,-1.3917161701437997,1.1311650706296283,-15.402859065778955,-1.0566334983986123,-2.221007711150954,-0.20837351791849892,0.0003139448073321543,-0.40478783327440543,3.0956007677265625,-0.3861163298236292,-0.5251119772540491
0.5533308982849121,-0.6597205914489565,0.6605774600339424,0.1250269355974176,-1.3373388521682417,-1.3917312665081518,1.1311575518746642,-15.560114517014524,-1.022113408182427,-2.01446089896319,-0.21386634768242851,0.0024021321605126236,-0.3997075184456318,3.0956317621418457,-0.38610870042909795,-0.5251668135272425
0.5553510189056396,-0.6596736637075494,0.6606009528907004,0.12502666215459213,-1.3373557289856035,-1.391686781115464,1.1311689964498735,-15.693451245784034,-0.9825015268057582,-1.8734333989579801,-0.20926178782739335,0.0011331204732645851,-0.39532433583477145,3.0956083971210937,-0.38606101671327764,-0.5251649061786097
0.5573718547821045,-0.6596705106468073,0.6605927943510579,0.12504444769681655,-1.3373398984359492,-1.3917012236679998,1.1311663741178306,-15.737978834552308,-0.985021434141129,-1.8305619396024049,-0.20775508934851428,0.005827347552788572,-0.3949838418908544,3.095620794887207,-0.38605243364443,-0.5251925627337855
0.559391975402832,-0.6596363795253326,0.6606027659330728,0.12503618086470952,-1.3373354733327554,-1.3917007292041226,1.1311340771651877,-15.70970835964595,-0.7996812894805125,-2.2688927740867664,-0.21303778726053704,0.017772475666381356,-0.3870443723703019,3.0956083971210937,-0.3860362211810511,-0.5252597967730921
0.5614118576049805,-0.6596335953039407,0.6605822670384025,0.12500999336918972,-1.3374313982098935,-1.3916903599287864,1.1312276186141919,-15.964273748476751,-1.009220373073983,-1.4984580350643504,-0.20557160187498352,-0.00585869054898504,-0.3754034312096861,3.09565178930249,-0.38601667085756475,-0.5252488295184534
0.563431978225708,-0.6596049231985502,0.6605985570828666,0.12505207350754888,-1.3373583300966903,-1.3916882275985614,1.1311479166116174,-15.78312177570833,-1.2125959407922169,-2.1159187270439785,-0.2121346129233163,0.01618590931101025,-0.3754627891500352,3.0956098276325683,-0.3860085646258753,-0.5252884070025843
0.5654518604278564,-0.6596019606159913,0.6605876971953906,0.12506039636968985,-1.337347584056602,-1.3917058179143256,1.1311643166840224,-16.155638278640406,-1.1345776757721642,-1.7116117986640116,-0.2109836910258342,0.011050951274339726,-0.3705534295604129,3.0956289011188964,-0.38598853746523076,-0.5253203550921839
0.5674717426300049,-0.6595698324802393,0.6605955276765595,0.12507389325347046,-1.3373561959500144,-1.3916886603579568,1.131189785982236,-16.05359408219123,-1.3678576891629768,-1.6903096336090533,-0.20866151044826248,0.01787142462850138,-0.3757762656627741,3.095644636745117,-0.38594133058656865,-0.5253403822528284
0.5694918632507324,-0.6595316716840254,0.6606145034183467,0.12506372896427814,-1.3373325777017901,-1.3916906313684423,1.131161027184613,-16.125551927783434,-1.0927437420744464,-2.089528621391211,-0.21716164947070213,0.025345011047587563,-0.36870958800897896,3.095644636745117,-0.3859055677997034,-0.5254185835467737
0.5715253353118896,-0.6595237289019129,0.6606006845323341,0.1250768071803665,-1.3373295127793412,-1.3917002760761372,1.131136923497853,-16.188575243451368,-1.462524831786745,-1.7686372771314798,-0.20496559176681667,0.026977683367258518,-0.3702677615444025,3.0956217485615234,-0.3859174887286585,-0.5254476706134241
0.5735459327697754,-0.6594989672947922,0.6606100681427005,0.1250819222109649,-1.3373873818469697,-1.391681144782534,1.1311500032695898,-16.19899971242884,-1.0923033236362463,-2.0218105856840882,-0.2097991642986925,0.03886787889598648,-0.3641608455264182,3.095672293300293,-0.38590890565981084,-0.5254715124713343
0.5755670070648193,-0.6595043232453885,0.6605965343213048,0.12508444109773353,-1.3373563088821105,-1.391703691895569,1.1311402598650369,-16.3824039507736,-1.0174129289390266,-1.8690280983288716,-0.20907717960192662,0.03586224565759218,-0.362718103299711,3.0956527429768066,-0.38590795198549444,-0.5254953543292444
0.5775959491729736,-0.6594700192533619,0.6606032054671693,0.1250838497028509,-1.3373782722695948,-1.391684342457009,1.1311829374746505,-16.387877526553698,-1.3681141511974397,-1.6382687732718126,-0.20841750938595394,0.03915648946338221,-0.36979028161475136,3.0956684786030273,-0.3858526388751429,-0.5255158583270472
0.579615592956543,-0.659456168209268,0.6606037382966101,0.125108410615042,-1.3373575678138745,-1.3916918615627774,1.1311648495461266,-16.537981925936638,-1.0049794774739151,-1.815244700862147,-0.21423411105441617,0.046581244611521445,-0.36726805290223474,3.0956803995319824,-0.3858407179461878,-0.5255520979510706
0.5816388130187988,-0.6594467543705851,0.6605932472521746,0.12509793772488775,-1.3373711521502478,-1.3916908437690927,1.131191633058114,-16.642751520502557,-1.272085047394737,-1.6297720868112437,-0.20235538193247496,0.040288405956586684,-0.3686310310860997,3.0956646639057617,-0.38582164445985967,-0.5255602041827601
0.5836608409881592,-0.6594019714967978,0.6606186795593133,0.1251103424475761,-1.3373716240816045,-1.3916787551452796,1.1311593667974666,-16.602641716932197,-1.3591079382025448,-1.5704486952551948,-0.209732299566666,0.039272381581147035,-0.36875481510116526,3.095696135158203,-0.3857930342303675,-0.5256307760821741
0.5856826305389404,-0.6593850467540643,0.6606178256745711,0.12511150590199407,-1.3373716779286153,-1.3916738595910603,1.131160098772309,-16.8687669382901,-1.3865838954703738,-1.6107747729632271,-0.20554171414492797,0.04593173740256906,-0.37018455805006406,3.0956803995319824,-0.3857768217669886,-0.5256479422198694
0.5877046585083008,-0.6593728528302168,0.6606105799134735,0.12507480788428982,-1.3374468705832403,-1.3916643625938474,1.131175811804731,-16.68929369845655,-1.1382000934899112,-1.6906628401697388,-0.2083016182916911,0.055254458030529356,-0.373572058065107,3.0956803995319824,-0.3857916037188929,-0.525667969380514
0.5897269248962402,-0.6593432858887402,0.6606177757716487,0.125116959913904,-1.3374023332372156,-1.3916543242075623,1.1312008394724247,-16.740541834682787,-1.1048341459943387,-2.022940584148828,-0.21672665391979967,0.055310891836099774,-0.37367399583732147,3.09568898260083,-0.3857219854937952,-0.525679890309469
0.5917525291442871,-0.6593419463977324,0.6606094789521891,0.12511482041233993,-1.3373848285920535,-1.391687648657161,1.131167998812765,-17.020991515827237,-1.2929629186878016,-1.764391759353308,-0.20546677410305153,0.04150779096969691,-0.3731583997883134,3.0957042413898925,-0.3857329527484339,-0.5257518927203577
0.5937745571136475,-0.6593236361699844,0.660609467706324,0.12509003696719584,-1.3374145271828772,-1.3916911908412501,1.1311599924483757,-16.91349414576713,-1.1861214060388565,-1.7295710972800644,-0.20864648380433232,0.054314669993288336,-0.38002795146572865,3.09570757925,-0.3857329527484339,-0.5258038679706019
0.5957953929901123,-0.6593165095933252,0.6605917527105143,0.12510105632883695,-1.3374024043376191,-1.3917095819067278,1.1312360693159664,-17.285375250949876,-0.8244322159008551,-1.773607696699315,-0.21506619293295087,0.05628610259877319,-0.3774639531599526,3.095747633571289,-0.38566571870912725,-0.5258310476886194
0.5978155136108398,-0.6592827688307328,0.6606158589544073,0.12511160857595327,-1.3374037763270241,-1.3916842706570818,1.131150147322999,-17.388002733978926,-1.001977784457157,-1.5714575944467384,-0.20082094274088405,0.049135398770158295,-0.37837021542007987,3.0957090097614746,-0.3856928984271448,-0.5258596579181116
0.5998363494873047,-0.6592775131684352,0.6606017034825002,0.12512100876772297,-1.3374032690216984,-1.3916958857895574,1.1311985101123914,-17.222891803539664,-1.309991936675869,-1.7808199153328415,-0.20474056953828013,0.06479512239516967,-0.3875973576295255,3.095735712642334,-0.38565379778017217,-0.5258787314044397
0.6018593311309814,-0.6592468401875787,0.6606050806012579,0.12510205697567064,-1.337437191417075,-1.3916829533377322,1.1312322210848207,-17.366796000533753,-1.0871053371780341,-2.077220161334469,-0.21217331405827516,0.06130775718061443,-0.3784145659383785,3.0957442957111816,-0.3856142202960413,-0.5259116331683558
0.603879451751709,-0.6592205763023938,0.6606249153407354,0.12512278386038736,-1.3374161014539427,-1.391670579450321,1.1311627057820717,-17.298185367242287,-1.7968158729400923,-1.8110307762677917,-0.19580633803619693,0.048984093788789804,-0.3791875660640662,3.0957247453876953,-0.38562518755068,-0.5259435812579554
0.6058993339538574,-0.6592187475108617,0.6605937970622153,0.12512133308074502,-1.3374084950564893,-1.3917032231713953,1.1312457711877046,-17.364253155041983,-1.1286274191203858,-2.1913828357514613,-0.21074948537128288,0.059668530364597364,-0.36658872223707883,3.0957562166401367,-0.38556224504579717,-0.5259864966021937
0.6079192161560059,-0.6591928700180599,0.6606098531351786,0.12512014917773934,-1.3374114139051037,-1.3916935674903341,1.1311715074595758,-17.396807629599966,-1.5085062378428786,-1.8123885759566258,-0.20570631396135355,0.056841382437178914,-0.37034330749762756,3.0957295137592773,-0.38558894792665654,-0.5260313192950647
0.6099393367767334,-0.6591786128195996,0.660614970780673,0.12512754627718034,-1.337444549554531,-1.3916855173373384,1.1311873517818098,-17.377500449389814,-1.3477478575388195,-1.680219171731919,-0.2044394660045889,0.06213044595999474,-0.3736406283222109,3.095775290126465,-0.38557702699770147,-0.5260503927813929
0.6119592189788818,-0.6591722733462655,0.660598760825431,0.1251223083712571,-1.3374431605876171,-1.3916959783005856,1.1312366702835972,-17.607909922290265,-1.0836722553585916,-2.0990109203641785,-0.2118521168218226,0.06665527597388593,-0.3647408707451187,3.095776243800781,-0.3855369726764124,-0.52606708208193
0.6139793395996094,-0.6591284659486223,0.6606231818444552,0.12511799939049367,-1.3374413233478903,-1.3916675363664044,1.1311881932377004,-17.531265742261873,-1.5010721429020104,-1.5784473640368764,-0.20367819994401343,0.058714201435311565,-0.36612719648504677,3.095733328456543,-0.3855250517474573,-0.5260995070086878
0.6159994602203369,-0.6590978529254261,0.6606291477976154,0.12511851534178514,-1.337470464219206,-1.3916627847875498,1.1311984372079438,-17.58441284300617,-1.0593005964290065,-2.087534573786652,-0.21390177080798473,0.06351519257911986,-0.34722484118679514,3.095771475429199,-0.38549787202943975,-0.5261543432818812
0.6180193424224854,-0.6590915689294229,0.6606304913617588,0.12512023913851347,-1.3374761394405241,-1.391659939439988,1.1311630745204124,-17.522926740533034,-1.9430064801616127,-1.8371175972020137,-0.2055598775266631,0.053863592108474766,-0.3546752947634553,3.095752401942871,-0.3855207602130335,-0.5261667410479944
0.6200423240661621,-0.6590834632687381,0.6606188585652005,0.12512372307358055,-1.3374764778931585,-1.3916669940556197,1.1312038272151557,-17.660198428294915,-1.5348383884948174,-1.8165823650384954,-0.2112028931608809,0.05822322347177715,-0.33938071678022197,3.095764322871826,-0.38548499742616826,-0.5261834303485315
0.6220755577087402,-0.6590590943892212,0.6606295473323629,0.125142247802517,-1.3374191016641486,-1.391672966052869,1.1311873760610396,-17.371016782439288,-1.6770569717054062,-2.0363802725995273,-0.212424583098021,0.06432213357302652,-0.3387286753864837,3.095757170314453,-0.3854411284076136,-0.5262272993670862
0.6240954399108887,-0.6590369710820894,0.6606360354749874,0.12510573210687692,-1.3374871316112396,-1.3916624739714076,1.1311625122486033,-17.691003402080852,-1.9345350783632438,-1.6659939502782568,-0.20318373183309307,0.05483538796724227,-0.3353929810172517,3.0957605081745605,-0.38546783128847295,-0.5262745062457483
0.6261153221130371,-0.6590181840942771,0.6606330631843585,0.1251228194503123,-1.3375007561358825,-1.3916548460592921,1.1312015817272254,-17.789887666621713,-1.6120316717461234,-1.9036310073673948,-0.21960819313619373,0.0673550854834486,-0.33159541200471265,3.0957881647297363,-0.3854282538043421,-0.5262864271747034
0.628136396408081,-0.6589990645814109,0.6606417453357915,0.1251405997451318,-1.337494507056356,-1.391643951627877,1.1312117903822718,-17.601138703426333,-1.8482645160033655,-1.9939795292025084,-0.21030437864830118,0.06592687446424496,-0.32539262455957974,3.095803900355957,-0.3853972593890589,-0.5262959639178675
0.6301586627960205,-0.6589658114730066,0.6606442633683093,0.1251507196287921,-1.3374219177464683,-1.3916685717208923,1.1311773712402704,-17.81169269970551,-1.9406656356856717,-1.7727754514253693,-0.20827659758274056,0.054990528378350806,-0.3195582601302256,3.095780058498047,-0.3853500525103968,-0.5263899008380335
0.6321821212768555,-0.6589586396757261,0.6606469050148622,0.1251488642782791,-1.3374533699545317,-1.3916579392400277,1.13117875061182,-17.89294452191848,-1.6149914215302106,-2.0261199712673554,-0.2155390666938123,0.06531567986275563,-0.307623778644936,3.095791979427002,-0.3853572050677698,-0.5263908545123499
0.6342029571533203,-0.6589356133136086,0.6606580722668707,0.125138170424952,-1.3374892616083154,-1.3916407455831008,1.1311538704410093,-17.859830423382405,-1.6937685143112233,-1.9622534812972967,-0.2182715387100219,0.06204247280006876,-0.3001427204469931,3.0957881647297363,-0.3853681723224085,-0.5264151732074183
0.6362240314483643,-0.6589308253891111,0.6606304763217965,0.12514554160573835,-1.3374373833406537,-1.3916726361741567,1.1311942706772526,-17.827310694910928,-1.9755269291809854,-2.068773379080788,-0.2141395099344967,0.06344383616045446,-0.2962925496169104,3.095764322871826,-0.38531333604921514,-0.5264537970172327
0.6382439136505127,-0.6588929807081626,0.6606479811043472,0.12513479178168257,-1.3374886720755166,-1.3916396531365391,1.1312113759054392,-17.858797046192123,-2.0643235154733683,-1.7540519176504998,-0.21250289961812094,0.05499412321963103,-0.28499084087533866,3.0957810121723632,-0.38528567949403936,-0.526470963154928
0.6402630805969238,-0.6588774265740102,0.6606573257828061,0.1251279500526941,-1.3375126190124589,-1.3916426225388276,1.131188460001149,-18.026940483294496,-2.325976416807245,-1.6409826714064755,-0.21284575251831894,0.057538816718984885,-0.28672846248899897,3.095815821284912,-0.3852933088885706,-0.5265229384051722
0.6422839164733887,-0.6588531323108242,0.6606623961063568,0.12515384231419546,-1.3374877469102697,-1.3916314493502944,1.131178829997471,-18.57680551962768,-2.4396933610355824,-2.018387507974105,-0.21704163276780103,0.0643190553041521,-0.28622290447591625,3.0957962709614257,-0.3852651754962366,-0.526534382496969
0.6443040370941162,-0.6588369269315277,0.6606569665230084,0.12516250830842596,-1.3374469391793995,-1.391651605086907,1.1311818075765192,-19.65776863209316,-2.149451335095062,-1.6770777290518493,-0.21915996693274692,0.10530576426803638,-0.30247313697517003,3.0957962709614257,-0.38522559801210576,-0.5265896956073206
0.6463360786437988,-0.6588146092337692,0.6606624011897813,0.12515068673046245,-1.3374853410089338,-1.3916357499075382,1.13117662397335,-20.073326417322072,-1.700654688663925,-1.9098413195127084,-0.21771392280051338,0.1061293592873538,-0.2976807490874058,3.0957929331013183,-0.38522559801210576,-0.5266101996051233
0.6483571529388428,-0.6588001405216853,0.6606459017654048,0.12515381731956457,-1.3374524854614893,-1.3916604528044343,1.1312279872084956,-20.850498222766994,-1.35917237119209,-1.5406917107767684,-0.22496441849282273,0.11965366696398394,-0.30521658712309035,3.0958048540302734,-0.3851583639727991,-0.5266616980182093
0.6503989696502686,-0.6587828008369895,0.6606663656347028,0.1251482394340321,-1.3375266659029639,-1.3916321772114035,1.1312096686542956,-21.699878139657542,-1.6394026452190393,-1.3802167082972159,-0.2120751049628447,0.1353996764155229,-0.3312436747388857,3.0958520609089355,-0.3851860205279749,-0.5266698042498987
0.6524252891540527,-0.6587700963658714,0.6606705522973652,0.1251633409387808,-1.3375319581142808,-1.3916220240421606,1.131197691016516,-22.44900156622116,-1.7087392509810702,-1.294883532114472,-0.21472637073757783,0.1411402867798336,-0.3525634898107035,3.0958520609089355,-0.3851850668536585,-0.5266745726214808
0.6544461250305176,-0.6587361018795527,0.6606808255564922,0.12514736095451096,-1.337548296089246,-1.3916135162403271,1.1311746299699763,-23.088204498006967,-1.2022676309544393,-1.3079560595224677,-0.2079791989440122,0.1665262421179262,-0.3645729215448363,3.0958401399799804,-0.3851731459247034,-0.5267298857318323
0.6564650535583496,-0.6587297559939148,0.6606760326538982,0.12516805893143074,-1.3375135514477683,-1.3916250616021477,1.1311809194451214,-23.861050048726277,-1.056052816647501,-1.26827506039495,-0.21508960060418558,0.16560041271247897,-0.3673552722355739,3.0958444315144042,-0.38514548936952764,-0.5267503897296351
0.658484935760498,-0.6587242130683072,0.6606609558758341,0.1251735332630383,-1.3374803992666988,-1.3916415060762533,1.1312143317372538,-24.114782738274673,-1.0818909632579794,-1.2826186700900832,-0.2083960446318943,0.17706182783811172,-0.3902263859234724,3.095832510585449,-0.38510209718813115,-0.5267708937274378
0.6605041027069092,-0.6587315959803728,0.6606402611578022,0.12517252898693887,-1.3374926079245786,-1.3916725263013041,1.1312018065216185,-24.290500899834186,-0.44381510770368676,-1.410587156353527,-0.21416294552120535,0.1695792085924282,-0.4105689047849974,3.0958520609089355,-0.3851254622088831,-0.5268223921405237
0.6625239849090576,-0.6587078943234889,0.6606573201327992,0.12520601025640954,-1.3374603357461183,-1.391665308743954,1.131174411178557,-24.633938825250937,-0.817293067936858,-1.274603205010421,-0.20229724280724268,0.1738025638010176,-0.4388286126463608,3.095867319697998,-0.38510209718813115,-0.5268495718585413
0.6645557880401611,-0.6586989869890567,0.6606520426156662,0.12518518477219873,-1.337467805350071,-1.3916761189754512,1.1311728044220355,-24.888862278765295,-0.8087543684950012,-1.2135314340067156,-0.19651397306166318,0.18089234492428968,-0.4557295556658249,3.095860167140625,-0.3850973288165491,-0.5268896261798304
0.6665749549865723,-0.6587028020476561,0.6606230232368803,0.12520910091584442,-1.3374211333291885,-1.3917003872649165,1.131209356094026,-24.894590285808007,-0.33619817390242523,-1.390004309652781,-0.19855964332562437,0.1945122150747258,-0.47324673830066255,3.095836325282715,-0.38505870500673467,-0.5268972555743616
0.6685950756072998,-0.6586877435348365,0.6606389216597115,0.12519702045409412,-1.3374913812556506,-1.391679776347088,1.1311931747946813,-24.954458216955715,-0.2433788047174068,-1.4449773040177756,-0.19052136654941065,0.19192769218323605,-0.4981221710877213,3.095879240626953,-0.38508540788759404,-0.5269144217120569
0.6706161499023438,-0.6586643466260552,0.6606548698516869,0.125207373587292,-1.3374640022276647,-1.39167524007527,1.1311285897957557,-24.918776940946124,-0.183282970157451,-1.307755313037171,-0.18721076261040398,0.19052219453449287,-0.5217199076000365,3.095853014583252,-0.3850925604449671,-0.5269539991961878
0.6726641654968262,-0.6586424982293582,0.6606398459437517,0.12523381501071174,-1.3374379035169344,-1.391688613443814,1.131159404140406,-25.37980149706165,0.39036971959739963,-1.1339409938248197,-0.18380427110099307,0.2125268102479832,-0.5493527069310633,3.095860167140625,-0.38503820100893194,-0.5269983450519007
0.6746976375579834,-0.6586425376887288,0.6606441696027351,0.12525263036589862,-1.3374233260780262,-1.3916996766954042,1.1311251043051878,-25.53206901280463,0.5630601273907824,-0.8673872911194707,-0.18211766563365261,0.21772631448675403,-0.5669933574803321,3.095884008998535,-0.38505298296083623,-0.5270260016070765
0.6767311096191406,-0.6586500690746676,0.6606187461599983,0.12524066992071392,-1.3374372769454406,-1.3917260709856152,1.131185752120469,-25.845387102366832,0.5361149979856378,-0.7901986730921928,-0.17631705608071868,0.2225630957481634,-0.5894312867897328,3.0959150034138183,-0.38502532640566045,-0.5270536581622522
0.678760290145874,-0.6586304340616023,0.6606267386465746,0.12525254846217118,-1.3374219675627863,-1.3917174248477022,1.1311370743765765,-25.77654921735975,0.47405938604591225,-0.6042951856679002,-0.17105805657037898,0.23691608299093603,-0.6000488870515108,3.0958801943012695,-0.3850339094745081,-0.527074162160055
0.6807894706726074,-0.6586167976179358,0.6606312258265981,0.12528541096667156,-1.3374280746873217,-1.3917000439292284,1.1311680298205582,-26.150456236689205,0.6696320838464112,-0.6709164621946302,-0.17905380428696654,0.25437682364769193,-0.608972818461262,3.095911665553711,-0.3850014845477503,-0.5270579496966761
0.6828205585479736,-0.6586085807782414,0.6606249070402883,0.12527451087131639,-1.3374060168338051,-1.3917192675523722,1.131155899905088,-26.533202016632085,0.793413770563069,-0.745318042684608,-0.17847046078804998,0.27169538157552775,-0.6131032197315113,3.09589592992749,-0.3849905172931116,-0.5271061102496546
0.6848559379577637,-0.658589520972829,0.6606299513643699,0.1252866980640902,-1.3373976976551671,-1.3917061201492995,1.1311746855587024,-26.829442280464587,0.6370358747493208,-0.6016379612534823,-0.17397398660728214,0.28334489958220843,-0.6266037253552641,3.0958925920673828,-0.3849542776690882,-0.5271061102496546
0.6868917942047119,-0.6585904123997093,0.6606308741182116,0.12528508131621613,-1.3374168635990529,-1.3917143161677614,1.1311530896103088,-27.061422046137228,0.9545137738401719,-0.6372516976812994,-0.17891521675810557,0.2893758855005193,-0.6261204443052114,3.0959197717854003,-0.38497764268984014,-0.5271342436419886
0.6889169216156006,-0.6585728396365205,0.660628812660853,0.12529117593242878,-1.3373763230916433,-1.3917310222848247,1.131163818879194,-27.626731273463275,0.9307883633275547,-0.6367396098558835,-0.17019718079862695,0.30159645640831934,-0.6327424867016523,3.095923586482666,-0.38493043581117803,-0.5271852652179163
0.690936803817749,-0.6585692348262143,0.6606156182337123,0.1252707908136523,-1.3374378541779153,-1.3917231779967514,1.1311798829154693,-27.970689459656494,0.9137092961589186,-0.530165241232754,-0.1747022458292492,0.3063740588708813,-0.6366484567644056,3.0959159570881347,-0.38494950929750615,-0.5271852652179163
0.692955732345581,-0.6585633126340076,0.660623141993983,0.12532115462069826,-1.3373491222808476,-1.3917321143264927,1.1311384904887272,-28.295419973056568,1.4437248675748635,-0.8345251278374031,-0.17350785086214543,0.3167870994782227,-0.6351838852765735,3.0958968836018066,-0.3849294821368616,-0.527193848286764
0.6949782371520996,-0.6585675568509171,0.6606184023095356,0.12532181486525762,-1.3373571057221343,-1.3917536982681746,1.1311338517952854,-28.526903174695597,1.2404133363796752,-0.7073211380120288,-0.1742549926649322,0.32211188191478946,-0.6505853735307869,3.095942659968994,-0.3849375883685511,-0.5272367636310022
0.6970069408416748,-0.6585439387313221,0.6606254106952818,0.12532471203952933,-1.3374004794624506,-1.3917162615245715,1.131171790843898,-28.896782255203018,1.1215228749866513,-0.5293844779374828,-0.16993786154212914,0.321076334637554,-0.6585897997800196,3.095940275783203,-0.3849104086505335,-0.5272062460528772
0.6990351676940918,-0.6585467625735258,0.6606280547518547,0.12535002338876428,-1.337371663836144,-1.3917318217884065,1.131131596879373,-29.006166149690323,1.0599069982492606,-0.6423409075477169,-0.16913489347213248,0.3247147538443905,-0.6667671563135065,3.095959349269531,-0.384925667439596,-0.527233902608053
0.7010629177093506,-0.6585181166371844,0.660632587052096,0.12532825693258445,-1.3374455271612906,-1.3917058263833793,1.131160405937407,-29.23893101750257,1.1913538453976709,-0.8595118837667197,-0.1723761381444766,0.3238324948274083,-0.670176137143587,3.095975084895752,-0.3849123159991663,-0.5272496382342737
0.7030911445617676,-0.658540647212899,0.6606130231911469,0.12534186816224785,-1.3373876146718555,-1.3917579211468998,1.1311288927111702,-29.36980408079793,0.9301494128194039,-1.0637223809800398,-0.16886695793517537,0.31868838775438035,-0.6803404925467604,3.0959836679645996,-0.3849285284625452,-0.5273011366473597
0.7051191329956055,-0.6585165686997196,0.6606120238412451,0.125328827711691,-1.3373888080951113,-1.3917421910332513,1.1311655037865733,-29.693781644973154,1.4705334839826627,-1.2189597109894716,-0.1667619285807367,0.30598717758245286,-0.6869803521339335,3.0959483820148925,-0.3848813215838831,-0.5273011366473597
0.7071468830108643,-0.6585310657765897,0.6606040747747074,0.1253519562193396,-1.3373849752974567,-1.3917598297772231,1.1311400382923376,-29.88239061728981,1.4826953073024467,-1.246155682584658,-0.1620466081937243,0.29087812412173053,-0.7034707422389606,3.0959760385700683,-0.3849123159991663,-0.527313534413473
0.7091748714447021,-0.6585132358323926,0.6606234462362205,0.12535785074463432,-1.3374224394062577,-1.3917344391115583,1.131130562206503,-30.02917241621844,1.3069798530206118,-1.524331690029376,-0.15930652360526573,0.2829091600717262,-0.7236944022753291,3.0960075098225097,-0.38491613069643194,-0.527313534413473
0.71120285987854,-0.6585045544075875,0.660618982205994,0.1253679808509637,-1.3373841012903243,-1.3917435043274229,1.1310955824298683,-30.178347517048028,1.5846632265544545,-1.2546769371592896,-0.15914189947856525,0.2628749174598167,-0.731578090922402,3.0959641176411132,-0.38491613069643194,-0.5273373762713831
0.7132308483123779,-0.6584871765429117,0.6606288079653052,0.12535869554346146,-1.3374136531719663,-1.3917356252037754,1.1311331241695524,-30.592436268913495,1.6103159567980019,-1.6339986832042408,-0.15520468738080806,0.252575426728037,-0.7446418161344305,3.096015616054199,-0.3848813215838831,-0.5273612181292933
0.7152588367462158,-0.658477258366279,0.6606271279276571,0.1253914808543628,-1.3374179374679305,-1.3917155674414774,1.1311500468958853,-30.535231946358522,1.4953410926932575,-1.8307608557643062,-0.15011602938554097,0.2410104130141832,-0.7487181173183953,3.0960118013569335,-0.3848655859576624,-0.5273297468768519
0.7172868251800537,-0.6584889480877582,0.6606099649449189,0.12539191270909542,-1.3373895850334288,-1.3917446727725882,1.131159857411758,-30.79043576175074,1.581179267975116,-2.030225129910259,-0.1518896769642325,0.23259708296656745,-0.759943143088934,3.0960118013569335,-0.38485747972597295,-0.527353588734762
0.7193148136138916,-0.6584920832082584,0.6606024010492465,0.12540795675845268,-1.3373945847518152,-1.3917617872260928,1.1311547194026448,-31.10708144569847,1.89099387367038,-1.841114587436361,-0.15139972527151319,0.21783957654557348,-0.764931303832851,3.0960518556782226,-0.3848655859576624,-0.5273850599872034
0.7213428020477295,-0.6584642452781223,0.6606151295181057,0.12540087045174797,-1.3373805601163764,-1.3917459939517187,1.131149502960354,-31.15660333535596,2.159365352136262,-2.167312565549852,-0.14814196366444882,0.2186787921738294,-0.7781157491866583,3.096020384425781,-0.3848336378680628,-0.5274007956134241
0.7233710289001465,-0.6584651865029711,0.6606221753053784,0.12541237642315567,-1.3374238651513357,-1.3917414495989915,1.1311472556643922,-31.20952092766019,2.0919013662704096,-2.257853545748487,-0.1488716358019921,0.21356114550429608,-0.789196659786212,3.0960866647907714,-0.3848536650287073,-0.5274093786822718
0.7254238128662109,-0.6584633574136225,0.6606120666925135,0.12544925573845797,-1.3373897399295676,-1.3917395620712156,1.1311618893028474,-31.34435259223651,2.202186812512464,-2.41324473127795,-0.15042256243970836,0.21274458314802328,-0.7944492741400252,3.096067114467285,-0.38482982317079717,-0.527386490498678
0.7274518013000488,-0.6584775723308924,0.6606018909575291,0.12540574522587658,-1.3374138582525117,-1.3917713583925087,1.131145040003141,-31.66176543474757,2.139824695850745,-2.0915340964237865,-0.14149700777307164,0.20034153772164187,-0.7976252631472278,3.096082850093506,-0.384864632283346,-0.527440373097555
0.7294797897338867,-0.6584584735282213,0.6606159529660225,0.12545209983168235,-1.3374081976347096,-1.3917367830434106,1.1311345478305794,-31.92152126074848,2.0709380684211234,-2.349853477646678,-0.1425195685428925,0.20787772923434356,-0.8050620435228812,3.0960756975361328,-0.3848527113543909,-0.5274017492877405
0.7315077781677246,-0.6584667589208562,0.6605927372775972,0.12541130608217232,-1.3374356538456826,-1.391761220689308,1.1312021035422626,-32.04095423739288,2.273336524587348,-2.216699355767174,-0.14360605362387335,0.20744892803955506,-0.8043580515785211,3.096094771022461,-0.38482648531068975,-0.5274294058429163
0.7335360050201416,-0.6584662433624138,0.6605890297286736,0.12545804427856694,-1.3373725570026793,-1.391768832828291,1.1311751362778002,-32.24385350223283,2.143073236363306,-2.3199331051683236,-0.14246168307905416,0.215301914092193,-0.8062967780669432,3.096071882838867,-0.3848174254046839,-0.5274255911456507
0.7355639934539795,-0.6584460300926548,0.6606026765526245,0.12545339775265826,-1.337354383936425,-1.3917711740987189,1.1311701929129179,-32.42726372636187,2.158200539034556,-2.3035850429334443,-0.1477346691634633,0.21433034237922313,-0.8063627074586239,3.096087618465088,-0.3847864309894007,-0.5274689833270472
0.7375919818878174,-0.6584440394954411,0.6605996106397014,0.12546850077880264,-1.3373832866116049,-1.3917632793990493,1.131179070747394,-32.45738863117835,2.146175593412054,-2.356252456276718,-0.14387108466324172,0.21240559763982822,-0.8012762145942575,3.096111460322998,-0.38479358354677373,-0.5274613539325159
0.7396197319030762,-0.6584398092897075,0.6605947656264137,0.12545360773771808,-1.3373833384112226,-1.3917763520615565,1.1311967405693943,-32.664785931183125,2.123974664148622,-2.412360012024922,-0.13956866831179765,0.21480176409551263,-0.801035189972831,3.096123381251953,-0.3847749868976038,-0.5274933020221155
0.7416477203369141,-0.6584286191925988,0.660614009690826,0.1254784441120902,-1.337378574713971,-1.3917654389364813,1.1311468536463924,-32.79850800778254,2.085409389673404,-2.6414123776390177,-0.14660723164630152,0.21344088535487754,-0.8067953782988914,3.096142454738281,-0.38479358354677373,-0.5275052229510706
0.7436761856079102,-0.6584314323238085,0.6606068548684029,0.125499993210336,-1.3373576364567306,-1.3917627526412963,1.1311743989126675,-32.86379467107491,2.0897801278175914,-2.5253701231508403,-0.144397493125393,0.20783124454584254,-0.8065437939626802,3.096135302180908,-0.3847697416888636,-0.5274775663958948
0.7457091808319092,-0.6584176807972921,0.6606021158040499,0.12548882562358565,-1.3373806884382724,-1.3917536532302117,1.131205462238167,-32.91062796437049,2.1553706410004905,-2.657268122825692,-0.150646526969694,0.2119486189447577,-0.8062730387370514,3.096128149623535,-0.3847468535052698,-0.5274813810931605
0.747736930847168,-0.6584159298144798,0.6606094787790594,0.12548204447835604,-1.3374221855631854,-1.3917479236533048,1.131168548199722,-32.858118783885004,2.2038720196539083,-2.5378330351205403,-0.1441033903499469,0.20740197831301319,-0.7987790254179161,3.0961472231098632,-0.3847897688495081,-0.527496639882223
0.749765157699585,-0.6584084216630426,0.66061291591193,0.12551147824200903,-1.3374081520190666,-1.391747797838491,1.131174521323395,-32.66025379411998,1.6459067384662813,-2.5558829112382053,-0.14553369085172493,0.20262329217870514,-0.8075742649516336,3.0961782175251464,-0.3847697416888636,-0.5275052229510706
0.7517929077148438,-0.6584312910767471,0.6605916859322092,0.12549708553316521,-1.337393807328994,-1.391772533031614,1.131190590468641,-32.78204957171432,1.7963822407619066,-2.481614679216829,-0.13924502530825078,0.19479531481511753,-0.8033824263407182,3.0961591440388183,-0.3847773710833948,-0.527501408253805
0.7538211345672607,-0.6584126492580845,0.6606073631645365,0.1255370881161142,-1.3373044107500853,-1.3917861854397737,1.131145465774439,-32.592537906332495,1.8097643498139384,-2.6814921568745245,-0.14078599920002186,0.1942372547983898,-0.803119673068122,3.0961591440388183,-0.384742561970846,-0.5275486151324671
0.7558488845825195,-0.6584018036831828,0.6606182291914651,0.12551674598286916,-1.3373947237848074,-1.3917502565813435,1.1311437866909024,-32.50859945643724,1.856662726463365,-2.5932774147017357,-0.14354828356750188,0.19121477999585942,-0.8014958083276906,3.0961710649677734,-0.3847773710833948,-0.5275252501117151
0.7578768730163574,-0.6583922545310452,0.6606188510967272,0.12553215292563913,-1.33736047565376,-1.391756841358397,1.1311656548227276,-32.51660388793921,1.9022877854174431,-2.8627589331966323,-0.144157601596315,0.19880359905460532,-0.8034229507214391,3.0961834627338867,-0.38473397890199834,-0.527541462575094
0.7599072456359863,-0.6583823371346698,0.6606267756952805,0.12552741163860934,-1.337403953386796,-1.3917291031214618,1.1311565966956196,-32.44595588931432,1.7650797492979158,-2.8915877366406133,-0.13981371731865755,0.19513613206637143,-0.8050904814190154,3.0961710649677734,-0.38475352922548467,-0.5275171438800257
0.7619473934173584,-0.6583912141302748,0.6606225556206042,0.12555616380949625,-1.3373536344517851,-1.3917470105931604,1.1311306224682074,-32.37757527002073,1.7949791441224565,-2.7079090228981157,-0.1436999034976982,0.1888889664309727,-0.8069008402890336,3.0961672502705078,-0.3847568670855921,-0.5275252501117151
0.7639799118041992,-0.658391667668937,0.6606152792484475,0.1255658873582857,-1.3373516327829085,-1.3917593398264514,1.131171111841469,-32.67173871937537,2.1075111937687607,-2.785066536806372,-0.14228606288443954,0.1913541949305399,-0.8002566372316565,3.0962111192890625,-0.3847258726703089,-0.527541462575094
0.766059398651123,-0.6583920763892279,0.6606125275979093,0.1255404820558113,-1.3374056730236443,-1.3917586771249004,1.131180298281914,-32.67053505966464,2.150777351009042,-2.633184150655431,-0.14562686392756158,0.1900527597366782,-0.8044797677181756,3.0962349611469726,-0.384744946156637,-0.5275562445269983
0.7681007385253906,-0.6583932332564689,0.6605967152591526,0.12554038938464757,-1.3374187804339261,-1.391756315004564,1.1312457921269112,-32.629801664846994,1.9744835891877481,-2.6972929195197417,-0.13933117801556943,0.19490723673776314,-0.8033474823225488,3.09623829900708,-0.38470966020693,-0.5275338331805628
0.7701315879821777,-0.6583707918861701,0.660617910299636,0.1255599765773584,-1.3373705157190101,-1.391744645188577,1.1311941490009747,-32.9659328314532,2.0782129254730477,-2.6869588256155614,-0.14300669597528928,0.19860805166313847,-0.800003376857352,3.096207304591797,-0.3846982161151331,-0.5275490919696253
0.7721621990203857,-0.6583807386588565,0.6606071460013464,0.1255485931069013,-1.3374158846448718,-1.391741604239831,1.1311995371894654,-33.005777540888495,1.938846686370717,-2.813197085172462,-0.1417792852714263,0.2026419682742859,-0.7991796151913455,3.096207304591797,-0.3847296873675745,-0.5275338331805628
0.7742025852203369,-0.6583611472586809,0.6606132531654251,0.12556285614126983,-1.337379833467892,-1.3917439949188721,1.1311893239633304,-33.21067697396438,1.7505056011095348,-2.7593382725056457,-0.14218565137238048,0.21206745042709949,-0.8017613339555627,3.096200152034424,-0.3846982161151331,-0.5275653044330042
0.7762298583984375,-0.6583660901645872,0.6606084611451863,0.12558492288384954,-1.3373658317839965,-1.3917469680834909,1.1312308930481623,-33.47941648882545,1.7176895912220715,-2.6596573549306877,-0.13976883254698805,0.21701440720147308,-0.7990200611818268,3.096231146449707,-0.3846667448626917,-0.5275490919696253
0.7782845497131348,-0.6583753544086139,0.660595100482525,0.12555914240523378,-1.3373675422901676,-1.3917768325261353,1.1312424693619771,-33.590803136902274,1.7148328677190847,-2.599703899449808,-0.14333269169955531,0.22399654462718394,-0.7990925133895884,3.0962468820759277,-0.3846667448626917,-0.5275924841510218
0.7803158760070801,-0.6583466458364821,0.6606279987773486,0.1255800862632746,-1.3374178230364009,-1.3917158224269022,1.1312138692335347,-33.804716403277126,1.7017832518263498,-2.6268323231206194,-0.14457528472746115,0.23035441052391584,-0.7931711536822514,3.0962468820759277,-0.3846824804889124,-0.5275452772723597
0.782346248626709,-0.6583593563935309,0.6606112460733022,0.1255661423068419,-1.3373997214184836,-1.391744648376837,1.1312362372659923,-34.1771761319128,1.7654421909253817,-2.6364610208869026,-0.1492232544762416,0.2325166957684508,-0.7887908438351221,3.096250219936035,-0.3846705595599573,-0.5275691191302698
0.7843790054321289,-0.6583522734123016,0.6606245688001636,0.12560984245577111,-1.3373469723322178,-1.391737013447269,1.1311743156204106,-34.313916312420695,1.6086322979214598,-2.4616871497038506,-0.14231039086462477,0.2314858280829089,-0.7893409650294348,3.096223993892334,-0.3846824804889124,-0.5275614897357386
0.7864408493041992,-0.6583467166356763,0.6606189246004033,0.12558477339946983,-1.3374302127870652,-1.391722588426331,1.1312252543865438,-34.40693285771988,1.8368049831670925,-2.5442189123711856,-0.14726776626233232,0.23494064718016866,-0.7878627265785421,3.09626214086499,-0.384681526814596,-0.527557675038473
0.7884817123413086,-0.6583518380564252,0.660612964258932,0.1255760166058716,-1.3374028549671753,-1.3917356328902162,1.1312202494724846,-34.51754910813209,1.9113732312807095,-2.8409857871437643,-0.14684355923471687,0.24199513738444012,-0.7831918794843173,3.096235914821289,-0.3846777121173304,-0.5275657812701624
0.7905361652374268,-0.6583348839066443,0.6606222596972308,0.12557957596021552,-1.3374616841853975,-1.3917076203203127,1.1312467406322428,-34.89747917244674,1.6844300273931714,-2.575856324763576,-0.14474672193995394,0.23687133778581884,-0.7815544885754772,3.0962740617939453,-0.3846696058856409,-0.5275543371783655
0.7926161289215088,-0.658331482700417,0.6606348722759117,0.12560494363877434,-1.3374227601480946,-1.3917185931786464,1.1312040615867758,-34.95022013628211,1.6197416577355235,-2.5210899467643086,-0.14695787303652944,0.23476110145936704,-0.7814956538821075,3.0962983804890136,-0.38467294374574834,-0.5275853315936487
0.7946615219116211,-0.6583174693952236,0.6606336793878687,0.12557660112124924,-1.3374638444791784,-1.3916961391940663,1.1312270792123784,-35.0705014889054,1.4489113932015734,-2.664232562365725,-0.14790352304215645,0.23479622262714497,-0.7812362465540372,3.0962630945393066,-0.3846657911883753,-0.5275691191302698
0.796696662902832,-0.658322999076157,0.6606348375963094,0.1256036607363938,-1.3374407166337092,-1.391711359813795,1.1312359618185674,-35.152785180358734,1.3342639296747023,-2.7971506100351267,-0.14155909939476555,0.21595107528974436,-0.7842918484040283,3.0963169771381835,-0.3846500555621546,-0.5275853315936487
0.7987284660339355,-0.6583215565146474,0.6606301205986428,0.1255963817739465,-1.3374562796231668,-1.3917053592420712,1.131252203318111,-35.204251949571415,1.3823240194931226,-2.9712078547513032,-0.13959072251336038,0.2148885647741013,-0.7834601731900699,3.096306486720703,-0.38464671770204717,-0.5275743643390101
0.8007593154907227,-0.6582902013032099,0.6606617008564194,0.12561194747839,-1.337446073622537,-1.3916900456653973,1.1311819101552802,-35.14999120405204,1.7673181214462501,-3.045046276171984,-0.149299535346875,0.20992897715094463,-0.7783371061319813,3.0963188844868164,-0.3846538702594202,-0.5276201407061976
0.8027894496917725,-0.6583000283935636,0.6606518120005536,0.1256114964499131,-1.3374240069828272,-1.3917066757809098,1.1311726982673393,-35.089904298951,1.2545532732654163,-3.0280604118348506,-0.14045629047063468,0.2036898341732426,-0.7771081729892646,3.0963026720234375,-0.38466102281679326,-0.527628246937887
0.8048200607299805,-0.6583111078499495,0.6606309490163783,0.12561083880969137,-1.3374463944020927,-1.3917060273654431,1.1312333040414584,-34.949794617934,1.2549666912429045,-3.2959717413679015,-0.14328288368226108,0.20678416138226036,-0.7769827659091046,3.0963026720234375,-0.38464528719057256,-0.5275934378253382
0.8068478107452393,-0.6583054321989785,0.6606416603242904,0.1256243461808263,-1.3373984011542537,-1.3917180927046193,1.1312013917052508,-35.09904334405099,1.3392269085548227,-3.0181663604366946,-0.14153833040293573,0.18770723542006812,-0.769954107329459,3.0963079172321777,-0.3846347967730921,-0.5276249090777796
0.8088860511779785,-0.6583079158830292,0.6606411502528208,0.12563027481020134,-1.337440135490353,-1.3917096537547713,1.1312228057864315,-35.158257846325434,1.443276097923073,-3.2760692518562875,-0.14342550778885554,0.19429622977632938,-0.7755645041447393,3.0963498789020996,-0.38464194933046514,-0.5276129881488245
0.8109338283538818,-0.6582936902643916,0.6606548812257168,0.12562745020818616,-1.3374397913787415,-1.3916892537805432,1.131181585345787,-35.190416497425765,1.7293601031931025,-3.0543034347156777,-0.1449234289460503,0.18814970901262693,-0.7709760169125327,3.0963079172321777,-0.38465768495668584,-0.5276053587542933
0.8129630088806152,-0.6582856135875902,0.6606481921409312,0.12564284397783015,-1.3374073770748764,-1.3916957177696363,1.1312149548803667,-35.16719921238362,1.290985972598857,-3.2610483831985917,-0.1368618899193211,0.2042640929440623,-0.7785639149094833,3.0963079172321777,-0.38461095491518194,-0.5276129881488245
0.8149924278259277,-0.6582982369174916,0.6606513734033973,0.12564145306949637,-1.3374230422964022,-1.391692924278396,1.1312087790996461,-35.33562333735702,1.3439478784503553,-3.1804584867933583,-0.1465319627036329,0.19461557907767382,-0.7726064957243789,3.09632317602124,-0.3846347967730921,-0.5275934378253382
0.8170211315155029,-0.6582882980462816,0.6606559119087339,0.1256441584049291,-1.3374740204967497,-1.3916716281342403,1.1312202821518174,-35.30615855866619,1.1304645540102278,-3.22983027107138,-0.13872178696801138,0.19607733064999305,-0.769855526960393,3.096346064204834,-0.38464194933046514,-0.5275815168963831
0.8190498352050781,-0.6582990772561639,0.6606431683557921,0.12565973238338973,-1.3374349260236056,-1.3916922058561998,1.1312283438827817,-35.514323490150744,1.2882356922628577,-3.193540682157278,-0.14244672661761054,0.19428911804464094,-0.7607536236046614,3.0963427263447265,-0.38462955156435186,-0.5275862852679651
0.8210794925689697,-0.6582850454079343,0.6606520848763189,0.12565270227232161,-1.337446699343154,-1.3916881653404514,1.131217972411756,-35.41728677823715,1.120714640377212,-3.451158648380804,-0.14000149896346142,0.19968589717795715,-0.7598166894949511,3.0963546472736816,-0.38462573686708623,-0.5276129881488245
0.8231079578399658,-0.658288402602241,0.6606673400415518,0.12566282331477832,-1.3374446758841854,-1.3916813112280357,1.1311840703711658,-35.284266760970844,0.9194313706099135,-3.320734259348491,-0.1406852747602809,0.1825742042567531,-0.7531724296766222,3.0963708597370605,-0.3846491018878382,-0.5276053587542933
0.8251516819000244,-0.6583071247213262,0.6606327900269001,0.12564752592865733,-1.3374433945323154,-1.3917196716001636,1.1312558192318507,-35.17488266918339,1.007613914744345,-3.772592833588815,-0.14869615286034693,0.1796944162275969,-0.7395847137271695,3.0963937479206542,-0.3846185843097132,-0.527628246937887
0.8271925449371338,-0.658298018144128,0.660656306195919,0.1256591705213582,-1.337467429261201,-1.3916876550925503,1.131208172517794,-35.27307922816934,1.2798010820903685,-3.572529251426456,-0.14242206477825436,0.18236511617762557,-0.7368230535694591,3.096390410060547,-0.3846538702594202,-0.5276010672198694
0.8292214870452881,-0.6582903335997036,0.6606624029185231,0.12565233453454183,-1.3374898024330093,-1.3916757903611485,1.1312223540855328,-35.36841141273222,1.1764806658892395,-3.303842707537163,-0.1491866861724192,0.18544473140526926,-0.7423971950072378,3.09640280782666,-0.38464576402773076,-0.5275972525226038
0.8312761783599854,-0.6583020170367089,0.660647859651177,0.12567484777248056,-1.3374073449284263,-1.3917004536109268,1.1312252205150317,-35.18243112399733,0.9646133733387969,-3.287873481627421,-0.1504151726760522,0.18712103501696803,-0.7505870317064388,3.0963637071796875,-0.3846185843097132,-0.5275934378253382
0.8333051204681396,-0.6582917005829543,0.660670216900138,0.12566935401480311,-1.3374276080856469,-1.391697193954194,1.1311559038901506,-34.94348740818586,0.7941564856941774,-3.419983954399426,-0.14987533443295042,0.18287498220206544,-0.7336334759410964,3.096390410060547,-0.38466102281679326,-0.5276358763324183
0.8353338241577148,-0.6582898791567438,0.6606778662052498,0.12566840046967323,-1.337480918337946,-1.391666091647475,1.1311748982793448,-34.87874384169461,0.5004676142478925,-3.6932095063785164,-0.14363305661914885,0.16713288507991506,-0.7019576411933326,3.09640280782666,-0.38467294374574834,-0.5275891462909144
0.8373618125915527,-0.6582924639318593,0.6606573508379877,0.12568512767798845,-1.337435654752245,-1.3916821909755241,1.1312448043478298,-34.62332152036373,0.02216371283948626,-3.8656753946789113,-0.14431441636597106,0.15917017570590297,-0.6844613919413789,3.0963989931293945,-0.3846071402179163,-0.5275815168963831
0.8393898010253906,-0.6582908666528151,0.6606633037905286,0.12567683958534465,-1.3374448908006693,-1.3916808184030602,1.1312403616070879,-34.4858684398375,0.3833922071810907,-3.6016557633355224,-0.14507822853462676,0.15661107974800312,-0.6784954228572005,3.0964104372211914,-0.38461095491518194,-0.5275891462909144
0.841418981552124,-0.6582938728566082,0.6606796825317713,0.1256606806247927,-1.3374816408769403,-1.391669560723951,1.1312199024227727,-34.36804382540474,0.9646703567604082,-3.462480819409099,-0.14869598894792788,0.16524590495787717,-0.6884784343232192,3.0964385706135253,-0.38464194933046514,-0.5275853315936487
0.8434469699859619,-0.6583097196515463,0.6606590659922525,0.12567728083363827,-1.3374590458116202,-1.3916886605922836,1.1312689155814717,-34.300379526785804,0.9342835249907067,-3.6772527916209006,-0.1472890993971453,0.16326646492868208,-0.6948683439775266,3.096453829402588,-0.38461476961244756,-0.5275729338275355
0.8454747200012207,-0.6582947972431215,0.6606899066188865,0.12570761756690735,-1.3374590341715078,-1.3916540286877126,1.1311698614328358,-34.170689039840404,0.43218454143241436,-3.914367404896111,-0.14140739368768102,0.1478906975654421,-0.6795618297094259,3.0964276033588867,-0.3846696058856409,-0.5275529066668909
0.8475027084350586,-0.6583079654095457,0.660674354268369,0.12568084583136113,-1.3375007505125929,-1.3916638630221245,1.1312337686241138,-33.893089967243185,-0.2823454255909239,-3.9497255784931986,-0.13705929522733248,0.1344168167583988,-0.6589385166457865,3.0964624124714355,-0.38465768495668584,-0.5275490919696253
0.8495306968688965,-0.6583187025153616,0.6606729986006006,0.12570662622067533,-1.3374745706234756,-1.3916681190302673,1.1312369095757835,-33.564075465094895,-0.1596476518068839,-4.1602398273144034,-0.1342139848506994,0.13144035112982885,-0.6345797486859931,3.0964743334003906,-0.3846538702594202,-0.5275290648089808
0.8515589237213135,-0.6583156313459798,0.6606763252900903,0.12572494507770993,-1.3374390926733277,-1.3916666311308241,1.1311994601523523,-33.27187420302925,-0.23522951077512633,-3.776930194525196,-0.1331201008365372,0.11987229893228105,-0.6234286206104144,3.0964395242878417,-0.38466197649110967,-0.5275252501117151
0.8535869121551514,-0.6583236388962271,0.6606874948702692,0.12571105261450252,-1.3374760984240035,-1.3916552817294194,1.1311836578726195,-33.011152751185804,-0.019648815221990912,-3.722323604514571,-0.12057655402487273,0.1369328369913968,-0.6290302817561731,3.09645859777417,-0.3846967856036585,-0.527508560811178
0.8556149005889893,-0.6583462347049436,0.6606627350534098,0.12571210582863865,-1.337507140332403,-1.3916766063673085,1.1312435540306283,-33.120008122608056,0.40256115783817115,-4.04116095930623,-0.11997435675260053,0.11823193935843831,-0.6190904128933032,3.0965134340473632,-0.3846934477435511,-0.5275052229510706
0.8576428890228271,-0.6583603658688748,0.6606584884191592,0.12571207716020597,-1.3375629111756635,-1.3916490384555595,1.1312750082846084,-32.61845415753915,-0.49923627291313555,-4.34684761478505,-0.10730711723679058,0.09380598803310777,-0.6179706881511908,3.0965134340473632,-0.38471728960146123,-0.5274303595172327
0.859670877456665,-0.658359093512049,0.6606680736887097,0.12573039738183794,-1.3375268538468539,-1.3916622089259354,1.131262631850011,-32.38106033810663,-0.403039051368014,-4.725206286830145,-0.10557134514125821,0.08157053817765,-0.584040505689248,3.0965491968342285,-0.38470203081239873,-0.5274575392352503
0.861699104309082,-0.6583448912735791,0.6606878021436521,0.12573398857519152,-1.33754952449246,-1.3916297832359532,1.1312564553235736,-32.192714636492376,-0.425857492226026,-4.2471436975525805,-0.104540369777488,0.07253530038402396,-0.5681911262190665,3.0965491968342285,-0.38470203081239873,-0.5274294058429163
0.8637268543243408,-0.6583572858721596,0.660685769212487,0.1257441191036123,-1.3375681118267442,-1.3916172650542062,1.1312688679708536,-31.82058522467706,-0.37913017406016236,-4.121833952059577,-0.0969411559860773,0.08610337039133288,-0.5586971301651152,3.096553011531494,-0.38471728960146123,-0.5273826758014124
0.8657548427581787,-0.658357375679281,0.6606940254243452,0.12576237036520124,-1.3375047963510762,-1.3916290374091955,1.1312281819090528,-31.588910394718095,-0.3914215697906528,-3.956978729454129,-0.08318075403239819,0.08022920847893411,-0.5520276913816096,3.0965348917194824,-0.3847134749041956,-0.5273974577533167
0.8677828311920166,-0.6583707832644154,0.6606983144763598,0.12577788060513162,-1.3375404822482762,-1.3916057203769097,1.1312399852713086,-31.36452703164754,-0.8016245935496831,-4.266438236140432,-0.08324231503977782,0.06341470441521306,-0.5397440909661372,3.0965544420429687,-0.38473779359926397,-0.5273345152484339
0.8698108196258545,-0.6583782392742364,0.6606894135385831,0.12577211523922205,-1.3375830047208639,-1.3916009500545181,1.1312815968497045,-31.009072797326848,-1.0783842532511927,-4.593905612568175,-0.07377721690523807,0.04325838697313913,-0.5143118563855447,3.0965820985981445,-0.38473779359926397,-0.5273144880877894
0.8718388080596924,-0.6583705175007522,0.6607196663836009,0.12578332165257694,-1.3376027197083569,-1.3915622690323515,1.1312165555446982,-30.547493956813728,-1.7052441139447205,-4.458398910848513,-0.0515379320114063,0.022150642663401117,-0.497370923681049,3.096566362971924,-0.3847845236407679,-0.5272749106036585
0.8738670349121094,-0.658385883238383,0.6607044232422055,0.1257695456761181,-1.3376481706709578,-1.391565130898174,1.1312647131003202,-30.561299923332868,-0.6583608959295614,-4.967964638027759,-0.07770696127694758,0.016356270366777385,-0.4645098136827075,3.0965935426899414,-0.3847897688495081,-0.527254883443014
0.8758950233459473,-0.658395653869835,0.6607150447433976,0.1258262563074658,-1.3375456570222541,-1.3915860892582297,1.1311889733491451,-30.038655449271,-2.013204569553427,-4.11127374297035,-0.04334997662428228,0.0037260042623193284,-0.4777590325199777,3.0965863901325683,-0.384801212941305,-0.5272658506976526
0.8779230117797852,-0.6584053938112371,0.66071206735359,0.12581542490273148,-1.337620102705761,-1.3915606637383637,1.1312559725941902,-30.230023123368618,-1.5228227788814588,-4.19276695589776,-0.049298011570025224,-0.01703559163140777,-0.4472824533494488,3.0966250139423828,-0.384801212941305,-0.5272062460528772
0.8799519538879395,-0.6583949335992283,0.6607245724902231,0.12579563038066635,-1.3376507710055208,-1.3915467893431173,1.1312464755268508,-29.90971180296545,-0.3932339995222143,-5.356519424369486,-0.07060891083865514,-0.0009549718917901875,-0.41413523056458096,3.096629782313965,-0.38480979601015264,-0.5272133986102503
0.8819808959960938,-0.6584225108888,0.6607054077438248,0.12580295425381444,-1.3376461610390664,-1.3915583446717632,1.131272386448076,-29.14543403761657,-1.863241422831155,-4.959255971795844,-0.035123554419759645,-0.010571490830917137,-0.41908200924006866,3.096625967616699,-0.3848212401019495,-0.5271742979632776
0.8840270042419434,-0.6584309407889953,0.6607104506300522,0.12581893873289038,-1.337678425970056,-1.3915381727662037,1.1313063305407336,-28.966577738211836,-2.2598291055158004,-4.8306883909058795,-0.02069300219735369,-0.02559620125481101,-0.39581028303950894,3.0966660219379882,-0.3848212401019495,-0.5271232763873499
0.8860561847686768,-0.6584498959330363,0.6607140092356864,0.1258437302639973,-1.3376626612807794,-1.391532377592966,1.131264580234034,-28.838258989497938,-1.6115885382631285,-5.2821314812381805,-0.03367251760386217,-0.01890726028806468,-0.36005153678218216,3.0966498094746093,-0.384864632283346,-0.5270794073687952
0.888085126876831,-0.6584403942153877,0.660724947774086,0.12586987238783318,-1.3376579996401072,-1.3915223587954593,1.1312605022948132,-28.743572698915152,-1.467497562818949,-5.326169929754405,-0.040541298320662375,-0.028433644473021616,-0.33560592597507544,3.0966779428669433,-0.3848536650287073,-0.5270784536944788
0.8901140689849854,-0.6584410806699281,0.660742295070804,0.12587800266391214,-1.3376311258519267,-1.391516692842873,1.1312011283013348,-28.47829566057664,-1.3354231846643108,-5.495731809820958,-0.0401410366579458,-0.03518704136391342,-0.3148314428368586,3.096658392543457,-0.3848813215838831,-0.527074162160055
0.8921430110931396,-0.6584487921102871,0.6607340428407958,0.12588571397023693,-1.3377044956463222,-1.3914881074980665,1.1312633080897487,-28.71315276107344,-1.7938925234977674,-5.305199671304686,-0.03382857596794863,-0.06617049546894398,-0.2857449170114412,3.0966898637958984,-0.38488513628114873,-0.5270074049579065
0.8941733837127686,-0.6584585711432291,0.6607387040600512,0.12588311572760813,-1.3377365856281322,-1.3914816812756026,1.1312589314492252,-28.151789445040446,-2.1749212374116556,-5.431531948337978,-0.0205223851483278,-0.06959464131255304,-0.26886830263183653,3.096717043513916,-0.3849123159991663,-0.5269911924945276
0.8962135314941406,-0.6584737986543622,0.6607465839648459,0.12591808281371838,-1.3376695948290551,-1.3914881979179239,1.1312115914576597,-28.080931659370762,-2.3557777305466674,-5.299581991175057,-0.011127716843904116,-0.09142083741252036,-0.2411779964083784,3.096697970027588,-0.3849285284625452,-0.5269668737994593
0.8982434272766113,-0.6584671743225006,0.6607680140231171,0.12593830320970884,-1.3377052195608574,-1.3914560470088366,1.1312113225267444,-27.842079576608956,-2.782772093968284,-5.2963338812158485,-0.0076152424699819435,-0.09215353070297025,-0.22576628873722182,3.096740885371826,-0.38493663469423467,-0.526931111012594
0.9002745151519775,-0.6584853748470156,0.6607521645765602,0.1259490613397618,-1.337687278419908,-1.3914692710081307,1.1312282580914965,-27.38082097279507,-2.6676241720300675,-5.237971086529966,-0.002790591189864494,-0.09805154430442611,-0.19496780865820182,3.096733732814453,-0.3849375883685511,-0.5269106070147913
0.9023089408874512,-0.6584883687108416,0.6607610047762373,0.1259383092058927,-1.3377358114468456,-1.3914475771433987,1.1312581764859884,-27.097723711905314,-2.856259914108172,-5.420053696462991,0.00021073100509626241,-0.11133587438636876,-0.17097129277605558,3.0967647272297363,-0.3849414030658167,-0.5268748442279261
0.9043471813201904,-0.6584810319257649,0.66078265396771,0.12597316561225302,-1.3377577583426774,-1.3914038344204511,1.1312313589894964,-26.747560734530946,-3.79918610686825,-5.2875864618223725,0.025449217370469575,-0.1274253137893085,-0.15075883518945848,3.0967647272297363,-0.38496524492372686,-0.5268123785602015
0.9064176082611084,-0.6584879189285642,0.6607825673890954,0.12598833144000793,-1.3377151582917184,-1.3914226851977787,1.1312143996010515,-26.53587023347835,-3.050256411890397,-5.581355246315248,0.00670378639276574,-0.13226353122907586,-0.1067079983565966,3.096773787135742,-0.38496143022646123,-0.5268304983722132
0.9084618091583252,-0.6584968574002364,0.6608021707887501,0.1259962401144552,-1.3377465084420117,-1.391400346828814,1.131166673146123,-26.225796380727544,-3.684153163524482,-5.1324849388570914,0.020473796196403223,-0.1542394674795404,-0.09302520234694996,3.0967890459248046,-0.3850176970111292,-0.526794735585348
0.910491943359375,-0.658530441639597,0.6607717947852516,0.12601202186630026,-1.3376874329572601,-1.3914424156433858,1.1312065442884,-25.92175200031699,-3.5966071270747735,-5.641833872094042,0.030460212318114233,-0.1547600891343973,-0.07248380038593057,3.096789999599121,-0.38499766985048467,-0.5267861525165003
0.9125208854675293,-0.6585237765539085,0.6608007106740482,0.12602658736844558,-1.3377796722120314,-1.3913792951064716,1.1312145338353072,-25.616996987475577,-3.6661294874967973,-5.615405131533848,0.02733582136676899,-0.16193816152853774,-0.04997553213975511,3.096836729640625,-0.3850291411029261,-0.5267036596881312
0.9145615100860596,-0.6585176838415995,0.6608054156840354,0.12604141488093995,-1.3377746545919929,-1.391368955166765,1.1311925082099767,-25.333970406576796,-3.904349124729383,-5.4040664141191606,0.03152956175689248,-0.16289189224204864,-0.027827416432198864,3.0968214708515625,-0.38503772417177373,-0.5266945997821253
0.9166576862335205,-0.6585322739007233,0.6608166783454079,0.12602819222792244,-1.3378245466574568,-1.391351188917438,1.131184423016649,-25.17260089132961,-3.790991254354763,-5.353746568682252,0.037219374128746395,-0.16321451988570332,-0.002658118383547724,3.0968453127094726,-0.385080639516012,-0.5266554991351526
0.9187662601470947,-0.658557521552566,0.6608233160968183,0.12607020913955735,-1.337803754993044,-1.3913351865813934,1.1311755503440553,-24.5949744293766,-4.419433054164958,-5.157567208052844,0.05120534666887704,-0.16406432260731293,0.029141421562742423,3.0968496042438964,-0.38510448137392217,-0.5265725294696253
0.9208102226257324,-0.658541006377407,0.660833821018335,0.1260514428347379,-1.3378546130605733,-1.3913135194715724,1.1311891887091068,-24.38312279549366,-4.412664765515512,-5.35795603707483,0.04816400808395082,-0.16793506711710407,0.04644999422600537,3.096865339870117,-0.38510114351381475,-0.5265749136554163
0.9228487014770508,-0.6585719841615566,0.6608233121050755,0.12607769806932714,-1.3378552721058283,-1.3913184639772982,1.1311832545743572,-24.11543550816642,-4.753812226633016,-5.284693636440853,0.06346986490459042,-0.18212301119572247,0.06366126472086754,3.0968777376362304,-0.3851402441607874,-0.5265267531024378
0.9248790740966797,-0.6585847076605296,0.6608199301395447,0.1261044672485353,-1.3378146655667627,-1.39131765268887,1.1312174657713012,-23.738610595158395,-4.642158856038323,-5.358018526025009,0.06215489612065907,-0.18198596739817377,0.07758467102348567,3.0968777376362304,-0.3851106802569788,-0.5264804998980921
0.9269161224365234,-0.6585955929243481,0.660836088800146,0.12614820674590416,-1.3378205768237437,-1.3913010394339524,1.131155031479986,-23.48916429337653,-4.919900697156509,-5.186046225919644,0.06713505620616844,-0.1833188674473345,0.0862914932630453,3.0969015794941406,-0.3851683775531214,-0.5264447371112269
0.9289650917053223,-0.6585961465812494,0.6608435371306791,0.12611694932812426,-1.3378833221543602,-1.3912916087504494,1.1312067715136704,-23.332472236703005,-4.638800805039492,-5.2340173709201485,0.06653547157524066,-0.18265349352595425,0.09600072446831741,3.096964045161865,-0.3851574102984827,-0.526442829762594
0.9310064315795898,-0.6586011638528366,0.6608677066414008,0.12616270788024952,-1.3378672573883028,-1.391267363140263,1.1311455763946532,-23.09765066801907,-4.687626948730595,-5.105834530039877,0.07645441872695502,-0.18930140295756387,0.11705170580055188,3.0969721513935546,-0.3851969877826136,-0.5263965765582483
0.9330463409423828,-0.6586283163521606,0.6608540051699956,0.12615002777777073,-1.337851156168056,-1.3913005705191477,1.131117143524914,-22.876272677755537,-4.993451978511632,-4.941357268211036,0.08147828045263021,-0.1961953968567817,0.13101274357245227,3.096968336696289,-0.38523656526674444,-0.5264156500445765
0.9351201057434082,-0.6586624524014736,0.6608253391066071,0.12618488647109158,-1.3378312159993213,-1.3913082000042651,1.1311951303904124,-22.527731108198946,-5.227366857697847,-4.918940352326328,0.08606423584369038,-0.20810351844078273,0.15351686603284964,3.0969764429279785,-0.3852132002459925,-0.5263364950763147
0.9371447563171387,-0.6586371547005785,0.6608746709712501,0.126204960847881,-1.3377968478925817,-1.3912854294974704,1.131058297248525,-22.21340214097356,-5.083477121527976,-4.9554809161872315,0.08291777257845578,-0.21606432715514273,0.17355760578211635,3.096961184138916,-0.3852604071246546,-0.5263670126544397
0.9391694068908691,-0.6586561230224519,0.6608741241946107,0.12623198401921965,-1.3378400530469114,-1.3912703479257162,1.1310825294053788,-21.940907546694714,-5.22626605288566,-5.047706484352882,0.09119800933817171,-0.21693240843600675,0.18692370652514959,3.0970164972492675,-0.38528424898256475,-0.52631122270693
0.9411990642547607,-0.6586996118972754,0.6608414522307734,0.1262745155556933,-1.3377236414596538,-1.3913248796415343,1.131097570309042,-21.68902084678237,-5.264818654042193,-5.0657349374935485,0.08981784503143991,-0.22371136763795457,0.2072390937930002,3.0969974237629394,-0.3852651754962366,-0.5262950102435511
0.9432277679443359,-0.6586965721733292,0.6608562210180329,0.12625701767775008,-1.337806018740522,-1.391289119714299,1.1311185269717414,-21.61655553078428,-5.28490186862219,-4.991742930045246,0.09207749484325047,-0.22967560351855718,0.22177541831859937,3.0970322328754882,-0.38528567949403936,-0.526254955922262
0.9452557563781738,-0.6587002287263224,0.660875575962155,0.1263221479279542,-1.3377559294291017,-1.3912726277268006,1.131041630896332,-21.153302763252555,-5.446109767929238,-5.030244513840466,0.0950817276063141,-0.23128784464202887,0.2238187831512066,3.0970212656208496,-0.3853204886065882,-0.5262153784381312
0.9472839832305908,-0.6587091552904001,0.6608818132117326,0.1262996661767803,-1.337790266419202,-1.3912629197516846,1.1310625683045195,-21.078902322493363,-5.148040529270201,-5.025870710107421,0.08981748732873314,-0.2257297138902383,0.23217262471512978,3.097041292781494,-0.38532907167543584,-0.526191536580221
0.9493129253387451,-0.6586970830113941,0.6609044918477476,0.12631696989221916,-1.3378134816111162,-1.3912292569145275,1.1310221429550067,-20.81601658308356,-5.388315395765016,-4.849090771547441,0.06756470993145988,-0.23244848260815165,0.2388881896103111,3.097041292781494,-0.3853562513934534,-0.5261638800250452
0.9513421058654785,-0.6587302530951732,0.6608909801303765,0.12632481935699244,-1.3378364534748208,-1.3912365946424419,1.1310695310022738,-20.5704298089485,-5.636313166066951,-4.713121410759146,0.06884818198654337,-0.23484616366600886,0.25258234410266406,3.097088022822998,-0.3853681723224085,-0.5261161963092249
0.9533708095550537,-0.6587273264732325,0.660916146110174,0.12636384451107802,-1.337802138020158,-1.3912168792370585,1.1310058435346977,-20.246391477507725,-5.550846357693072,-4.798028675526716,0.059914472602829255,-0.2353928903437872,0.26931929581495523,3.097080870265625,-0.38539201418031865,-0.5260885397540491
0.9554131031036377,-0.6587311804481971,0.6609276473664752,0.12638431426050542,-1.3377884178852295,-1.391199063155943,1.1309951935511466,-19.99552583160912,-5.6178544686079945,-4.860479788859833,0.05592831147753814,-0.2487377988567042,0.28358368717264193,3.097073717708252,-0.3853972593890589,-0.5260446707354944
0.9574410915374756,-0.6587532559842297,0.6609147150446141,0.1264053532758931,-1.337779274428865,-1.3912260489589636,1.1310025102538628,-19.784162912043374,-5.855208005456214,-4.6473807755514445,0.05968048456391523,-0.2591325373254762,0.2958089463742764,3.0971242624470214,-0.38540870348085576,-0.5260556379901331
0.9594700336456299,-0.6587722730516036,0.6609153969510354,0.12642112815844794,-1.337808390255729,-1.391218589006118,1.1310098320475335,-19.541073104380796,-5.735927958247262,-4.828986645677734,0.04400735437069142,-0.2593037489073533,0.3127747171736938,3.0971638399311523,-0.38543683687318975,-0.526015583668844
0.9614980220794678,-0.6587742863036561,0.6609314264149473,0.1264173468662391,-1.3378355303333027,-1.3911969589227304,1.1309749363815016,-19.201651214240485,-5.849528974239929,-4.874150928028951,0.041863847367547474,-0.2525918141182767,0.3200620975920771,3.0971600252338867,-0.3854759375201624,-0.5259879271136683
0.9635260105133057,-0.6587960868200422,0.6609360816760953,0.12645322423301364,-1.337794346493475,-1.3912012738339443,1.1309484794159845,-19.09758798851535,-5.798205636720187,-4.700298470088624,0.039528570354241635,-0.261086873628977,0.3308007025767251,3.0971686083027343,-0.38549644151796514,-0.5259516874896448
0.9655537605285645,-0.6588271248406972,0.6609138261544334,0.12648684967708934,-1.3377510166185438,-1.3912256252509885,1.1309737137599896,-18.70997248378775,-5.952059161082547,-4.6814722721510575,0.04009120850096022,-0.26362019927785385,0.34275192241311886,3.097176714534424,-0.3854926268206995,-0.5259197394000452
0.967583179473877,-0.6588348502490075,0.6609159005447014,0.12648937495303444,-1.3377538301771317,-1.3912251797188968,1.1309733945565184,-18.382766256876064,-6.150423731895173,-4.702090555387297,0.037773529081206646,-0.2666699893517162,0.3523409637476467,3.097188635463379,-0.38550120988954717,-0.5259078184710901
0.9696118831634521,-0.6588266804044018,0.6609416753684582,0.12648099133973006,-1.3378143323630418,-1.391181829378719,1.1309518706182584,-18.13909402464916,-6.289708048635074,-4.426931863725948,0.033829778406598385,-0.27345749438511474,0.36430859683499156,3.0971967416950683,-0.385536019002096,-0.5258644262896937
0.9716410636901855,-0.6588481887981265,0.6609489372671936,0.1265457458548425,-1.3377606142842933,-1.3911811959291585,1.1309073012370738,-17.748940253926087,-6.5443807474127595,-4.586124948589051,0.03186250740958452,-0.27031683732320766,0.37233162304609524,3.0972086626240234,-0.38556415239443,-0.5258167425738733
0.9736697673797607,-0.6588666122836991,0.660940422810661,0.12654586077175817,-1.3377782929427229,-1.3911941724758943,1.1309367319709667,-17.463526081996005,-6.6851753713880395,-4.631978921890033,0.029462289643588144,-0.2745578235709442,0.3810817904533909,3.0972558695026855,-0.385568920766012,-0.5258114973651331
0.9756977558135986,-0.6588844384096257,0.6609389918421342,0.12657032466392795,-1.3377397562494486,-1.3912001337655318,1.130904959616826,-17.071025621309623,-6.697702987804042,-4.55065675074105,0.030882853160707796,-0.2809756265837689,0.3926278604097058,3.097236319179199,-0.38559276262392217,-0.5257838408099573
0.977726936340332,-0.6588777342369945,0.6609513880358415,0.1265859974592249,-1.337754222559616,-1.3911806020827884,1.1309297406917285,-16.81591961731177,-6.650505985664169,-4.529744794546039,0.02502227361438769,-0.2824705737795392,0.4044218983353491,3.0972725588032226,-0.38557321230043584,-0.5257599989520472
0.9797625541687012,-0.6589107847991174,0.6609343774682714,0.12657848915374964,-1.3377740339869437,-1.3911941564138393,1.1309954547969423,-16.576863702072885,-6.765374819421383,-4.388556138007505,0.027212977738570593,-0.28441360887174405,0.41763779866474,3.097315474147461,-0.3855698744403284,-0.5257208983050745
0.9817912578582764,-0.6588988319397983,0.6609703128762809,0.1265985408507502,-1.3377994109717448,-1.3911551366366552,1.130888932217904,-16.199498831003055,-6.81385270322299,-4.272498912631917,0.02597724754198187,-0.28656991221325634,0.43174883117368235,3.097304506892822,-0.3856437841998499,-0.5256999174701136
0.9838178157806396,-0.6589319702848417,0.6609549034032546,0.12663588786438706,-1.337743980119229,-1.3911848400224023,1.1308923617251285,-15.895197226317668,-6.655009877496195,-4.108841472367904,0.01960793838140662,-0.29569832772795,0.4480410445526472,3.0973240572163085,-0.38564902940859014,-0.525679890309469
0.9858427047729492,-0.658941479705313,0.6609602940713908,0.1266570789628429,-1.3376982728182147,-1.3911890471755737,1.130868629176148,-15.712087935871452,-6.6767604378920895,-3.964717132915661,0.02063954415388443,-0.3012785789758147,0.4536509493206662,3.09731308996167,-0.38565284410585576,-0.5256632010089319
0.9878895282745361,-0.658963666326035,0.6609564421334356,0.1266447151214688,-1.3377667580078936,-1.3911749722054785,1.1308874999392422,-15.336533627648251,-6.489836243699727,-4.15573943748859,0.013121903268353566,-0.2962782355564225,0.470256991230204,3.0973402696796875,-0.38569671312441045,-0.5256126562701624
0.9899191856384277,-0.6589727510751122,0.660960410158054,0.12671294737333022,-1.3376775836593449,-1.3911928482752254,1.1308795571675732,-14.906455755403734,-7.085639063910467,-4.2698915715937105,0.012597872973364094,-0.3037747101598917,0.47369040851187505,3.097376509303711,-0.38566571870912725,-0.5256083647357386
0.991948127746582,-0.6589841958484894,0.6609713832541809,0.12670285912632168,-1.3377486620748853,-1.3911692047529522,1.1308494376414637,-14.477103159339226,-7.029311728716174,-4.296592512826633,0.01484596523789218,-0.31231862314880376,0.49556409320340633,3.097396059627197,-0.3857329527484339,-0.5255721251117151
0.9939773082733154,-0.6589934562563966,0.660971805168005,0.12673506751208058,-1.3377251907463437,-1.3911638725288484,1.1308706887477364,-14.257410015446592,-7.064343823043901,-4.209320324685365,0.008362923769953304,-0.3180950454174536,0.5075830393919216,3.0974113184162597,-0.385716740285055,-0.5255320707904261
0.9960062503814697,-0.6590127968203557,0.660975924340872,0.12673037144935606,-1.3377919343891012,-1.391137747964029,1.1308429852344364,-13.902651154546962,-6.969451658998078,-4.1583999265319775,0.008327869724016793,-0.3197708894950933,0.5215584853569779,3.0974089342304687,-0.3857916037188929,-0.5254700819598597
0.998035192489624,-0.6590164149611591,0.660992546469809,0.12674455600329332,-1.3377802405575967,-1.391145289716036,1.1308388567418823,-13.667900082037159,-7.271393847111737,-4.0293266350295465,0.004232434135017851,-0.32021979304686726,0.5267107877165358,3.0974785524555664,-0.3857844511615198,-0.5254882017718714
1.0000638961791992,-0.6590308144348485,0.660985870739367,0.1267638183022608,-1.3377528869210884,-1.3911594158624476,1.1308245461177282,-13.292427460016281,-7.1509310832480875,-4.0281421572991825,0.006992412771229667,-0.3185980107261346,0.5408738700804985,3.097479982967041,-0.3857968489276331,-0.5254834334002894
1.002091884613037,-0.6590578390328411,0.660978362107905,0.12680343783106973,-1.337668732919771,-1.3911884608287373,1.1308202020755396,-12.887560183655728,-7.240553310241964,-4.040301360794926,0.0012152192226066033,-0.32030955516525694,0.5500239236333332,3.0974880891987304,-0.38578588167299444,-0.5254681746112269
1.0041210651397705,-0.6590644951971067,0.6609894931314182,0.12683085848060016,-1.3377186294718115,-1.391155696068317,1.1308007081181652,-12.711726964675085,-7.175833473006883,-4.026961591381685,0.0018521731517080753,-0.32431136294626284,0.5671981994530849,3.0975119310566406,-0.38583261171449834,-0.5254095236407679
1.0061500072479248,-0.6590865123630731,0.6609884397950764,0.12681580909334858,-1.337748502315641,-1.3911526761151882,1.1308136981451655,-12.511541450765923,-7.4403185820970394,-3.9541530110770964,-0.001393332507625078,-0.32561582065247385,0.5732974978564932,3.0975276666828613,-0.3858597914325159,-0.5253732840167444
1.0081791877746582,-0.6591068247055516,0.6609736704079011,0.12684325841913385,-1.3377398314478655,-1.3911654805942124,1.1308490509258553,-12.33661333388169,-7.399819562329199,-4.045029008885583,-0.004171297632288712,-0.3167738943041691,0.5842401666652047,3.0975634294697265,-0.3858526388751429,-0.5253494421588343
1.0102167129516602,-0.6591248378484693,0.6609757408516282,0.12685777742084417,-1.3377620380675241,-1.3911498029612954,1.130833216048179,-12.089142147788827,-7.5288930381905015,-3.8324899473088365,-0.005081846401259096,-0.32489007008627213,0.5988130111775931,3.0975634294697265,-0.38589555421938115,-0.5252941290484827
1.0122663974761963,-0.659116787326388,0.6609951170688806,0.12688422213409564,-1.3377266123717444,-1.391147536412218,1.1308160274001915,-12.001028829471183,-7.6069575577051225,-3.765284120474188,-0.0034273196919734905,-0.3292149961785307,0.6012311524877576,3.0975958543964843,-0.38587695757021123,-0.5253046194659632
1.0142972469329834,-0.6591364953616172,0.6609985620794269,0.12689202509262992,-1.337733556888013,-1.3911505563379056,1.1308013788452003,-11.892841503724634,-7.763333912260414,-3.796733785640365,-0.0030396127124494854,-0.3232150122850893,0.6024857795632436,3.09762351095166,-0.38590890565981084,-0.5252845923053187
1.0163283348083496,-0.6591266362263039,0.6610204342441376,0.12690481184789956,-1.3377468340684677,-1.3911231399023694,1.1307825477591422,-11.813291444972986,-7.479599290605114,-3.551890920622675,-0.010820797943780658,-0.3234189971731455,0.614584812490625,3.097635431880615,-0.3859165350543421,-0.5252602736102503
1.0183579921722412,-0.6591575540976562,0.661010776247145,0.12693018393356778,-1.337710428344459,-1.3911538817383378,1.1307408932597363,-11.604495100120436,-7.271750549354364,-3.692943260908687,-0.014071580030942082,-0.3107626170473867,0.6173024316218648,3.097651644343994,-0.3859594503985804,-0.5252640883075159
1.0204010009765625,-0.6591805903306026,0.660997398931366,0.12691904367458962,-1.3377419723360866,-1.3911514358197739,1.1308291543731726,-11.423693983188189,-7.670560610954226,-3.367513583548623,-0.002525793552707739,-0.3262948853922462,0.609940812029859,3.097686930293701,-0.3859365622149866,-0.5252087751971644
1.0224535465240479,-0.6591998745422776,0.6609932543741044,0.12698267717129938,-1.3376384957954837,-1.3911753107331442,1.1307771829974484,-11.313380463683037,-7.46870432011542,-3.8110916333797347,-0.011867881337412942,-0.3245706917660908,0.6116876455506548,3.097667379970215,-0.3859446684466761,-0.5251968542682093
1.0244958400726318,-0.6592111362596099,0.6610084265054156,0.1269634632308281,-1.3377024238837716,-1.3911590142189778,1.1307589653404797,-11.178367660187694,-7.665204126797256,-3.8266626735162874,-0.008240455662096496,-0.32923015435723607,0.618150234269093,3.097707434291504,-0.385996166859762,-0.5251763502704065
1.0265271663665771,-0.6592168317120772,0.6610167302545571,0.12701887312011778,-1.3376716172948702,-1.3911606805534387,1.1307262878409152,-11.368771729466404,-7.661277044410798,-3.821451614683441,-0.011634640623515907,-0.3271011731814103,0.6146576956067097,3.0977465349384765,-0.3860085646258753,-0.5251687208758753
1.0285558700561523,-0.6592602646407447,0.6609897424214395,0.12703687114051032,-1.3376822961214039,-1.3911817774110005,1.1307526403972625,-11.338639575695385,-7.718955714130067,-3.5355103581811904,-0.0020606760983112593,-0.3325192945679795,0.6148243710908938,3.0977741914936523,-0.3860433737384241,-0.5251248518573206
1.0305991172790527,-0.6592491718934489,0.6610110934071188,0.12701380104903115,-1.3377074655520433,-1.3911556617063663,1.1307692266648282,-11.1599046983633,-7.2772210997982505,-3.6223094808769325,-0.007018145914231069,-0.3298793237710109,0.6182532127628473,3.0977822977253417,-0.3860285917865198,-0.5251048246966761
1.0326275825500488,-0.6592739203896757,0.6610115453851293,0.12705208067312176,-1.3376836856521848,-1.391161541240108,1.1307233296706782,-11.19533658428751,-7.265305443231736,-3.394954903805466,-0.007883876408527682,-0.32557118627226883,0.6060652549561741,3.0977913576313476,-0.38607579866518194,-0.5250738302813929
1.034667730331421,-0.6593125385628815,0.6609964331277483,0.12707364841089624,-1.3376908831984418,-1.3911764212173743,1.130755625689822,-10.851520826083974,-7.234704168027386,-3.616344800722451,-0.008937667455196585,-0.3176857653745964,0.6007391810574219,3.0978423792072753,-0.38609630266298467,-0.52502948442568
1.0367116928100586,-0.6593586011246166,0.6609688804547571,0.12711122392548574,-1.337608696021649,-1.391224053898598,1.1307685161652845,-10.98234964682684,-7.272497481790265,-3.2907390384115893,-0.009422221202541062,-0.31974015843076914,0.5985471750424906,3.097850962276123,-0.38609630266298467,-0.5250094572650355
1.038748025894165,-0.6593542072227041,0.6609828932979723,0.1271366613398587,-1.3375911876704,-1.3912159166631823,1.1307450525538336,-10.84914984139057,-7.274387671706493,-3.3400733706869246,-0.006845557688023113,-0.32456339172888543,0.5943824545973809,3.097867174739502,-0.3860977331744593,-0.5250042120562952
1.0408039093017578,-0.659374765624005,0.660984721608238,0.1271394952925366,-1.337656326157977,-1.3911970922030663,1.130754192829668,-10.92849894620074,-7.13242777679028,-3.4085690505515744,-0.005201406554525348,-0.32310237205968545,0.5915898415328974,3.0979067522236328,-0.3861444632159632,-0.5249493757831019
1.0428330898284912,-0.6593900193595447,0.6609853359841995,0.12713408984324714,-1.337692060792363,-1.3911948791035402,1.1307443911440782,-10.836402516766553,-7.2256319394956385,-3.4013596887480917,-0.004302150545107353,-0.3241550728109533,0.587693194081907,3.097930594081543,-0.38618356386293584,-0.524933163319723
1.0448617935180664,-0.6594222261641861,0.6609631278881766,0.1271548044686083,-1.3376652138105523,-1.3912173733527784,1.1307955811655999,-10.849038910423127,-6.959160962106786,-3.324381975041306,-0.006147177368878945,-0.3224415733407186,0.5825067707070686,3.097953959102295,-0.38616925874818975,-0.5248974005328577
1.0468909740447998,-0.6594234302031863,0.6609850550876326,0.12718294766258537,-1.337647564677159,-1.3912073161250396,1.1307315754018803,-10.84873955997978,-6.935108946279315,-3.295011171218746,-0.0012567571395017685,-0.3153316007756061,0.57019736339908,3.0979668337055664,-0.3862040678607386,-0.5248892943011683
1.048919916152954,-0.6594345152513508,0.6609822856040155,0.12718518195675899,-1.3376886649566067,-1.391200901805249,1.1307793593983801,-10.749924481111828,-6.7555191867304965,-3.232595184489569,-0.004188457189427203,-0.31840325254872587,0.5651498907026208,3.0980207163044433,-0.38620025316347295,-0.5248616377459925
1.0509490966796875,-0.6594633503601846,0.6609869223949554,0.12722912848619583,-1.3376313527429766,-1.3912128515355764,1.1307509976466417,-10.706250353050898,-6.763008276099964,-3.207455103751642,-0.0024246989540894215,-0.316114344737149,0.5609169261776915,3.098040743465088,-0.3862202803241175,-0.524825398121969
1.0529778003692627,-0.6594852252224888,0.6609712778786481,0.12723224047790369,-1.3376309673304392,-1.3912281157956,1.1307673819672905,-10.721533866704945,-6.646897754895817,-2.9984370540886442,0.0009837534405603005,-0.3262314271486716,0.5604327947851064,3.0980493265339355,-0.38623267809023076,-0.5248101393329065
1.055006980895996,-0.6594940483097781,0.6609736252010142,0.12725834993330384,-1.3376128035933579,-1.3912308512962581,1.1307293917746497,-10.67203788734061,-6.59314660596821,-3.32756994622617,-0.0022575786491341038,-0.3246365864968619,0.5574670080167224,3.09805075704541,-0.38626033464540654,-0.5248015562640589
1.057034969329834,-0.6595147984083435,0.6609785429331678,0.12726499436052202,-1.337601954636073,-1.3912417779886097,1.1307080262091855,-10.77875313710258,-6.650882917464989,-3.337547535191667,-0.003879567552150534,-0.33001302413189054,0.5534412976167769,3.098078413600586,-0.3862879912005823,-0.5247934500323694
1.0590643882751465,-0.6595579623707195,0.6609446545399822,0.1272732575098903,-1.337596590546941,-1.3912636268212573,1.1307572963297494,-10.786088779567258,-6.503115949716855,-2.9710817199529815,-0.0012294681386359196,-0.33094033300789216,0.5474049718089079,3.0980745989033203,-0.3863008658038538,-0.5247381369220179
1.061096429824829,-0.6595692855324844,0.6609453409832902,0.12727872375372376,-1.3376240645337247,-1.3912530112824908,1.1307449072658422,-11.103529926227502,-5.784691185924729,-2.6182642497544655,-0.0013664554534733864,-0.3096490246299153,0.522067571457572,3.0980793672749023,-0.38633615175356084,-0.5247066656695765
1.0631310939788818,-0.659578132249083,0.6609499994195274,0.1272665532308172,-1.3377162675210335,-1.3912378527779408,1.1307662110664318,-10.886819283815612,-5.717105169565289,-2.5077890365877744,0.005753558018900193,-0.30435669197607673,0.4911682802455619,3.098153277034424,-0.3863719145404261,-0.5246904532061976
1.0651662349700928,-0.6595926614681642,0.660952942885231,0.12731552615297698,-1.3376414899267886,-1.3912569718756973,1.1307542688495762,-10.708680766151325,-5.674830912226721,-2.5210466501015634,0.011949158240737154,-0.32068733431971935,0.47781288400373,3.0981814104267578,-0.3863561789142054,-0.5246852079974573
1.0672047138214111,-0.6596226176508425,0.6609282688197194,0.12729801795851603,-1.3376823660723929,-1.3912615174236274,1.130784105818097,-10.875850268335581,-5.857604508903675,-3.3370915760025346,0.003783147882301871,-0.32580068417515634,0.4643330226333625,3.0981666284748535,-0.3863914648639124,-0.5246389547931116
1.0692329406738281,-0.6596494315764211,0.660926248025643,0.12729741948638068,-1.3377004316635528,-1.3912745239404345,1.130769630136519,-11.229561275795717,-5.81776591751626,-3.7066378129791007,0.020225647438883596,-0.3309091309414721,0.42898654850638407,3.0982062059589843,-0.3864353338824671,-0.524630371724264
1.0712547302246094,-0.6596714314811688,0.6609123698156806,0.12733108126644355,-1.3376383941509278,-1.391293827584589,1.1307839152406747,-11.354504106229156,-4.90786023163685,-3.28993831982316,0.019714712633791334,-0.30442504232153533,0.4072971399714084,3.0981990534016113,-0.3864200750934046,-0.5246027151690882
1.073274850845337,-0.6596729784052804,0.6609165097699378,0.12734940616654128,-1.337681208993648,-1.3912726563435664,1.1308047991435544,-10.930456520558803,-4.889460355251271,-3.135095530011557,0.011091143871502118,-0.31179126171007143,0.3824002654769406,3.098238154048584,-0.38642818132509404,-0.5245664755450647
1.0752947330474854,-0.6597092844090853,0.6608984536834382,0.1273420776600319,-1.3376924647354163,-1.3912963993244227,1.1308145834657228,-11.715424269895896,-4.236843648807163,-2.3225925486181542,0.03340005489573511,-0.27148272368681653,0.3235597449679741,3.098259134883545,-0.3864644209491175,-0.5245497862445276
1.0773167610168457,-0.6597376819927728,0.6608837283399752,0.12736701244118945,-1.3376465453814759,-1.3913309730009524,1.1307907634822523,-11.447766444353096,-4.055415506392348,-2.7002718635865763,0.03945928992375362,-0.3071935010765554,0.2949951027889189,3.0982705789753417,-0.38648826280702764,-0.5245574156390589
1.079340934753418,-0.6597531761980842,0.66088416826339,0.12736534852315945,-1.3377378484894014,-1.3913118159924633,1.1308346963072453,-11.384292032294317,-3.9398143607483447,-3.0653989396457284,0.03546450699295106,-0.28993551560013675,0.3078071242241166,3.098348780269287,-0.3865159193622034,-0.5245140234576624
1.0813753604888916,-0.659787388557211,0.6608743765127176,0.12738426537086625,-1.3377139581070066,-1.3913280389241256,1.1308508196072315,-11.366916168657973,-4.66402046324849,-2.7124183008794733,0.03527954230108362,-0.27899338734340023,0.31370675162957024,3.098372622127197,-0.3865278402911585,-0.5244749228106897
1.0834319591522217,-0.6597929862464149,0.6608738300510358,0.1273830560101428,-1.337716748429578,-1.391322194294069,1.1308419596430566,-11.057815381939953,-4.818861798223619,-3.1366583870017175,0.03760377841636679,-0.30414210914000894,0.2999064284387415,3.098353548640869,-0.386543099080221,-0.5244539419757288
1.0854802131652832,-0.6598092881200965,0.6608678153839412,0.1274101929711829,-1.3376931664570342,-1.3913215393661205,1.1308462372271828,-11.34766215012621,-4.148607634687865,-3.1337755379272654,0.04846994331566831,-0.2946575765583407,0.26299845462877797,3.098345919246338,-0.38654834428896123,-0.5244110266314905
1.0875091552734375,-0.6598573657228742,0.6608457121064727,0.12741248726528062,-1.3376999844546484,-1.3913586805933302,1.1308214879265592,-10.951033997341758,-3.8214791360800557,-3.113427832203852,0.0447196136801972,-0.3120635162596276,0.2566688485725697,3.098374052638672,-0.3866189161883753,-0.5244057814227503
1.0895378589630127,-0.6598612534842621,0.660862816628427,0.12744889842447235,-1.3376691404039376,-1.391357371581109,1.1308042914730079,-11.33887028362387,-3.747127998738467,-3.0112535751565788,0.04053334135119722,-0.28642030150048925,0.2371807956390579,3.0984203058430175,-0.38661510149110967,-0.524398152028219
1.091567039489746,-0.6598824356741805,0.6608518108950506,0.12742785051176164,-1.3377392010982112,-1.391344150281899,1.1308314826257662,-11.124573354061226,-3.5473169575469137,-2.924599175411803,0.05216329783646237,-0.31378173191342285,0.22083773245754054,3.0984255510517578,-0.38665515581239873,-0.5243461767779749
1.0936229228973389,-0.6599139041988817,0.6608376678575839,0.12747888568356583,-1.337665124322543,-1.391375115429258,1.1308368681524352,-11.178896343899883,-3.2569055315170754,-3.128970050994784,0.047765371018556615,-0.32222964708678625,0.20373100151642828,3.098449392909668,-0.3866480032550257,-0.5243256727801722
1.0956521034240723,-0.6599312771887167,0.660829328381009,0.12748114127623333,-1.337664245919129,-1.3913834815118258,1.1308299599203016,-11.34510931396664,-3.0790210513769782,-3.2447107647409292,0.049195570327214805,-0.30681892847351133,0.19294178847447857,3.0984455782124023,-0.38667184511293584,-0.5243104139911097
1.0976810455322266,-0.6599532876157423,0.6608185527980958,0.12747895008349547,-1.337697347834355,-1.3913875645797245,1.1308565065928537,-11.16772289534788,-2.889276055330117,-3.042771570311849,0.04615444080137828,-0.32431783865729397,0.1876297473647361,3.0984765726276855,-0.3866923491107386,-0.5242832342730921
1.09971022605896,-0.6599695017708916,0.6608161551045978,0.12748596140392446,-1.3376992000181775,-1.391386022564149,1.1308609329071788,-11.21199462968109,-2.735409485453909,-2.789095627367006,0.05690169093472397,-0.3060028410694551,0.1697805815698505,3.0984813409992675,-0.3867076078998011,-0.5242503325091761
1.1017389297485352,-0.6599891265615816,0.6608071509267384,0.12749397599896822,-1.3377348068196688,-1.391376236410795,1.1308998661615728,-11.158960634350775,-3.1325561112303686,-3.3617358160254387,0.056150880638341456,-0.31729363555580836,0.15326119295275248,3.0985051828571777,-0.38672000566591436,-0.5241954962359827
1.1037685871124268,-0.6600397686261568,0.6607748733275228,0.12753892516453444,-1.3376651009815934,-1.3914216072181083,1.1309440504270054,-11.261155995949789,-3.11108177528963,-3.3079925349331503,0.0586258698327693,-0.3234830583686659,0.1508113018564813,3.098536654109619,-0.3867090384112757,-0.5241592566119593
1.1058008670806885,-0.6600431818232104,0.6607992332302141,0.12758977237116978,-1.3376055718811795,-1.3914193127891092,1.1308593243562148,-11.248679414796461,-3.1735738289960254,-3.384481595191851,0.05726992958432771,-0.3290082960776748,0.1341805055351346,3.0985452371784667,-0.3867400328265589,-0.5241544882403772
1.1078341007232666,-0.6600836122186922,0.6607722240003007,0.1275659396577734,-1.3376177621351963,-1.3914531433975976,1.1308840001940998,-11.237642097651163,-2.440835500177072,-3.441683922251432,0.05740100900572423,-0.3330566516118484,0.13073905406580838,3.098557158107422,-0.3867710272418421,-0.5241463820086878
1.1098668575286865,-0.6600865775468798,0.6607877713528121,0.12757108461280417,-1.3376807194321136,-1.3914263405298088,1.1308770953993041,-11.335961156589306,-2.001039844769436,-3.0926061145166495,0.05603806790123048,-0.31642398843938413,0.1025226943431036,3.098604841823242,-0.38680726686586553,-0.52411395708193
1.111891746520996,-0.6600970512128717,0.6607857724028707,0.12758264991924495,-1.3376900982232582,-1.3914229440272763,1.1309032074573269,-11.044971790131358,-2.2012503392562226,-3.2860725343936306,0.06821647048207644,-0.31798622653196146,0.08024544601603892,3.0986320215412597,-0.3868039290057581,-0.5240863005267542
1.11391282081604,-0.6601321237436808,0.6607643097515336,0.12758807012167572,-1.3376651760074278,-1.3914411091549854,1.130894139882516,-11.422970773137289,-2.2551522003889204,-3.2266332811453324,0.06603214963382795,-0.32451744374285124,0.07099049466491271,3.0985938745686035,-0.38683969179262334,-0.5240462462054651
1.115936040878296,-0.6601569280538426,0.6607557375878244,0.12764306567511338,-1.3376071765371833,-1.391462913899388,1.1309207572955224,-11.17863929582159,-1.835122275258105,-3.7262499869916885,0.05725871129785683,-0.3241901283138116,0.07142443032029269,3.0986453729816894,-0.3868168036090296,-0.524022404347555
1.1179592609405518,-0.6601890608907501,0.6607452266260715,0.1276261949246941,-1.3376962664200351,-1.3914528168729674,1.1309384146315422,-11.236817712565003,-2.1377920344881174,-3.385811109481802,0.073227221477418,-0.33547847138155334,0.058858887238132374,3.0986801820942382,-0.3868826071368616,-0.5239675680743616
1.1199805736541748,-0.660209530375554,0.660741874213635,0.1276515286559992,-1.3376543663103178,-1.3914677677008482,1.130926652841479,-11.242808931594084,-2.061256546268317,-3.3760714484443874,0.07114305124636926,-0.33506120479203244,0.043306029073143404,3.0986882883259277,-0.3868911902057093,-0.5239508787738245
1.1220014095306396,-0.6602080155563622,0.6607522278853024,0.1276879203939167,-1.3376300740398908,-1.391458979385642,1.1309260300728243,-10.887555582088748,-1.7645473374050562,-3.6243534821744396,0.06785188337035876,-0.3391749131480945,0.02788758812407059,3.098712607020996,-0.3868768850909632,-0.52393085161318
1.1240217685699463,-0.6602544838540643,0.66073252851605,0.12769515676340212,-1.3376688713031442,-1.39146765987161,1.1309320555103182,-11.337438529488091,-1.8444244082671473,-3.333869785105547,0.07754957035077566,-0.3560092168578197,0.021344287379161733,3.098736448878906,-0.3869426886187952,-0.5238717238055628
1.1260523796081543,-0.6602837141612168,0.6607068262989383,0.12768734265772438,-1.3376227504983784,-1.391506554792189,1.1309762421817915,-11.081258919905768,-1.564449822284874,-3.88713921041138,0.06699840228385001,-0.3391467578067891,0.01448488216772109,3.0987326341816406,-0.38691980043520147,-0.5238707701312464
1.1280829906463623,-0.6602882492067613,0.6607197850079071,0.12771643566129476,-1.3376535294173786,-1.391484563442741,1.1309843269263644,-11.266587409241618,-1.6453060309262368,-3.4652245636951147,0.07836283475031448,-0.3520396724110756,0.005032724701348239,3.098787947291992,-0.38693172136415654,-0.5238307158099573
1.1301391124725342,-0.6603254871014349,0.6607007984796229,0.1277473283674798,-1.3376033025448248,-1.3915198319103261,1.1309719188160485,-11.21932674634928,-1.4200276159102874,-3.239031930855628,0.07530840962125745,-0.3479921087268717,-0.015712125759698672,3.098799868220947,-0.3869555632220667,-0.5238187948810022
1.1321899890899658,-0.6603476084516544,0.6607022399438033,0.12775735343218514,-1.337621340809345,-1.3915137553941461,1.130972293297904,-11.117489640233805,-1.1242421641218392,-3.441277493435702,0.07534919578993254,-0.33723239155858903,-0.02497669154764412,3.0988237100788574,-0.3869865576373499,-0.5237744490252894
1.1342172622680664,-0.6603650072120305,0.6607108898360037,0.1277774883674994,-1.3376369835773052,-1.3915028087710937,1.1309453272736048,-11.21686309736403,-1.0398229571465072,-3.1528623994193667,0.07467592385720534,-0.3474706542019325,-0.02368579876459603,3.0988475519367675,-0.3870304266559046,-0.5237348715411585
1.1362404823303223,-0.6603874068151825,0.660692486391691,0.12780980341690204,-1.3375848510459174,-1.3915366517576107,1.1309473396640028,-11.228845880247992,-1.1850027501804483,-3.368451749488071,0.07624673126979786,-0.3554281357831174,-0.030111636133279513,3.0988637644001464,-0.3870275656329554,-0.5237425009356897
1.138261079788208,-0.660401061402303,0.6606957577835222,0.12779626013163187,-1.337681133588489,-1.3914903630557696,1.131010431498186,-10.962967007786414,-1.6681159916264012,-3.4802463941860298,0.08938554122673442,-0.36110395760573144,-0.044272519653376044,3.0988876062580566,-0.3870466391192835,-0.5236409346209925
1.1402852535247803,-0.6604243060224758,0.6606948312825239,0.12784110834805046,-1.337597020506501,-1.3915237717744111,1.130949807675276,-10.782703264680144,-1.128482317652264,-3.9596937865157598,0.08462154376853817,-0.35719160181052834,-0.042562252372973786,3.098895712489746,-0.38707048097719365,-0.5236552397357386
1.1423146724700928,-0.6604494536655253,0.6606878300839109,0.12785234941141224,-1.3375733771254783,-1.3915381612992537,1.1309568132601888,-10.93491801633908,-1.2818370612555348,-3.6534806128789707,0.0793919657072336,-0.3583757721846679,-0.053640290611047234,3.098907633418701,-0.3870795408831995,-0.5236309210406702
1.1443431377410889,-0.6604726285985842,0.6606744037310273,0.12785698991920041,-1.3376035455975048,-1.391543833662607,1.1310004791157806,-11.061234534900608,-1.1421616947999802,-3.3611797559532333,0.08146874109189375,-0.36056984225076155,-0.06461763872724406,3.0989505487629394,-0.38708764711488897,-0.523599926625387
1.1464061737060547,-0.6605042806775081,0.6606611759765628,0.12787292810578865,-1.3376002959684026,-1.3915566135911206,1.1310074318701262,-11.01680537665102,-0.6659624392306354,-3.22321978435763,0.08302344989031893,-0.36391946685385596,-0.07215940578242812,3.0989677149006347,-0.38711530367006475,-0.5235641638385218
1.1484348773956299,-0.6605119404867594,0.6606576405866718,0.12788167724726363,-1.3375897876952898,-1.3915588655519422,1.1310272154897347,-10.848078996820787,-0.7356313775168912,-3.4125169068891843,0.0872571726432283,-0.3617393108086375,-0.0854926940925675,3.098975821132324,-0.3871043364154261,-0.5235469977008265
1.1504642963409424,-0.6605611351730951,0.6606299075843944,0.12792636134639152,-1.337514896456542,-1.391597076034467,1.1310314492036153,-10.756432320021132,-0.6502365597562605,-3.5183736227769034,0.08524547375122352,-0.362953106445771,-0.09094121518199785,3.0989720064350585,-0.3871195952044886,-0.5235040823565882
1.1524930000305176,-0.6605697657594681,0.6606450540847975,0.12793563562764304,-1.337570166135551,-1.3915747714378106,1.131011808659076,-10.998287425997994,-0.8969950239740718,-3.6302350689956926,0.09166090141091421,-0.35595406674161434,-0.10749380737689626,3.0990192133137207,-0.3871668020831507,-0.5234711805926722
1.1545219421386719,-0.6605796655887117,0.6606526920742387,0.12794595420694593,-1.3375773223750298,-1.3915691030282917,1.131021212948646,-11.118845517185779,-0.6089582876418332,-3.523854131639899,0.08382522476610206,-0.3682470343704612,-0.10695937779605127,3.099054976100586,-0.3871710936175745,-0.523447338734762
1.1565511226654053,-0.6605944032983937,0.6606536839816375,0.12799692147309547,-1.3374982151593402,-1.3915737497174807,1.1309969264731328,-11.069023960279312,-1.0382118989437308,-3.3917100614129625,0.0863430130799587,-0.3769778679808107,-0.09935166397749717,3.099032087916992,-0.3871672789203089,-0.5234077612506312
1.1586003303527832,-0.6605903952492632,0.6606591195552597,0.12796841898141406,-1.3375314878555895,-1.3915681306028531,1.1310153700907692,-11.106508344797364,-1.0117852871622217,-3.2905875361948995,0.08761010188657944,-0.37080896603554997,-0.0849019440610169,3.099047823543213,-0.38716346422304326,-0.5234149138080042
1.1606290340423584,-0.6606085717046651,0.6606543038762116,0.12800499053069067,-1.337542547018902,-1.3915599312878597,1.131029684148164,-11.24825363654445,-0.765314549580611,-3.1272628890290743,0.08816950245278016,-0.36410172013011904,-0.09093275764570222,3.099078817958496,-0.38717967668642217,-0.5233634153949183
1.1626579761505127,-0.6606261277778408,0.6606650199385145,0.1280363202803403,-1.3375223956334472,-1.3915538700699945,1.1310252087480193,-11.155751534280373,-0.6635087798016863,-3.0228590176302164,0.08899063005401257,-0.3616932475492042,-0.11306317533219143,3.0991107660480957,-0.38718873659242803,-0.5233195463763636
1.1647052764892578,-0.6606473899695795,0.6606573622282393,0.12802853287869095,-1.3375610466541306,-1.391564729275617,1.131020439891671,-11.031817107761885,-0.7285058586156803,-3.4536164923398243,0.07950600456898346,-0.3719329601058335,-0.09854067168885589,3.099147005672119,-0.3872316519366663,-0.523318115864889
1.1667370796203613,-0.6606333270160791,0.6606844376829656,0.1280694374803482,-1.3375732062765344,-1.3915106075717487,1.131015913956732,-10.844829430382775,-1.0412814910553378,-4.084676608964333,0.07688956973761202,-0.3906364123488475,-0.07745882431567595,3.0991479593464355,-0.3872278372394007,-0.5232403914081019
1.1687750816345215,-0.6606642023011642,0.660668047184391,0.1280732563345101,-1.3375647630640348,-1.3915409952393716,1.1310149486606915,-11.019094387675024,-1.429058711123528,-4.161655926043437,0.08531526449341313,-0.40906632925039454,-0.05879476435853665,3.099174662227295,-0.38725549379457647,-0.5232437292682093
1.1708042621612549,-0.6606573040129544,0.6606885884615548,0.1281016764853573,-1.3375632622527036,-1.3915052382066952,1.1309997131930047,-10.97609667147268,-1.621882118061293,-4.086450267259705,0.08236409258031294,-0.40210877817045754,-0.05787324165182623,3.099167509669922,-0.3872593084918421,-0.5231884161578577
1.1728320121765137,-0.6606786791432175,0.6606807375776568,0.1281216085730844,-1.3376023265097705,-1.3914979446126732,1.1310471345053215,-11.011962617176467,-1.3709649561971746,-3.968392868103736,0.07051819063057405,-0.39944123824098476,-0.04696714394146095,3.09922377645459,-0.38726741472353154,-0.5231369177447718
1.174860954284668,-0.6606689045260761,0.6606964343590597,0.12813010304424188,-1.337508575212947,-1.3915209617511257,1.1309880235485776,-11.038463073445746,-1.7044387240692616,-3.475214130205095,0.07402993067792411,-0.39890345098263624,-0.04108386050693451,3.0991994577595214,-0.3872483412372034,-0.5231912771808069
1.1768903732299805,-0.6607109749603062,0.6606571300187613,0.12812504888536458,-1.3375130302258023,-1.3915544083473002,1.1310694189701809,-10.821848238036784,-1.5111710705965844,-3.7733306656563843,0.0711257119476899,-0.3857768713303806,-0.029090033463405905,3.09922377645459,-0.38723975816835576,-0.5231598059283655
1.1789190769195557,-0.6607022195188321,0.660691777215432,0.12815860378433502,-1.3375184278443606,-1.3915226418600355,1.130983441563752,-10.81028187617304,-1.703046151368131,-3.552149598965035,0.0700198563293615,-0.3927451616681575,-0.00382220387039915,3.099235697383545,-0.3872912565814417,-0.5231393019305628
1.1809470653533936,-0.6607019071071115,0.6606924567448165,0.1281716343873594,-1.3375504182551647,-1.3915025446515028,1.1310444818917174,-10.684650651441073,-2.1032415222894087,-3.452186372649881,0.06896651609521201,-0.38839121161530776,0.0021697106553691965,3.0992752748676757,-0.3872636000262659,-0.5230963865863245
1.182976245880127,-0.6607101688582925,0.6606911276099752,0.12816819699788334,-1.3375401024689686,-1.3915058223576446,1.1310277578966323,-10.639504483850303,-2.2406246252930018,-3.3509296903944445,0.07138294856639317,-0.40209918064359573,0.0249984372170974,3.0992557245441894,-0.3872798124896448,-0.5230878035174769
1.1850056648254395,-0.6607356392556836,0.6606814479975699,0.128185855512841,-1.3375342082004995,-1.391530018445481,1.1310558567976077,-10.55600646526067,-2.445217163867356,-3.725598465935522,0.06317126278344286,-0.40480288045950963,0.037198009080354935,3.099322958583496,-0.3872798124896448,-0.5230868498431605
1.187035322189331,-0.6607163407426608,0.6607062312770832,0.12820799459224902,-1.337564498462566,-1.3914768587697985,1.1310561173971443,-10.462702047903965,-2.170793977070263,-3.950329862181847,0.058955286744976305,-0.40573108521798557,0.05119983386888049,3.0993191438862304,-0.3872759977923792,-0.523024861012594
1.189061164855957,-0.6607330337874764,0.6607046900979421,0.12818737848282344,-1.3376091896462852,-1.3914846272181476,1.131041501976487,-10.3641532090468,-2.640791625053859,-3.7236956556291125,0.06190017994693341,-0.4158244122031674,0.06054698449700191,3.099350615138672,-0.3873227278338831,-0.5230320135699671
1.1910901069641113,-0.6607495346654764,0.6606989829710928,0.1282160462824982,-1.3375885758364332,-1.3914900199273084,1.131068443433685,-10.17444263969794,-2.5323040511095014,-3.984758623314222,0.06560464105068935,-0.4124109582847479,0.0688567204578193,3.0993782716938476,-0.38731080690492803,-0.5230005423175257
1.1931190490722656,-0.6607527949848118,0.6607050081362994,0.12823588651190565,-1.3375663460514304,-1.3914879362069912,1.1310252826854392,-10.084988421031596,-2.601324643202712,-4.13989492708431,0.06016102474806404,-0.4063684568902972,0.08009524691607683,3.0993634897419433,-0.3873346487628382,-0.5229924360858362
1.19514799118042,-0.6607295495896941,0.6607321360307509,0.12821899846788629,-1.3376391822149707,-1.3914346071019097,1.1310596916772548,-9.767064912442807,-2.7691184789081906,-3.8803731282549085,0.05119700111997365,-0.40798509921848913,0.08839927524713716,3.0993873315998535,-0.3873193899737757,-0.5229490439044397
1.1971969604492188,-0.6607466976365001,0.6607224382028754,0.12825730255145884,-1.3376090892951333,-1.3914562703239768,1.1310521542071168,-9.920471381913197,-2.8449596294309316,-3.7896272811986815,0.050976529729899335,-0.4041689185725499,0.0966111678772858,3.0994221407124023,-0.38732749620546514,-0.5229528586017054
1.1992261409759521,-0.6607524740980786,0.6607381324325966,0.12829788683027077,-1.3375720804013624,-1.3914622206009943,1.1309810171385681,-9.79038156692981,-3.0507957359239226,-3.6926766407286884,0.04831750700327324,-0.4071953932451591,0.09854148517651044,3.0994464594074707,-0.38736230531801397,-0.522963825856344
1.2012550830841064,-0.6607581800353288,0.6607349517760467,0.12825517039166506,-1.3376434702341207,-1.3914401155862737,1.1310331528348159,-9.754989421345904,-2.9268027102875376,-3.80842985828224,0.05240394798858722,-0.40141361592166275,0.1066330596488548,3.0994431215473632,-0.3873675505267542,-0.5229199568377894
1.2032828330993652,-0.6607626798139049,0.6607336250100733,0.12827735145195465,-1.3376101568594576,-1.3914490667492794,1.1310797973326785,-9.875533428044267,-2.811117663360035,-3.5908215652546804,0.05258853327828049,-0.4052021370910095,0.11568768557932615,3.099482222194336,-0.3873203436480921,-0.5229123274432581
1.2053120136260986,-0.6607702151954395,0.660733444196119,0.12828885763353506,-1.3376142429035354,-1.391438891060484,1.1310544919139986,-9.922553823994885,-3.110768771491525,-3.55810831314121,0.050982477754963534,-0.40931880851872876,0.10855875523829002,3.099459334010742,-0.3873513380633753,-0.5228813330279749
1.2073400020599365,-0.6607924365383381,0.6607153047998318,0.12828250688213794,-1.3375898226080134,-1.3914807804190683,1.131071563709099,-9.822645282219924,-3.23726646983383,-3.5706595163487753,0.05261446110128572,-0.404268210149411,0.11176022561711446,3.0994908052631835,-0.38734752336610967,-0.5229161421405237
1.2093687057495117,-0.6608007468072388,0.660730731796164,0.12830397589975828,-1.337628848542623,-1.3914502644488143,1.131044288021081,-9.681805891815157,-2.9116282228374817,-3.8916131394450617,0.05520419032598116,-0.39171052407032686,0.11927933359413959,3.099510832423828,-0.3873947302447718,-0.522860352193014
1.2113969326019287,-0.6607981739904494,0.660747630214977,0.1283270789988791,-1.3376412566262341,-1.3914336437040304,1.1310237499867348,-9.615297336432706,-3.278500802863443,-3.588813504150882,0.0567127042639734,-0.39395899956577407,0.10841501823847419,3.099545641536377,-0.3874099890338343,-0.5228450934039515
1.2134249210357666,-0.6607911911624534,0.6607536188057913,0.12832257027020758,-1.3376538930185788,-1.3914183845857893,1.1310380445515027,-9.645135700207577,-3.0496366752308437,-3.301111287639009,0.055793440275031046,-0.3963467333157819,0.11286176125061488,3.0995418268391113,-0.3873990217791956,-0.5228284041034144
1.2154529094696045,-0.6608289375939711,0.6607100630043746,0.12831871954874385,-1.3376403487114779,-1.3914726102298538,1.1310872053386813,-9.545943160565521,-2.8993657922874,-3.5001364102322756,0.049733563153934415,-0.3897801849147209,0.12207704266522802,3.0995656686970214,-0.3873990217791956,-0.5228474775897425
1.217482089996338,-0.6608222638683059,0.6607378944657935,0.12834123974276918,-1.3376524787843853,-1.3914332286194533,1.1310453149250237,-9.429032085569943,-3.242910849428367,-3.530157170672819,0.05374164568223018,-0.3927954506681058,0.12411911853056509,3.099561853999756,-0.3874271551715296,-0.5227974096881312
1.2195103168487549,-0.6608330379193952,0.6607294515961313,0.1283352925886878,-1.3376975359082737,-1.3914317409097323,1.1310870549037797,-9.3766486189572,-3.311140807812343,-3.6686695018907116,0.04994320302457331,-0.39215679946623594,0.12647500929992236,3.099601908321045,-0.387430493031637,-0.5227802435504358
1.22153902053833,-0.6608362562401094,0.6607348665748551,0.12836592828720947,-1.3376584534428602,-1.3914413953409972,1.131076501855261,-9.442050519936474,-3.310278357493026,-3.5896453695452166,0.04949469462131392,-0.39453701110721984,0.1334909065471599,3.0996295648762207,-0.38741952577699834,-0.5227873961078089
1.223567008972168,-0.6608460941731218,0.6607374222556247,0.128374333234493,-1.3376539995700978,-1.3914295320243566,1.1310635569950718,-9.292193612719053,-3.2337140821122508,-3.590501827178714,0.046855529947823375,-0.3916979442190525,0.1350179545157111,3.099606676692627,-0.38743907610048467,-0.522745434437887
1.2255949974060059,-0.660852050166157,0.6607314577212106,0.12835818506383193,-1.3376885948307913,-1.3914224159140605,1.131107800330086,-9.174402732924325,-3.294108622136325,-3.6394834812539303,0.0485590047669565,-0.3868788780762111,0.13726717846187486,3.099618597621582,-0.3874314467059534,-0.5227211157428187
1.2276227474212646,-0.6608643381849901,0.6607305159403172,0.12838015773993472,-1.3376273754313863,-1.3914567375074958,1.1310559999383722,-9.396155672130512,-3.15774759948079,-3.401219954552996,0.04515119678360405,-0.3883217020403913,0.1453116336475203,3.099630518550537,-0.3874476591693323,-0.5227635542498987
1.2296509742736816,-0.6608643715256389,0.660732585582234,0.1283763105125444,-1.337693575777282,-1.391425599710588,1.1310837184687252,-9.218722822242968,-3.342940108106063,-3.4825230564755345,0.048739203332903304,-0.38351828117287967,0.14545706320088284,3.099642439479492,-0.3874629179583948,-0.5227134863482874
1.2316792011260986,-0.6608590089068218,0.6607490348436829,0.1283772379794927,-1.337713341961879,-1.3914095758948197,1.131079889763604,-9.221629887010051,-3.2230347586671284,-3.4899115369703466,0.04888029748836961,-0.38568891865221,0.1534751739408728,3.099670096034668,-0.38746625581850225,-0.5227044264422815
1.2337071895599365,-0.6608797265691126,0.660728429764916,0.12839751048300752,-1.33769054136669,-1.391426699739505,1.1310928900895096,-9.248017782489217,-2.9961087835893614,-3.621934408971244,0.04013152770968601,-0.38447402187488233,0.15831143692953087,3.0996624666401367,-0.3874715010272425,-0.522684399281637
1.2357361316680908,-0.6608954330083051,0.6607318312544032,0.12842944315691807,-1.3376380432529593,-1.391439642989769,1.1310767577903365,-9.133725474125507,-3.372905668881037,-3.4321930754706407,0.04690739935714371,-0.3971361455725777,0.15678762113853884,3.0996786791035156,-0.3874715010272425,-0.5226724783526819
1.2377650737762451,-0.6608896878613943,0.6607292073709693,0.12839883843462035,-1.3377477982691923,-1.3914150590568017,1.1311281177384431,-9.114604623788606,-3.4355585545563136,-3.6632920398314086,0.0455502082921315,-0.3925482908945449,0.16033738306204068,3.099721594447754,-0.38748294511903936,-0.5226567427264612
1.2397947311401367,-0.6609007474844266,0.6607431066440289,0.1284174967853141,-1.337721348232136,-1.3914161791449038,1.1310978015384467,-9.042540419466794,-3.523347294807973,-3.628571159683693,0.04711570661839104,-0.3950230579054458,0.16329299655317642,3.0997420984455566,-0.38749915758241826,-0.522644344960348
1.2418241500854492,-0.6608911977332448,0.6607500205011538,0.12841787065728105,-1.3377638910574028,-1.3913969214544217,1.1310965814880143,-8.338411566709055,-3.4644708521671026,-3.8386465944035146,0.04976420365089132,-0.41461181001077396,0.16793637053782787,3.099757357234619,-0.38751107851137334,-0.5226367155658167
1.2438530921936035,-0.6608891680792823,0.6607659051832543,0.12842153903875414,-1.3377760483150856,-1.3913740703057715,1.1310794474997512,-8.075233032650479,-3.0222620790300487,-3.988718284101888,0.04274499880255053,-0.4269862555744465,0.17181062425556543,3.0997540193745117,-0.38752633730043584,-0.5226052443133753
1.2458817958831787,-0.6609290878663724,0.6607293141467403,0.12842299016115089,-1.3377772515795228,-1.3914146485977479,1.1311451780382977,-8.132699851510303,-3.7652484610949757,-4.004537181203773,0.05126115925435372,-0.44876270716270994,0.17326463747544893,3.099797411555908,-0.3875229994403284,-0.5225966612445276
1.2479100227355957,-0.6609374130285655,0.6607259361946244,0.12843932049798523,-1.337760845287501,-1.3914183559098248,1.1311313810280075,-7.560249671823484,-3.782336225735891,-4.392910013871761,0.04131891752635841,-0.4609541446894835,0.18712565559996508,3.0997907358356933,-0.3875349203692835,-0.5225847403155726
1.249953031539917,-0.6609300441151583,0.6607335821651463,0.12846807988010583,-1.3377040142637462,-1.3914284596580984,1.1311314727835469,-7.788492098329404,-3.5294396886419337,-4.285965077423083,0.04519283307462035,-0.47587376563798767,0.19152763620329796,3.0998102861591796,-0.38749629655946904,-0.5226042906390589
1.2519810199737549,-0.6609395689608291,0.6607423548385095,0.12844790235442569,-1.3377626541019028,-1.3914129860540752,1.1310761685165298,-7.355453307020664,-3.6107121184194626,-4.519826612778997,0.04841289662310164,-0.48335562064870125,0.18159651798470042,3.0998031336018066,-0.38757402101625615,-0.5225885550128382
1.2540099620819092,-0.6609466503244994,0.6607353079295478,0.12843450954181165,-1.3378268690759922,-1.391403338308973,1.1311603091571918,-7.103379348484847,-3.65829649730761,-4.4996522184454415,0.05230166668454922,-0.48706769000128836,0.177260949608686,3.099865122432373,-0.3875516096698206,-0.5225604216205042
1.2560381889343262,-0.6609629887527289,0.6607302253485307,0.12847489793711822,-1.3377683993234617,-1.3914220312548746,1.131144176741663,-7.067139848713747,-3.3457457513893947,-4.578066443027398,0.048565643173377464,-0.4874125040058233,0.18077071551051357,3.0998737055012207,-0.3875516096698206,-0.522552792225973
1.258066177368164,-0.6609730401977563,0.6607312086571832,0.12850500366243006,-1.3376970773151386,-1.3914486187720168,1.1310911046671475,-6.886272484073016,-3.7436850421112893,-4.451912324054254,0.05863531681373624,-0.4947871458607036,0.17626687276537942,3.099869890803955,-0.3875630537616175,-0.5225790182696741
1.2600939273834229,-0.6609588046896135,0.660739411541126,0.1284541346634022,-1.3378635621793618,-1.3913924629825472,1.131146795258239,-6.982626149376629,-3.250301341128406,-4.599319947136466,0.052488522794817374,-0.496958004400736,0.17938021348018707,3.099904699916504,-0.38759118715395147,-0.5225327650653284
1.2621219158172607,-0.6609708267119728,0.6607433853062877,0.12849455799048737,-1.3378296409157653,-1.3913830162399552,1.1311383891390943,-6.710619611437397,-3.544612246344196,-4.391524862430879,0.056631607045027024,-0.5081423767657621,0.17493331386020033,3.0999008852192382,-0.3875950018512171,-0.5224817434894007
1.2641499042510986,-0.6609701357672038,0.6607451514648872,0.1284912036324025,-1.3377824708329011,-1.3913989095384856,1.131129602366755,-6.750906486668249,-3.333410275885916,-4.632750525316792,0.052868620184826576,-0.5041388239653812,0.17124653312085134,3.099886580104492,-0.38757545152773076,-0.5225046316729944
1.2661778926849365,-0.6609766256221375,0.6607338043186407,0.1284872894409893,-1.3378428708386532,-1.3913955875738246,1.1311811513946157,-6.608931202936536,-3.3751239141973017,-4.64644411239621,0.05579256367060573,-0.5078241499735288,0.17372124601337632,3.0999371248432617,-0.38757545152773076,-0.5224927107440394
1.2682061195373535,-0.6609804299977902,0.660745612953951,0.1285164817156586,-1.3378301419359593,-1.3913812961326544,1.1311241294364034,-6.4744855339035094,-3.5068474060377683,-4.622070963391605,0.05729497386253027,-0.5225580077969963,0.17989939164136293,3.099921389217041,-0.3876150290118616,-0.5224650541888636
1.2702350616455078,-0.6610008609567284,0.6607249893935052,0.128489314764857,-1.3378776905136887,-1.391398778639292,1.131185529448557,-6.363379142241475,-3.3936657377793584,-5.01374095328822,0.04956627062010573,-0.5215220219035404,0.18165353351715416,3.0999647813984375,-0.3876150290118616,-0.5224650541888636
1.2722840309143066,-0.6609896911859483,0.6607480498705903,0.12850649210839296,-1.3378438104122286,-1.3913941061400488,1.1311070366664469,-6.386125178979389,-3.463652514029672,-4.636719504877617,0.06037684402541059,-0.5355822534339075,0.18224918038371413,3.099953814143799,-0.38763934770693,-0.5224879423724573
1.2743117809295654,-0.6610068544582586,0.6607304696276286,0.1284984458808679,-1.3378496183089517,-1.3913995531219816,1.1311674352004832,-6.260076635491502,-3.468423388774445,-4.802350260898719,0.05574735302149438,-0.5374617708794845,0.18204876695432662,3.099953814143799,-0.38761979738344365,-0.5224526564227503
1.2763400077819824,-0.6609977195402322,0.6607538825956399,0.1285289276883262,-1.3378357807834873,-1.3913866932147727,1.1310918389937146,-6.244593937975155,-3.0797882039983064,-4.903403194008335,0.05563514111478855,-0.5393736436496169,0.18913281768168694,3.0999619203754882,-0.3876546064959925,-0.5224602858172815
1.278397798538208,-0.6610175402946064,0.6607385524704195,0.12852068389418755,-1.3378662286945064,-1.391392601080848,1.1311480513089904,-6.204118051952087,-3.428471473619657,-4.856875003781614,0.05809839019611148,-0.5434990425966203,0.18647499342535592,3.0999929147907714,-0.38765079179872686,-0.5224326292621058
1.2804367542266846,-0.6610181763987201,0.6607514614761666,0.12855587630962292,-1.33786595016668,-1.3913857282915958,1.131090362345661,-6.191954179079411,-3.461491250891432,-5.029009145531621,0.05782258372560112,-0.5492482027003457,0.18565693405730593,3.10001723348584,-0.3876908461200159,-0.5224326292621058
1.2824788093566895,-0.6610095878806915,0.6607542578216802,0.12855193319755714,-1.3379162897300438,-1.3913644088338184,1.1311296051908082,-6.1092937543300705,-3.229370937962215,-5.274426932965942,0.05585162837557482,-0.5520192902530966,0.18774998884909946,3.1000444132038574,-0.38767892519106084,-0.5224126021014612
1.2845067977905273,-0.6610061137724149,0.6607525379630688,0.12855373570015835,-1.337930478915242,-1.391349000847967,1.1311910249699364,-5.956861800139221,-3.213797931324836,-5.120124246772413,0.059071979054254084,-0.5610881543776294,0.1917814886888984,3.1000568109699707,-0.3876398245440882,-0.5223777929889124
1.2865347862243652,-0.6610331464350733,0.6607551754991594,0.12857609787694102,-1.3378909974907254,-1.3913775923891054,1.1311097974698827,-5.98951806819292,-3.502795894632544,-5.122627750345812,0.0644870476943389,-0.5685611161285393,0.18738209880551338,3.1000725465961914,-0.387702767048971,-0.5223968664752405
1.2885627746582031,-0.6610262491417791,0.6607493735953649,0.128598665912108,-1.3378594862716782,-1.3913669123916537,1.13115536324405,-5.921901357829,-3.4214726138813316,-5.12677983517872,0.05477869181601372,-0.5725066281792922,0.18552123830505593,3.1000496584125976,-0.38765222231020147,-0.5223615805255335
1.2906098365783691,-0.6610606297085087,0.6607282304594123,0.1285963395259604,-1.3378400140325666,-1.3914111698751062,1.1311463698467554,-5.900124936617882,-3.0790449414946868,-5.365898096671704,0.05935084603170071,-0.574846857254156,0.188306537717016,3.1000735002705078,-0.38768321672548467,-0.5223849455462855
1.292651653289795,-0.6610578365334071,0.6607385969508704,0.12859904473055708,-1.3378888870658567,-1.391386666455108,1.131127404907023,-5.6449059130596755,-3.178629993438235,-5.075220853071128,0.06708188076521769,-0.5847435802681981,0.1867150436535513,3.100085421199463,-0.3877180258380335,-0.5223611036883753
1.2946829795837402,-0.6610614646634959,0.6607328913882207,0.12861284969553355,-1.337875857960625,-1.3913936777509013,1.131160085985246,-5.610672161956437,-3.382726525118496,-5.110452448041348,0.06411938213820628,-0.5907429536087216,0.17740108646658614,3.100109263057373,-0.3876917997943323,-0.5223572889911097
1.296710729598999,-0.6610413639015346,0.6607631179482649,0.12860764466275387,-1.3379573961094873,-1.3913466647599226,1.1311379764373855,-5.575339970231847,-3.195206590976433,-5.211741136213517,0.06642578626337942,-0.5927393784798082,0.17652621573215377,3.10014454900708,-0.38772327104677373,-0.5223367849933069
1.298743724822998,-0.661056502480677,0.6607500895530141,0.1286181210276723,-1.337914201040788,-1.391365203481081,1.1311130987532756,-5.561250679778724,-3.0594196225083135,-5.39832308941193,0.05669954384427218,-0.5971861595364105,0.17706362851338303,3.1001054483601074,-0.38773900667299444,-0.5223329702960413
1.3007707595825195,-0.6610657173289027,0.6607480561474338,0.1286454424568069,-1.3379192616284823,-1.3913619770191492,1.1311195470439237,-5.3760789489522045,-3.276138317622917,-5.339931202297931,0.0640018732830726,-0.6021897675530001,0.17702745277696172,3.1001335817524414,-0.3877471129046839,-0.5223091284381312
1.3028130531311035,-0.6610784015530778,0.6607466237365228,0.1286552872320851,-1.3378809044260656,-1.3913861397314087,1.131092388218515,-5.338818527284515,-3.2179078064099045,-5.406648047789672,0.06562345480164083,-0.6079130174652829,0.173314809735757,3.1001450258442382,-0.38775808015932256,-0.5223320166217249
1.3048408031463623,-0.6610841316480222,0.6607354882086885,0.1286450727232811,-1.3379554496017891,-1.3913685240401854,1.1311450618029457,-5.1923952066406285,-2.9651051936447397,-5.3875078482270045,0.06864838817280904,-0.6096530419406005,0.17665204319030475,3.1001693445393066,-0.387766186391012,-0.5222938696490687
1.3068690299987793,-0.6610853469435324,0.6607334004707786,0.1286715044105532,-1.3379068536805208,-1.39137376868054,1.1311425525101149,-5.163945230786846,-3.289888355412119,-5.261420474513556,0.0648720440157564,-0.6141509786744118,0.16178913273903886,3.100154085750244,-0.3877471129046839,-0.5222848097430628
1.3088970184326172,-0.6610868376512642,0.6607320708318495,0.12867909055418741,-1.3379175000150183,-1.391375868414326,1.1311760582452277,-5.202200237173181,-3.027927992248108,-5.192554217935937,0.06878822526929779,-0.6193947490706768,0.16968287997022943,3.100196524257324,-0.38772803941835576,-0.5222848097430628
1.310924768447876,-0.6610734208717159,0.6607569101021582,0.1286802996758759,-1.3379270225158866,-1.3913628874587665,1.131128920055644,-5.09876130227704,-3.0517971311226746,-5.18553616214358,0.06832325051949426,-0.6229379956227493,0.16475172522051054,3.100217028255127,-0.3877471129046839,-0.5223048369037073
1.312952995300293,-0.6610965609572943,0.6607441952932791,0.12870252915789593,-1.3379186462172055,-1.391360751965119,1.1311258523654735,-4.984027316787217,-3.173502626136831,-5.422967879565177,0.07136856286376549,-0.6220491904113421,0.15816267069512402,3.1001931863972167,-0.38777476945985967,-0.5222495237933558
1.3149807453155518,-0.6610869124601833,0.660760142718027,0.12872037046457083,-1.3379152036204052,-1.3913459494925045,1.1311168197273933,-5.004844851549736,-2.6431223623110194,-5.499603132665151,0.06722870247825918,-0.6219411365534553,0.1697749965966996,3.1002132135578613,-0.3877671400653284,-0.5222423712359827
1.3170087337493896,-0.6610923742354686,0.6607571305592826,0.12871778377862156,-1.3379642605342812,-1.3913540617955975,1.1311103026148872,-4.78129287004931,-2.9189675159049657,-5.438171542665397,0.07166002428721012,-0.6238085296597405,0.16171105829617832,3.100269003505371,-0.3877986113177698,-0.5222685972796839
1.3190369606018066,-0.6611161829875287,0.6607447842256627,0.1287343672223429,-1.3379560212129602,-1.3913704566733958,1.1310925931316764,-4.66059495603283,-3.3156050743519834,-5.383819717045482,0.06840567221869047,-0.6294367849153675,0.14942090792308474,3.100276156062744,-0.38783342043031865,-0.522257153187887
1.3210649490356445,-0.6611103768273774,0.6607515248087337,0.12874437628912314,-1.3379527778256168,-1.3913516892206712,1.1311053811284297,-4.645690589936832,-2.9483748438397717,-5.673519152702192,0.07413077797012033,-0.6330615052776521,0.15989634350449924,3.1002651888081054,-0.38781816164125615,-0.5222252050982874
1.3230929374694824,-0.6611128413164598,0.6607530284107478,0.12876966903546933,-1.337930160620357,-1.3913626764201907,1.131114743089342,-4.52350592385455,-2.763204564359138,-5.846657468987678,0.06794300608236083,-0.6398435791516011,0.15986778703346943,3.1003081041523437,-0.38780004182924444,-0.5222371260272425
1.3251211643218994,-0.6611195124518884,0.6607440800201096,0.12878400135339185,-1.3379400411020754,-1.391357582283645,1.1311264015659324,-4.465682973071508,-2.964635520986613,-5.700696724913048,0.07430005105930718,-0.6518643984615053,0.15345456581456093,3.100304289455078,-0.3878071943866175,-0.5222099463092249
1.327148675918579,-0.6611305954141041,0.6607344507615294,0.1287864068358026,-1.3379274093730467,-1.3913812762279205,1.131136515494463,-4.315570006222835,-2.9549231403847926,-5.994440218668873,0.07525584169263294,-0.6436285333933502,0.15209839321362062,3.100331946010254,-0.38780337968935186,-0.5222328344928187
1.329176664352417,-0.6611223738297591,0.6607481261383161,0.1288150912222109,-1.3378895984400594,-1.391365154261756,1.1311120143040627,-4.274688250435265,-2.8849665921974585,-5.63953951223897,0.07572462132557484,-0.654138049616854,0.15309838863465436,3.10030905782666,-0.3877947966205042,-0.5222085157977503
1.331204891204834,-0.6611458622970297,0.6607384934260617,0.1288405483132797,-1.3378842805207143,-1.3913761042684332,1.1310843801293533,-4.213472044743354,-2.598606069486517,-5.65408536592906,0.07352531049363671,-0.6639116051774472,0.1543959543638848,3.1003176408955078,-0.3878381888019007,-0.5221894423114222
1.333233118057251,-0.661143639829286,0.6607531474628371,0.12886585616111657,-1.3378824307208828,-1.3913738518259187,1.13105690374095,-4.202231264968312,-2.6238281388062608,-6.022037910784749,0.07046374210605055,-0.6653382063886082,0.15174089291767687,3.1003643709370117,-0.38785010973085576,-0.522200886403219
1.3352611064910889,-0.6611301642772209,0.6607530347171586,0.1288608287268926,-1.3379341566269507,-1.3913552830985592,1.1311258591784645,-3.791611647725924,-2.8958197532949677,-5.975663687429053,0.07426286589602195,-0.6735826026290561,0.1453514075562997,3.100407763118408,-0.3878119627581995,-0.5221894423114222
1.3372900485992432,-0.6611457721739887,0.6607411867411542,0.12889087256886714,-1.33786559696414,-1.3913808940077583,1.1310949155669319,-3.7854214938754702,-2.7669693801175503,-5.943242713750907,0.07967205093052457,-0.6872193345699544,0.15339135563565387,3.100381537074707,-0.38781911531557256,-0.5221932570086878
1.339317798614502,-0.6611598732780337,0.6607367815953128,0.12886956761540594,-1.3379114759347916,-1.3913893007250184,1.131109193919522,-3.575115276240628,-3.1292732885314805,-5.994282223702656,0.07515366758964344,-0.6948126383406493,0.14745595707127648,3.1004244524189453,-0.3878429571734827,-0.5222004095660608
1.3413398265838623,-0.6611497008926396,0.6607311536402144,0.12888956884507363,-1.3379073153995469,-1.391374141973561,1.131137450460272,-3.5477542830874063,-2.969836050019439,-6.017316099961521,0.0742566488711232,-0.7074788642309674,0.14612544096352376,3.100404902095459,-0.38781530061830694,-0.5221732298480433
1.3433613777160645,-0.661160904459758,0.6607353516836479,0.12893207490473282,-1.3378682145995717,-1.3913872999349925,1.1311066764661686,-3.1622327669216315,-2.900265851170724,-6.230233155829985,0.08027143805266833,-0.7365276879227838,0.14421825353275783,3.1004397112080078,-0.387827221547262,-0.5221770445453089
1.3453826904296875,-0.6611624449161385,0.660747584595868,0.1289186490216634,-1.3379314798161897,-1.3913701231100635,1.1310621387626647,-3.250339279865725,-2.4654874414425487,-6.488876869620305,0.08723411701371028,-0.7440756445421669,0.14524436079939954,3.100456400508545,-0.3878896872149866,-0.5221732298480433
1.3474035263061523,-0.6611892676262251,0.6607190335731318,0.12894311890056975,-1.3379042779912143,-1.3913935878394883,1.131110198678109,-2.7988543975269327,-2.8111302819972295,-6.79201476490163,0.08803497720630309,-0.7816912762954779,0.15752476465374665,3.1004645067402343,-0.3878744284259241,-0.5221450964557093
1.34942626953125,-0.6611731170353502,0.660731092163138,0.12895669359075998,-1.3378968649405814,-1.391387672574208,1.1311304674618856,-2.656212621810142,-2.484010768208549,-7.404542724932236,0.08384999409504246,-0.8114380562489338,0.17352602886301804,3.100503130550049,-0.38783580461610967,-0.52216083208193
1.3514549732208252,-0.6611891953681017,0.6607215392551913,0.1289748348447303,-1.337885781658881,-1.3914018615706516,1.1311207097980698,-2.377943373725423,-3.1315800747475797,-7.400461035314226,0.09963783916771989,-0.8409810046070461,0.16479859753260956,3.100515528316162,-0.3878548781024378,-0.5221570173846644
1.353482961654663,-0.6611880452619501,0.6607242356046903,0.12897551449448708,-1.3379848921070374,-1.391365305481315,1.1311611830597,-2.352916039014551,-2.4923460579459666,-7.702870956879433,0.08653180936287529,-0.8702603700272463,0.1755678976427489,3.1005632120319824,-0.3878749052630823,-0.522106949483053
1.3555309772491455,-0.6611784276427417,0.6607411993144482,0.1289830293643274,-1.3379867990436811,-1.3913600892695968,1.1311201842316831,-2.0510418452524646,-3.1848011073223357,-7.662726008516448,0.09800719606985532,-0.887201371053339,0.15963579109512036,3.100583239192627,-0.38789111772646123,-0.5221293608294886
1.3575589656829834,-0.6611780308012387,0.6607536866207384,0.12903441248085223,-1.3379140214886496,-1.3913631686691375,1.1310475774095443,-2.0993125991588677,-2.821319726520186,-7.9655262711265635,0.09425438726691318,-0.9052938015529508,0.16722369576479748,3.100564165706299,-0.38790685335268194,-0.5221293608294886
1.3595874309539795,-0.6611941641776578,0.6607308164321644,0.1290393088238708,-1.3378961334208657,-1.3913853488061338,1.1310596068438754,-2.1404786123622586,-2.7992505020194285,-7.98784087329534,0.09746900484816785,-0.9140184710403774,0.16381628878368742,3.100548430080078,-0.38791019121278936,-0.5221293608294886
1.3616321086883545,-0.66119826228968,0.6607266668865033,0.129056277855908,-1.3379117061887353,-1.3913864757728729,1.131147411202442,-1.9862304370342674,-3.1708895147474383,-8.097390900722266,0.09435581177641149,-0.9208394460041144,0.15861929365471295,3.100630922908447,-0.3878563086139124,-0.5221141020404261
1.3636634349822998,-0.6612152495276757,0.660710315509681,0.12908724905829858,-1.3378570447879914,-1.3914168930644815,1.1311122002665286,-2.191221984718493,-2.7989921868814265,-7.999744681978507,0.09614700674582523,-0.9240599588880044,0.16682545891836748,3.100616140956543,-0.3878749052630823,-0.5221293608294886
1.3656930923461914,-0.6612102434492202,0.6607298505045601,0.12907769773357344,-1.3379137170216748,-1.391392662790926,1.13107788359226,-2.0366609691593722,-2.4451992458936473,-7.953520543467103,0.10269904273568972,-0.92265491797352,0.15972369769373876,3.100639982814453,-0.387918774281637,-0.5221212545977991
1.367727518081665,-0.6612151598960312,0.6607232272092125,0.1290896972508509,-1.3379074831323727,-1.3914008771288962,1.1310772173987507,-1.8599258179455844,-2.5904315371849,-7.7788031746642545,0.10543731960851002,-0.94330184118005,0.15242480266247918,3.1006480890461425,-0.38792211214174444,-0.5221250692950647
1.3697638511657715,-0.6611969032686402,0.660741235291792,0.12915632805569516,-1.3378768287784668,-1.3913735678334227,1.1310789596484618,-1.970965218429247,-2.6884898049186385,-8.168879273398955,0.10888165844699627,-0.9501430306305346,0.1497880243458076,3.1006757456013183,-0.3878873030291956,-0.5220931212054651
1.3717973232269287,-0.6611919950986295,0.6607547123662758,0.12911453626940894,-1.3379516655704538,-1.3913642304347595,1.13102460706212,-1.7865422032446046,-2.5301579381038835,-8.599925395896172,0.10587174271194383,-0.9625437259405245,0.14971645724917243,3.1006876665302734,-0.38795358339418584,-0.5221250692950647
1.3738479614257812,-0.6612152712403494,0.6607246009108544,0.12916840166179727,-1.337880586980001,-1.391386660378542,1.1311042701864449,-1.8567712097788742,-2.5345383774263395,-8.36994461188788,0.10955878846825663,-0.9874351342956226,0.15059538287618665,3.100695772761963,-0.38789207140077764,-0.5220783392535608
1.3759138584136963,-0.6612011478122574,0.6607449481357609,0.12916845612156969,-1.337891527438552,-1.3913837494984025,1.1310258580182007,-1.6405862565256901,-2.5372776217685966,-8.804156551202365,0.11768961832631258,-0.9938791127927545,0.13821597284709236,3.100707693690918,-0.3879340330706995,-0.5221250692950647
1.3779451847076416,-0.6612379613014102,0.6607106285854436,0.12918804147651816,-1.337894999147884,-1.3914128673290576,1.1310960194285418,-1.5081693591647567,-2.5892254748583814,-8.938111555326193,0.1195897818718237,-1.0123782863126611,0.13499941493213688,3.10075490056958,-0.38792688051332647,-0.5220969359027308
1.379974126815796,-0.6612221934234086,0.6607230566761744,0.12918667262841804,-1.3379127566961415,-1.3913959751559286,1.131088974122104,-1.5195557467899674,-2.5947506330199395,-8.961266335171914,0.12209298011257227,-1.0354223281925243,0.14063715982783198,3.100759668941162,-0.38792306581606084,-0.5221007505999964
1.3820021152496338,-0.6612328121806654,0.660711127223912,0.1292202654148022,-1.3378725649275705,-1.391413947320963,1.1310906813723833,-1.35403660528306,-2.4529929693429913,-9.23907028762774,0.11759304316290875,-1.0536969858848706,0.14970544680518438,3.1007677751728515,-0.3879149595843714,-0.5221007505999964
1.384031057357788,-0.6612246404486304,0.6607276566723818,0.1292502868729938,-1.3378691864555359,-1.3913929210963971,1.1310738413030204,-1.3437899240366373,-2.5444064371006094,-9.196004352206023,0.117887192251884,-1.074923254680611,0.15563746655448352,3.100783510799072,-0.3879159132586878,-0.5220783392535608
1.3860602378845215,-0.6612307953518941,0.6607341813161998,0.1292531864269344,-1.3378896420582784,-1.3913934630301774,1.131043582162637,-1.1626172133874242,-2.812702988866411,-9.262968160453978,0.12027129269932582,-1.088095443843597,0.15374256571630715,3.10081069051709,-0.3879511992083948,-0.5220854918109339
1.388089895248413,-0.661242938801648,0.6607272927599249,0.12927857388947736,-1.3378664717627753,-1.3914099885962194,1.1310444129100292,-1.0510231545225677,-2.396394081885666,-9.60653081566965,0.12146057346561073,-1.0966519934664223,0.16181677588062116,3.1008383470722656,-0.3879511992083948,-0.5220893065081995
1.390117883682251,-0.6612317515568681,0.6607302016739475,0.12932638682392958,-1.3378038254140796,-1.3914079702933222,1.1310232562518294,-0.7162546159834617,-2.473581351244661,-9.419936949058332,0.1234748409972473,-1.1103940344912253,0.15219951397921133,3.100815458888672,-0.38792688051332647,-0.5220854918109339
1.3921406269073486,-0.6612423087866561,0.6607278178484994,0.12932608105442758,-1.3378145000665962,-1.391416371835924,1.1310005966239127,-0.738545525878175,-2.5280196474791454,-9.700895128562765,0.1278376765010637,-1.1165948643525196,0.15706260902324587,3.100827379817627,-0.3879583517657679,-0.5220926443683069
1.3941609859466553,-0.6612271518742949,0.660730746834635,0.1293303109518134,-1.3378523462643845,-1.3913904043965644,1.131035094696528,-0.7515735909491188,-2.7985219138194224,-9.52162389792873,0.12568038248480895,-1.1355931434376654,0.16204341469077604,3.1008354860493164,-0.38793880144228154,-0.522069279347555
1.3961806297302246,-0.661253134080403,0.6607080199219613,0.12934104822881476,-1.3378551498021625,-1.3914150661836526,1.131101308932017,-0.5767363889019905,-2.8816454342459554,-9.76024743122378,0.1278363870315876,-1.1378481335413788,0.16849986486157836,3.100890799159668,-0.3879197279559534,-0.5220573584185999
1.3981997966766357,-0.6612538685007868,0.6607149457569679,0.12937707072710625,-1.337798693027572,-1.3914347139389267,1.1309971959858172,-0.4364746960683368,-2.726137247326129,-9.851660843073883,0.12762431243018177,-1.1501102925707418,0.1727706562890224,3.1008755403706054,-0.3879659811602991,-0.5221007505999964
1.4002199172973633,-0.6612627329039786,0.6607080833439761,0.12940341663851046,-1.337747368690097,-1.3914483451114983,1.1310235156239832,-0.2842786820223373,-2.9166558176013644,-9.742084568397921,0.13010546964523634,-1.1549465821038611,0.1691459416824551,3.100883646602295,-0.3879316488849085,-0.5220893065081995
1.4022388458251953,-0.6612511189830839,0.6607141457499176,0.1294201101251538,-1.33776690230938,-1.3914312923761243,1.1310276708830511,-0.3910896761641358,-2.972019487781737,-10.002126758780221,0.1300630168405291,-1.1592714640017896,0.17314568747678888,3.1008993822285156,-0.38792688051332647,-0.5220802466021937
1.4042584896087646,-0.6612615330764633,0.6607116535242106,0.12942172730530527,-1.3378158031562981,-1.3914242277445286,1.1310367454514165,-0.22508922398775866,-3.023425660959551,-9.957784702513223,0.13167109231295765,-1.1727765785889293,0.17195175816682168,3.100935145015381,-0.38795501390566045,-0.5220611731158655
1.4062778949737549,-0.6612616928462408,0.6607131499088629,0.12944780929386204,-1.3378146831487487,-1.3914238334229863,1.131030855203272,-0.11850033805074478,-3.0903464898884763,-9.971091508044278,0.13296033901600796,-1.1838297176207457,0.17884997148535825,3.100963278407715,-0.3879583517657679,-0.5220611731158655
1.4083259105682373,-0.6612556988286689,0.6607103246033641,0.12944606119481183,-1.337799241468493,-1.391431515821284,1.1310387057712423,0.1274990665592104,-2.9147787602518096,-10.167300393023517,0.12820934854355168,-1.195920385921452,0.186636765108223,3.100959463710449,-0.38793880144228154,-0.5220802466021937
1.4103538990020752,-0.6612725685467123,0.6607032692136205,0.12946886367448512,-1.3377852934275263,-1.3914497679956628,1.1310344444426748,-0.036240922564842126,-2.962619190348176,-10.024415763873485,0.12826919841279782,-1.2074014224028775,0.1919285858009688,3.1009952264973144,-0.3879511992083948,-0.5220840612994593
1.4123942852020264,-0.661278621138536,0.6606933312490493,0.12948593616004447,-1.3378118361317184,-1.3914467422143741,1.1310902993303797,0.23688364314112054,-2.807461632352729,-10.278022856636975,0.12772319055415124,-1.209595794246021,0.1956327366474686,3.1010419565388183,-0.3879316488849085,-0.5220611731158655
1.414457082748413,-0.6612768501580164,0.6606930804825909,0.12950212672824613,-1.337774732810092,-1.3914432791683449,1.131046314062117,0.3735987911938299,-3.0666220724237205,-10.369301819493504,0.131167981858557,-1.2226470642423704,0.1927285924583263,3.1009842592426757,-0.3879473845111292,-0.5220492521869105
1.4164848327636719,-0.6612596679746598,0.6607210420535237,0.12953053145417767,-1.3377861223999155,-1.3914251086358453,1.1310315036856216,0.37645216324999,-2.8718581115124366,-10.507772121645395,0.13040388633972538,-1.2324544856946766,0.20710315575330215,3.1010538774677734,-0.38793880144228154,-0.5220611731158655
1.4185128211975098,-0.6612900140167156,0.6606877888588966,0.12952581965370175,-1.3378047874830978,-1.3914550131867702,1.131096918182666,0.5015712910951686,-3.3660013795436394,-10.65262884621418,0.13428968232254895,-1.242475030369696,0.20308636133826685,3.101090117091797,-0.3879349867450159,-0.5220530668841761
1.4205408096313477,-0.6612811163267621,0.6607001606820407,0.12958635489936232,-1.337712815887301,-1.3914569752181543,1.1310271872821573,0.5453162665262226,-3.1130372025694615,-10.758213075159343,0.1334248041160332,-1.2535657089346701,0.2135498514572452,3.1010586458393554,-0.3879316488849085,-0.5220573584185999
1.4225685596466064,-0.661287817598591,0.6606988775919557,0.12956208409422232,-1.337794651512732,-1.3914450188847736,1.1310430028499396,0.6881851805440622,-2.992684174203079,-10.847135847573107,0.12717721155063488,-1.2654017791002101,0.21849640331828307,3.1010944086262207,-0.3879664579974573,-0.5220454374896448
1.4245970249176025,-0.661290399931252,0.6606987505556012,0.1296058475472923,-1.337765624211199,-1.3914453397559106,1.1310244190780732,0.7650026758829809,-2.6154670319219298,-10.977631257320226,0.12891197548325653,-1.2700642631639496,0.2241696328228678,3.1011029916950683,-0.38796979585756475,-0.5220335165606897
1.4266250133514404,-0.6612782887839264,0.6607155714485101,0.12963407826203394,-1.3377433793508497,-1.3914334294292772,1.1310190803896516,1.201360606694278,-3.2210006077416935,-10.93851518641793,0.13543170072560973,-1.292202396158099,0.21895672668103786,3.1011268335529785,-0.3879473845111292,-0.5220301787005823
1.4286527633666992,-0.6612782887839264,0.6607155714485101,0.12963407826203394,-1.3377433793508497,-1.3914334294292772,1.1310190803896516,1.201360606694278,-3.2210006077416935,-10.93851518641793,0.13543170072560973,-1.292202396158099,0.21895672668103786,3.1011268335529785,-0.3879473845111292,-0.5220301787005823
1.430680751800537,-0.6612955273701876,0.6607056346966121,0.1296867789934485,-1.3377289226577833,-1.3914572830972365,1.1309796118955835,1.2956331067193279,-3.0706926739868505,-11.223422095447585,0.13123495728767212,-1.3135233243795073,0.23211533216634833,3.1011788088032226,-0.38798600832094365,-0.5220492521869105
1.432708740234375,-0.6612767981207199,0.6607165577775755,0.12970365218351262,-1.3377046968215833,-1.3914392349677167,1.1310074859307548,1.4323967212577786,-3.1140471346690632,-11.238009738867571,0.13400484363020984,-1.3257438285151737,0.23052363858578828,3.101174994105957,-0.3879349867450159,-0.5220335165606897
1.434736728668213,-0.6613059260482999,0.6606856546547055,0.12971526670869576,-1.337706277565458,-1.3914657242290858,1.1310292301857254,1.2717305950795499,-3.152317580541879,-11.254785889320546,0.14349937859145587,-1.3363582244257122,0.23342675191633627,3.1011826235004882,-0.38795501390566045,-0.5220215956317347
1.436765193939209,-0.6612935158503366,0.6607001073770821,0.1297310920780671,-1.3377161528084862,-1.3914586675838967,1.1310175624957295,1.613456682593901,-3.16035095973218,-11.423400954432575,0.143168915505471,-1.346781118489568,0.23083600097072512,3.101226492519043,-0.3879511992083948,-0.522041145955221
1.4387929439544678,-0.6613060134485305,0.6606891981560074,0.12972353156280836,-1.337756855871792,-1.3914547423314232,1.1310453955434334,1.591958027212978,-2.9811742419211114,-11.475505202328929,0.13698660657861703,-1.362498132100495,0.23688681875919293,3.101238413447998,-0.3879664579974573,-0.5220144430743616
1.440821886062622,-0.6612975039624072,0.6606914431702475,0.1297483629443153,-1.337746940841649,-1.3914516716493492,1.1310528527385675,1.6810734489153036,-2.9947924032683666,-11.29827209205328,0.1456222600479231,-1.3680979774965136,0.2346496557639632,3.1012584406086425,-0.3879473845111292,-0.5220182577716272
1.4428496360778809,-0.6613051443946598,0.6606875561956349,0.12978895216544464,-1.3376504618267853,-1.3914900215798909,1.1310120917344855,1.6171275996305783,-2.949576360844828,-11.336512628332558,0.14359432150071294,-1.3807047444565732,0.23120752988608845,3.101262255305908,-0.3879349867450159,-0.5220611731158655
1.444878101348877,-0.6612944011817796,0.6607027322527351,0.1297952933990273,-1.3376876529601818,-1.3914621598006707,1.1309986342030405,1.9293812661327716,-3.3660483786639808,-11.58530456995609,0.15135206709716267,-1.393270591843269,0.23298814025043824,3.1012741762348632,-0.3879511992083948,-0.522041145955221
1.4469058513641357,-0.6613100346214963,0.6606990441688934,0.12981497643984402,-1.3377259331484195,-1.3914608903210066,1.1310291778295456,2.0194816183974007,-3.446882435940193,-12.065493404099517,0.1469931598741313,-1.4080441311642669,0.24336708075814711,3.1013447481342773,-0.3879626433001917,-0.5220182577716272
1.4489338397979736,-0.6613234553396825,0.6606821213584095,0.12983390701810418,-1.33768486405945,-1.3914817575565792,1.1310456040320074,2.149586292752992,-3.4824777375025953,-11.812321461989239,0.1514641940098105,-1.4329294994030504,0.25273857327526794,3.1013375955769042,-0.3879473845111292,-0.5220144430743616
1.4509618282318115,-0.6613180663068197,0.6606906889248607,0.12986808691416082,-1.3376156939104555,-1.391503493797718,1.1309703799940996,2.050655594067874,-3.5257768545378583,-11.916476093655318,0.14787574686409352,-1.440106060993613,0.2500826227315122,3.101334257716797,-0.3879588286029261,-0.5220649878131312
1.4529898166656494,-0.6613230605730743,0.6606813238722863,0.1298757871572878,-1.3376085203359074,-1.3915205631823082,1.1309875450975957,2.119337156855228,-3.020549417620792,-11.729515826771458,0.15011712728635473,-1.4435515658749742,0.2514725517276593,3.1013614374348144,-0.3879473845111292,-0.5220840612994593
1.4550178050994873,-0.6613138626243077,0.6606910532595216,0.12987812078205382,-1.3376494379513322,-1.3914835425685275,1.130980562549608,2.12587055443732,-2.9930439358146885,-11.80103423316032,0.15140559488730249,-1.446372171745137,0.25019476785485983,3.1013385492512207,-0.3879664579974573,-0.5220373312579554
1.4570460319519043,-0.6613279644048567,0.6606881775467377,0.1299212349806126,-1.3376254384064266,-1.3914914920223376,1.1309946623458054,2.30441923247644,-2.9768251995129273,-11.91833735068321,0.1503374986710398,-1.4521103538315099,0.24905356231188938,3.1013852792927246,-0.3879583517657679,-0.5220182577716272
1.459073781967163,-0.6613013208089434,0.6607099775994899,0.12993374165829094,-1.3376286310791823,-1.3914726585666444,1.130959111508215,2.416949341120374,-3.1624894616615005,-12.177378908061923,0.1485765788622121,-1.4658701133867238,0.26145213518513416,3.101393385524414,-0.38795501390566045,-0.522041145955221
1.4611198902130127,-0.661312824878033,0.6606902083237945,0.12995967841339956,-1.337597480021357,-1.3914999771753236,1.1309794110993037,2.474941896982856,-3.4490031789816964,-12.360980574716264,0.1483749556457214,-1.4892670352021877,0.2772595772844394,3.1014138895222167,-0.38793880144228154,-0.5220564047442835
1.4631478786468506,-0.6613350669113027,0.6606697727328146,0.12995577525780044,-1.3376054098265586,-1.3915272877614997,1.1309948815696889,2.57839947855376,-3.7076590453098763,-12.304133894893951,0.15816262856389088,-1.504163868887916,0.2907126621543266,3.101438208217285,-0.38795501390566045,-0.5220683256732386
1.4651761054992676,-0.6613421292921763,0.6606768526597049,0.12999653394276747,-1.3375879892394116,-1.391514658269215,1.1309938858877735,2.5960644105330988,-3.7372675092392513,-12.414857246736247,0.14826169432951253,-1.5108557699282328,0.2899552094106543,3.1014572817036132,-0.38795501390566045,-0.5220254103290003
1.4672038555145264,-0.6613242898076421,0.6606818398848164,0.1300105666563045,-1.3375966608942376,-1.3915095552140948,1.1310002470989102,2.583123860269391,-3.466427923406003,-12.326302746357879,0.15380018780888113,-1.5099149705561563,0.28873430510091147,3.101484938258789,-0.3879349867450159,-0.5220492521869105
1.4692318439483643,-0.6613189096691066,0.6606913232456781,0.13001901755692255,-1.3375810589584742,-1.3915019647618925,1.1309500320521106,2.577308201085823,-3.3306916633144668,-12.302179700839346,0.15518752028805813,-1.5152561936099629,0.286007371090952,3.101454897517822,-0.3879583517657679,-0.5220492521869105
1.4712598323822021,-0.6613540452611901,0.6606572138185254,0.13006122297235606,-1.3375070764952335,-1.3915471449875763,1.130988336498703,2.4973298348633506,-3.2472369727804162,-12.213628238882887,0.15141360612384563,-1.51878086634612,0.2870116784031337,3.1014668184467773,-0.3879349867450159,-0.5220373312579554
1.47328782081604,-0.6613408305441535,0.6606683374284568,0.13007192083288246,-1.3375209987926298,-1.3915347510806577,1.1309765165911143,2.553930498806236,-3.371955666949114,-12.38745079219582,0.1507898690488627,-1.5223086735253815,0.2884175888019423,3.1014858919331054,-0.3879349867450159,-0.5220454374896448
1.475315809249878,-0.6613518705070985,0.660668819968175,0.13012107329236897,-1.3374615916264114,-1.3915540061915783,1.1309493674012592,2.6720754899596364,-3.589527412010176,-12.762167913317251,0.14879391895118255,-1.536283505918298,0.2998184587071695,3.101513548488281,-0.3879349867450159,-0.5220530668841761
1.477344036102295,-0.6613420035690927,0.6606715643176381,0.13010598942249121,-1.3375360982792952,-1.391521444056606,1.1309890878897146,2.7995542579247332,-3.700566360210832,-12.836433998917434,0.15039073491222898,-1.5551896227595885,0.3113185216623857,3.1015254694172363,-0.3879349867450159,-0.5220182577716272
1.4793717861175537,-0.6613525366570016,0.6606615982546425,0.1301436689314665,-1.3374399373152708,-1.391557808244352,1.1309399688647561,2.7948889518256235,-3.8195061873753358,-12.662911961422147,0.15310145395474695,-1.5711560583839883,0.31834888831355784,3.101498766536377,-0.3879349867450159,-0.5220492521869105
1.4813997745513916,-0.6613408922913286,0.6606800213123298,0.13014397571635605,-1.3375091179799363,-1.3915256070206354,1.1309551763717578,2.7567658963878188,-3.670901571117198,-12.861801524949813,0.15312991404207602,-1.5827169733239934,0.3189300178008481,3.1015540796467285,-0.38794261613954717,-0.5220301787005823
1.4834277629852295,-0.6613490510201048,0.6606585946931209,0.1301548831725275,-1.337497612703562,-1.3915584547013964,1.1309862308681073,3.0057310958591352,-3.778574386332331,-12.993023241737042,0.1602103975051687,-1.5910940944359213,0.3067244730352694,3.101592703456543,-0.38792306581606084,-0.5220683256732386
1.4854559898376465,-0.6613570749695191,0.6606630113434375,0.1301735393429671,-1.3375068341427292,-1.391545548179233,1.1309470940488207,2.824910415301006,-3.193308591277842,-12.990148450322245,0.1490380457411827,-1.600381556145279,0.3104372152455629,3.1015817362019042,-0.3879659811602991,-0.5220373312579554
1.4874837398529053,-0.6613538226053557,0.6606708710867387,0.13018536472063608,-1.3375076796742682,-1.3915464466148715,1.1309530159734489,3.074233598264211,-3.3242655522922435,-13.239758052790705,0.15281288659529244,-1.6117808497466528,0.30314807556714635,3.1016246515461425,-0.38795501390566045,-0.5220492521869105
1.4895119667053223,-0.6613499712336499,0.6606516782808824,0.13020154259782515,-1.337460856182367,-1.3915607428263728,1.1310138505310323,3.116842016128682,-3.272459996514402,-13.16879798139754,0.15912854099023688,-1.6371639070176365,0.3060873027891479,3.1016103464313964,-0.3878887335406702,-0.5220492521869105
1.4915399551391602,-0.6613527244167093,0.6606688274019649,0.13022569553739155,-1.337498013161286,-1.3915383585025078,1.1309895541702462,3.1616906951770436,-3.664435947881654,-13.51444727383276,0.1623527088513806,-1.6506771473412125,0.30972498192164,3.1016575533100585,-0.38792449632753545,-0.5220215956317347
1.493567943572998,-0.6613470950167064,0.660662950717108,0.13022697887349677,-1.3374853903421222,-1.3915474205824006,1.1309767005928133,3.212588102212538,-3.602672957384914,-13.589285316124558,0.15495438979055481,-1.6588529871014304,0.3174291750382338,3.1016413408466796,-0.38792306581606084,-0.5220454374896448
1.495595932006836,-0.6613375614686183,0.6606730501001484,0.1302570322980935,-1.337497748944744,-1.391529649650231,1.1309406309140675,3.0550295883323844,-3.962280478728191,-13.455647940025226,0.15582001298432113,-1.6711460297057754,0.3133441301458323,3.1016499239155273,-0.3879459539996546,-0.5220373312579554
1.4976236820220947,-0.6613409913085504,0.6606778402744947,0.13028620287871734,-1.337479145313902,-1.391534585968628,1.1309499721127299,2.9643803519857985,-3.6733017454708943,-13.540891155097794,0.15444826562796543,-1.6812088291631828,0.31232432299761104,3.101696653957031,-0.3879306952105921,-0.5220373312579554
1.4996519088745117,-0.6613517210876195,0.6606592246602577,0.1302612803390519,-1.3375085449708077,-1.3915491386504835,1.1309874513638498,2.874820576513061,-3.8208921775010496,-13.431634953719284,0.15908934542751055,-1.686873106405577,0.3142295346773337,3.101705237025879,-0.3879306952105921,-0.5220454374896448
1.5016798973083496,-0.6613609293608316,0.6606516795921411,0.13029571702134288,-1.337464088104655,-1.391577248087279,1.130984114814107,3.11064956893003,-3.9796497234960944,-13.430205987498052,0.15642944904092831,-1.6870193087095653,0.31767203762537927,3.1017443376728515,-0.387918774281637,-0.5220730940448206
1.5037078857421875,-0.6613530285984948,0.6606618246115324,0.13031231185926412,-1.3374721898920534,-1.3915625454882632,1.1309664982158534,3.150493952421548,-3.8090010028759,-13.499778251074174,0.1541479749930496,-1.6879603294196779,0.31751036733907323,3.101752920741699,-0.38792688051332647,-0.5220649878131312
1.5057358741760254,-0.6613437404918162,0.6606650952609473,0.13034628141992713,-1.3374387687524116,-1.3915515775003948,1.1309407556496904,3.293600984975988,-3.4403462815809682,-13.325731608099058,0.15937504577410327,-1.6916544104855447,0.32256941944745265,3.1017214494892578,-0.38792306581606084,-0.5220492521869105
1.5077638626098633,-0.6613395915909089,0.6606683354440567,0.13035708681704852,-1.3374573044778875,-1.3915447775246281,1.1309665828576954,3.0289325553391486,-3.538175342812494,-13.699844853317392,0.1537046817366609,-1.6913509433933414,0.3166086929749138,3.101761503810547,-0.38790780702699834,-0.5220454374896448
1.509791612625122,-0.6613440878681983,0.6606666876368137,0.1303684194749259,-1.3374824715850693,-1.3915409444235947,1.131010286489992,2.9590437291025564,-3.7090128327165073,-13.844114279700895,0.14979037707544662,-1.7002292836067965,0.3230551268629355,3.1018149095722656,-0.38789207140077764,-0.5220301787005823
1.51181960105896,-0.6613453581473308,0.6606630238852429,0.1304110141981483,-1.337391954217346,-1.3915664943235888,1.1309425190383806,3.070457204186594,-3.8839462279335697,-14.070828528498133,0.14578173178472592,-1.7085131434406329,0.33802936326469774,3.101778193111084,-0.3878992239581507,-0.5220611731158655
1.5138626098632812,-0.6613326887803948,0.6606776148985096,0.1303889868510852,-1.3374515319071538,-1.3915425560501715,1.130955459784369,3.0081429964852906,-4.206663551200979,-14.026576387262564,0.1475125887655123,-1.7156385757115666,0.342100542820202,3.1018053728291015,-0.3879030386554163,-0.5220573584185999
1.5158908367156982,-0.6613439729564607,0.6606683218359402,0.13040903839208828,-1.337468492657396,-1.3915570804143966,1.1309440528291268,3.0916008173339136,-4.036925806649657,-13.597274805803831,0.1493992015604933,-1.7088203679987188,0.33913675949167377,3.101848765010498,-0.3879306952105921,-0.5220730940448206
1.5179188251495361,-0.6613414068784682,0.6606616669369817,0.13040333441877022,-1.337457402228016,-1.3915652872347175,1.1309351227704882,2.9258123851108504,-3.901635182252512,-13.530224129746285,0.14807183442298624,-1.6985579639587907,0.3321471011537629,3.101824923152588,-0.3879306952105921,-0.5220893065081995
1.5199470520019531,-0.6613523868175545,0.6606473631895119,0.13041187655301328,-1.3374314852615226,-1.3915888165074375,1.1309663768571976,3.080737266195156,-3.4466278218900452,-13.303826694089425,0.1423332602417059,-1.6959580488032484,0.32856293435136064,3.1018449503132324,-0.38790685335268194,-0.5221007505999964
1.521974802017212,-0.6613406286524337,0.660670993946874,0.1304642531834868,-1.337455258535434,-1.3915530184848948,1.130921443035178,3.0549227582713057,-3.1394899231849944,-13.587800401871595,0.14583825674655654,-1.6925254069401223,0.33524985492103077,3.1018807131000976,-0.38793784776796514,-0.522069279347555
1.5240027904510498,-0.6613295645113231,0.6606622160567867,0.13044889229513718,-1.3374391598064765,-1.3915627115158855,1.1309823834784805,2.9550458280066354,-3.543458949908775,-13.752232010348601,0.14573268827671465,-1.703782893045022,0.32872582679681095,3.1018807131000976,-0.3878749052630823,-0.5220893065081995
1.5260307788848877,-0.6613373413750063,0.6606541911717156,0.13047559937900927,-1.3374202260365406,-1.3915685978725196,1.1309838744581082,2.882720687858921,-3.714757238344971,-13.755243972590156,0.1518536899112815,-1.7132102111323746,0.3314561238593616,3.1018845277973632,-0.3878749052630823,-0.5220769087420862
1.5280587673187256,-0.6613196752831634,0.6606633337724496,0.13048178320842724,-1.3373998453691966,-1.3915684204809031,1.1309892421254313,2.9222570705805584,-3.7888094723581576,-14.050841719258562,0.14649848918590178,-1.7194532436663428,0.3303679192461076,3.1018969255634765,-0.3878400961505335,-0.5221040884601038
1.5300867557525635,-0.661320002914618,0.6606811918909519,0.1304969426218522,-1.3374350709962324,-1.3915563891959462,1.1308854572724156,3.0357256076407815,-3.6184500972298386,-13.996887612565631,0.1484155482807347,-1.7266863590885526,0.33016320356012746,3.1019083696552734,-0.3879297415362757,-0.5221164862262171
1.5321149826049805,-0.6613319481960801,0.6606474304228319,0.13049920071817978,-1.337418246036698,-1.3915713408650356,1.1309931158797693,3.1773833568208056,-4.119703857056661,-13.907449957929986,0.1510186352731328,-1.7211964989586108,0.3117946738384117,3.101900740260742,-0.38786346117128545,-0.5220854918109339
1.5341432094573975,-0.66133836113677,0.6606400463499403,0.13050882031551064,-1.3373927687708922,-1.3915923914383803,1.130963636112254,3.0272801759388828,-3.292558188231477,-14.007948655941156,0.14002243951309706,-1.7221701522797914,0.3146935823763438,3.1018974024006347,-0.38787871996034795,-0.5221131483661097
1.5361719131469727,-0.661330545954457,0.660656267706386,0.13054723638355678,-1.337398493575283,-1.3915738041913965,1.1309582111288483,2.9218624456479088,-3.1069159439281595,-14.0910068194159,0.14588730781933223,-1.7214275086784125,0.30201839270030767,3.101944609279297,-0.3878749052630823,-0.5220969359027308
1.5381996631622314,-0.661328415876355,0.6606538862582272,0.1305511174385454,-1.3374303384769353,-1.3915665150742786,1.1309631141187386,3.059065921843867,-3.0774462404597465,-14.06542281522143,0.15113997794838158,-1.724757809924397,0.29075941335075833,3.1019598680683593,-0.387885872517721,-0.5220931212054651
1.5402276515960693,-0.6613282095261167,0.6606502129981136,0.13055185726899565,-1.337416642559919,-1.3915786864221802,1.1309680122681567,3.069066351804441,-3.3216008354991997,-13.889765122978195,0.14393347764403921,-1.7276673283137831,0.2901554151952929,3.101968451137207,-0.3878744284259241,-0.5221131483661097
1.5422558784484863,-0.6613392755177605,0.6606352220795234,0.1305642719307377,-1.3374414394923455,-1.3915830958534139,1.1310350654815604,3.1793012923296047,-3.5138413201200285,-13.881658254642032,0.14980232158179838,-1.7296180020590004,0.2897920762831446,3.1020194727131347,-0.38785106340517217,-0.5220931212054651
1.5442838668823242,-0.6613494989467371,0.6606164656967254,0.13057626844986175,-1.3373743387615948,-1.391617253041488,1.1310084363485204,3.062214878450768,-3.341258708729245,-13.98305264807517,0.1432481918194053,-1.7332708708768518,0.27798484713095317,3.1019765573688964,-0.38785106340517217,-0.5221212545977991
1.546311855316162,-0.6613285852762445,0.66064714262991,0.130615900715905,-1.3373510827562467,-1.391599467598383,1.130944993137131,2.907107531421557,-3.207072079297806,-13.984866556077638,0.14185758386471542,-1.7335150496649998,0.27059398210751473,3.1020003992268066,-0.3878586927997034,-0.5221369902240198
1.54833984375,-0.6613538845086631,0.660607615536034,0.13061244081921947,-1.3373426629297918,-1.3916345750534997,1.1310001806008076,3.1071374952621547,-2.8607706804219153,-13.971637623584181,0.14108988041772041,-1.725880866572738,0.26895677731361667,3.101996584529541,-0.38784677187074834,-0.5221369902240198
1.5503718852996826,-0.661317151207055,0.6606393174845211,0.13062129049173665,-1.3373689277545737,-1.3915893880641255,1.1309791529878102,2.977981861313659,-2.8551011457466875,-13.737419314187871,0.14069206666993134,-1.7155793403789255,0.2590133585215976,3.101996584529541,-0.38783485094179326,-0.5221293608294886
1.5524001121520996,-0.6613341378077763,0.6606311191795724,0.1306516699611655,-1.3373191134972244,-1.3916253083361374,1.1309449828400953,3.1516039557229223,-2.8686958231863993,-13.539438808881735,0.13828137232028564,-1.700090780336135,0.24487848502678047,3.102024717921875,-0.38785010973085576,-0.5221641699420374
1.5544416904449463,-0.6613247396694639,0.6606298405264565,0.13064766644474413,-1.337357931473922,-1.3916086594486021,1.130986560081875,3.2418722876493318,-2.835806642803513,-13.451462117423794,0.135306743397367,-1.6905654330374837,0.24511819439714094,3.1020404535480957,-0.38783103624452764,-0.5221489111529749
1.5564699172973633,-0.6613239184407873,0.660626529306417,0.1306769354108258,-1.33731193333653,-1.3916253444183875,1.1309607779921773,3.275429818547325,-3.369900166032311,-13.28513767246298,0.13922484268505353,-1.6888995511248681,0.23693814369062258,3.1020404535480957,-0.3878262678729456,-0.5221732298480433
1.558497667312622,-0.6613217371518714,0.6606257838941859,0.13068313153321345,-1.3373418170026061,-1.3916116952231408,1.131000381833197,3.2175918814614533,-2.784731600263517,-13.2882931890427,0.13046597500306678,-1.6835855556428962,0.24547053491340223,3.1020676332661132,-0.3878110090838831,-0.5221498648272913
1.560525894165039,-0.6613113901064094,0.6606218409996544,0.13069837261345915,-1.3373092003938807,-1.391625025115534,1.1309914668104475,3.1211404597842707,-2.983982494099376,-13.437657705987935,0.1278345782660325,-1.6734556019595221,0.23613300597052655,3.102064295406006,-0.3877909819232386,-0.5221846739398401
1.562553882598877,-0.6613343384925103,0.6605956146904783,0.1307159242359041,-1.337271643542722,-1.391657470981032,1.131019077474238,3.090926994006681,-2.588497146908258,-13.363810089707792,0.12340154640481316,-1.6664211087709884,0.23643241605678417,3.102069063777588,-0.3877795378314417,-0.5221846739398401
1.5645806789398193,-0.6613012253185248,0.6606348717970687,0.1307361258992302,-1.3373378525636397,-1.3916043539587624,1.1309418546618026,2.983260240106093,-2.779550103830737,-12.892101259263613,0.12536546387639624,-1.6607087199207502,0.23090511322862428,3.1020914751240234,-0.38783008257021123,-0.5221808592425745
1.5666217803955078,-0.6613246146810152,0.6605989856044074,0.13075970435299533,-1.3372866233292846,-1.3916387524659406,1.1310184438315363,3.210175647587071,-2.8342797121368033,-13.017562401063792,0.11895382227751705,-1.6380438620949371,0.22703320012785877,3.1020962434956054,-0.3877795378314417,-0.522165600453512
1.5686497688293457,-0.6612901371814609,0.6606295430069441,0.1307372395050925,-1.337355218160761,-1.391604401944151,1.1310019552357837,3.091251336508072,-2.7764057227907704,-12.86970486328166,0.11143726229204307,-1.619783384731394,0.2220554163827455,3.1021310526081542,-0.3877833525287073,-0.5221932570086878
1.5706899166107178,-0.6612996539026637,0.6606158087249276,0.1307794940290562,-1.3372995882398984,-1.3916288110769972,1.1309925248608703,2.8115271690232655,-2.4662800969049563,-11.947586991163153,0.10605389003029056,-1.5916042062078124,0.22248413662360872,3.1021362978168945,-0.38777476945985967,-0.5222047011004847
1.5727176666259766,-0.6613125003519025,0.6606062959124925,0.13083272684828276,-1.3372369821809833,-1.3916421855549423,1.1309568003907284,3.048428525716802,-2.5664521276426107,-11.915679383930929,0.09983814126996171,-1.563732872494215,0.21615055227435784,3.10211627065625,-0.38778716722597295,-0.5221894423114222
1.5747458934783936,-0.6612955691584336,0.660606902267059,0.13082174980821765,-1.3372280774289727,-1.3916530456702827,1.1309832060129617,2.739799521453375,-2.464353346444097,-11.71365183556347,0.10118726940093895,-1.5619198899004778,0.2149082531257197,3.1021362978168945,-0.38774329820741826,-0.5222361723529261
1.5767741203308105,-0.6612917058232862,0.6606075297568383,0.13084230727000945,-1.3372009130759417,-1.3916506641608208,1.1309982548610529,2.796618125594569,-2.5915255122822667,-11.807270134797042,0.09325759574858329,-1.566080861691319,0.21649277398359573,3.1021362978168945,-0.3877161184894007,-0.5222252050982874
1.5788018703460693,-0.6612921906345518,0.6606046781474553,0.1308416160146221,-1.3372613461122105,-1.3916421067379379,1.130972349261877,2.8849615417457892,-2.624289291401606,-11.772349574444075,0.09504213103807493,-1.576143186975159,0.21688213994106528,3.1021525102802734,-0.387766186391012,-0.522229019795553
1.5808298587799072,-0.6612756560397116,0.6606131020610994,0.13083409856484926,-1.337286337386915,-1.3916310984744253,1.1309840453155502,2.8741531373320957,-2.47682657717952,-11.827249173293044,0.09215849897047823,-1.5612804347484772,0.20657188332406504,3.1021720606037597,-0.3877509276019495,-0.5222447554217737
1.5828578472137451,-0.6612816858953513,0.6606031238343333,0.1308618106073825,-1.3372187517141063,-1.39165667357973,1.130991002132319,3.0349592653377986,-2.654101753757238,-11.771115461995105,0.08950428107398715,-1.5606662375434324,0.19387089279827113,3.1021720606037597,-0.3877194563495081,-0.5222604910479944
1.584885597229004,-0.6612925206825013,0.6605983276650013,0.13091049466184293,-1.3371691578480254,-1.391673118262577,1.1309472073045854,2.7708365327584765,-2.547080946579741,-11.748913901671548,0.09122759561127622,-1.562187739074411,0.1912696605703883,3.1021763521381835,-0.38773900667299444,-0.5222647825824183
1.586913824081421,-0.6612874004970154,0.6605908580666356,0.13089289361610867,-1.3372307917003767,-1.39165855612078,1.1310013454980077,2.7840833279274184,-2.2706947867819642,-11.291696987501835,0.08458665967028542,-1.5423233391557527,0.18920261550952355,3.10219590246167,-0.38772708574403936,-0.5222495237933558
1.5889418125152588,-0.6612887040761705,0.6605921513440437,0.13090814127040373,-1.3371942171378823,-1.3916689092863204,1.1309874758255283,2.5295990831449977,-2.1388292862620353,-10.919543598330009,0.08829315137726021,-1.5199903075115966,0.17450341037191508,3.10219590246167,-0.3877194563495081,-0.5222604910479944
1.5909698009490967,-0.6612770152347586,0.6605936428691064,0.13092252393408016,-1.3371219684820717,-1.3916915675235755,1.1309531772484067,2.494466098147433,-2.0760192454265938,-11.044368323671073,0.07628503274871912,-1.500947558001607,0.16219918996657168,3.102173014278076,-0.38769513765443975,-0.5223119894610804
1.5929977893829346,-0.6612881539848817,0.6605804804715443,0.13092397951045376,-1.3371867694848318,-1.3916743049508893,1.1309930998925428,2.428239774629039,-1.92543416396827,-10.829659162346518,0.08183958780715786,-1.4951859592407892,0.16780413264196722,3.1021882730671386,-0.3877146879779261,-0.5222623983966272
1.5950257778167725,-0.661259067221614,0.6606053098137904,0.13096570607799946,-1.337143344966961,-1.3916630554157783,1.130975489043371,2.404055699947725,-2.238062917529088,-10.649111347782615,0.0756469927896357,-1.479384952208937,0.14919229426561942,3.10221974431958,-0.3876712957965296,-0.5222886244403284
1.5970542430877686,-0.6612647560051694,0.6605895561517023,0.13095890527653012,-1.337173100427981,-1.39166244458514,1.1309823295080474,2.4600919927181093,-2.213541501796709,-10.485288690636983,0.07719292773411274,-1.4720506663573385,0.14688000535041237,3.1022001939960937,-0.3876917997943323,-0.5222771803485315
1.5990817546844482,-0.6612742280131337,0.6605793671086351,0.13099220402414885,-1.337115870512218,-1.3916925021201907,1.130988478426888,2.415959470817501,-2.1402439243271276,-10.139839498518294,0.07345235600882472,-1.4656573655956324,0.13911285628789188,3.1022278505512695,-0.38766795793642217,-0.5223010222064417
1.6011099815368652,-0.6612612470083823,0.660588412289808,0.13099437323227534,-1.3371320690945074,-1.3916822264448943,1.1309535685965986,2.5757420438230385,-1.9007092997814525,-9.984141890087527,0.07231521484993761,-1.4404406484931047,0.12498406761149311,3.102224035854004,-0.3876870314227503,-0.5223167578326624
1.6031379699707031,-0.6612792317720078,0.6605790309283693,0.1310210431365768,-1.33709724188261,-1.3917102735706766,1.1309182512146765,2.433313845735914,-1.6838490322351514,-9.836062060355832,0.07016300881088872,-1.4162267435973535,0.11464001390152304,3.1022402483173828,-0.38771325746645147,-0.5223367849933069
1.605165719985962,-0.6612597353490401,0.66059921884439,0.13103390308763552,-1.3370849499242512,-1.3917002191517154,1.1308907369218195,2.207974960658623,-1.6961603816730582,-9.823793004477757,0.0599995556554673,-1.3923156508216958,0.10534589114600308,3.1022559839436035,-0.387702767048971,-0.5223596731769007
1.607193946838379,-0.6612637935138124,0.6605748937182607,0.1310036616710029,-1.3371822163270404,-1.3916838719500821,1.1310039339945175,2.4813171582945905,-1.6276688159001975,-9.508645991862672,0.05828422794876441,-1.370324107136663,0.09615262947675979,3.102283163661621,-0.38767892519106084,-0.5223177115069788
1.6092216968536377,-0.661271149397962,0.6605669960186841,0.13103958665702098,-1.3370799296922833,-1.3917312914958557,1.13094728415791,2.205030636115678,-1.310827654678449,-9.121764023858889,0.05160616320665371,-1.3509479302097072,0.09062226828101953,3.102276011104248,-0.3876751104937952,-0.5223797003375452
1.6112515926361084,-0.6612578522945358,0.6605692099060059,0.13106352168104263,-1.337083248770121,-1.3917089842545438,1.130978768987132,2.174030612385966,-1.509421061177478,-8.879668663638537,0.05244932809722307,-1.3179221501275142,0.07801953501379828,3.102276011104248,-0.3876436392413538,-0.522348705922262
1.6132795810699463,-0.6612615733492961,0.6605633620541813,0.13104853326323251,-1.3371269361777565,-1.3917029798314449,1.1309534419508154,2.2567029447426354,-1.4520099638806898,-8.430069476841886,0.04705909973257564,-1.2931012312480659,0.0758110737841641,3.10225693761792,-0.3876898924456995,-0.5223448912249964
1.6153078079223633,-0.6612555319087629,0.6605576684553561,0.13107751680210958,-1.3370726694644215,-1.3917207606836106,1.1309989165928878,2.3074254925019795,-1.4266717720517172,-8.23453132333275,0.040011046930625335,-1.2568909944252227,0.060303959227266925,3.102287932033203,-0.3876231352435511,-0.5223649183856409
1.6173360347747803,-0.6612528959075478,0.6605644768439773,0.13111425108002028,-1.337023276756046,-1.3917242130356384,1.1309395378788727,2.360728980184243,-1.1525434367024765,-7.881708348193174,0.044467517088193804,-1.2278624032025092,0.04283401526379388,3.102268858546875,-0.38763934770693,-0.5223725477801722
1.619377851486206,-0.6612407948690266,0.6605661083304014,0.1311127859173142,-1.3370587038678623,-1.39171948125677,1.1309661992526583,2.4965355021800324,-0.8834603709471512,-7.4832090209412065,0.03513376623709239,-1.1884189356199024,0.01176356681394313,3.1023117738911132,-0.3876231352435511,-0.5223920981036585
1.621405839920044,-0.6612417464514204,0.6605697856659177,0.13114009319373654,-1.3370628066199293,-1.3917153414515402,1.1309638188992157,2.4257854208114695,-0.5647917177095545,-7.042818488995454,0.02889770400737489,-1.1198523682457184,-0.030148171832649086,3.102346583003662,-0.3876269499408167,-0.5223849455462855
1.6234440803527832,-0.6612365040365951,0.660563082840952,0.1311353542214199,-1.3370511698081924,-1.3917206610114692,1.1309677176995452,1.9926486109816226,0.10048943272462982,-6.31438015421891,0.017282769731012726,-1.0432271174543193,-0.06510775405943697,3.1023236948200683,-0.3876150290118616,-0.5223968664752405
1.625471591949463,-0.6612440152379593,0.660554384779375,0.13116323611315106,-1.3370093349691474,-1.391741253173357,1.1309509747406417,1.520623526860723,0.048350119733725945,-5.776372837557888,0.021826673484734722,-1.0314284922312968,-0.08337890939035544,3.102327509517334,-0.3876150290118616,-0.5224126021014612
1.6274998188018799,-0.6612488186272693,0.6605532604382208,0.1311969967885894,-1.3369669308793277,-1.391749559840257,1.1309142146038462,2.040899643274284,-0.010058950969495651,-6.035162538739713,0.02515190469463051,-1.080469431323975,-0.09094773975844411,3.1023165422626953,-0.3876269499408167,-0.5224126021014612
1.6295278072357178,-0.6612174713434852,0.6605732088277139,0.1312159094285852,-1.33698189607771,-1.391727766839456,1.1309241111154682,2.1969510676444712,-0.10731856022987732,-6.641541172180922,0.028085413273821393,-1.1168725881195445,-0.0842547937473996,3.1023594576069335,-0.38759118715395147,-0.5224326292621058
1.6315557956695557,-0.6612326038493354,0.6605559562681238,0.1312353903111492,-1.3369738730117333,-1.3917398302554032,1.1309450527814278,1.9775309650359425,-0.8228500800236523,-7.294905560450926,0.018255795567203872,-1.1409124583309458,-0.04693037751298472,3.102368040675781,-0.38759118715395147,-0.5224168936358851
1.6335837841033936,-0.6612021453122776,0.6605877301584571,0.13121968186119967,-1.3370520369900707,-1.3917070150137512,1.1309067360606921,1.6593916534806352,-1.0841195910499581,-7.600538189888782,0.00865917710109862,-1.1529811049671208,-0.034498062965496346,3.102414770717285,-0.38761884370912725,-0.5224488417254847
1.6356117725372314,-0.6612139165681094,0.6605580504971961,0.1312532621530274,-1.3370226456694427,-1.3917239999830635,1.1309826298027341,1.2809683021937646,-0.471430985220983,-7.5682908401631925,0.022977488769142962,-1.14635050100615,-0.057271700504257575,3.10242669164624,-0.3875682989703577,-0.5224254767047327
1.6376597881317139,-0.6612006081017411,0.6605717458144131,0.1312428544150594,-1.3370859892777316,-1.3917050506787763,1.130954542971414,1.1620452833640649,-0.39314833387559317,-7.484094393839064,0.01637334806228736,-1.1434280170408082,-0.09213521096628004,3.102454348201416,-0.38760310808290654,-0.5224412123309534
1.6396963596343994,-0.661203617501903,0.6605629983054939,0.13128268425477135,-1.3370099519259089,-1.3917335677322467,1.130945616364735,0.7397766496470123,0.22052683836184786,-7.352172556376287,0.004307879291046458,-1.1227207260214405,-0.09327667117207519,3.102459593410156,-0.38757545152773076,-0.5224688688861292
1.641721248626709,-0.6611892852916017,0.6605733114226248,0.13128836468110533,-1.3370398324409147,-1.3917128604183047,1.130934746759284,0.5856724679401114,0.24334733812309048,-6.966038955661475,0.003459351021733219,-1.1191311579413,-0.08532726704651766,3.1024672228046875,-0.387583080922262,-0.5224650541888636
1.6437444686889648,-0.6611881947192054,0.6605571097322838,0.1312832579323906,-1.33704082687106,-1.3917305227171504,1.1309635985473436,0.5758969411038216,0.13650393780044914,-7.03912392014408,-0.0005408159671411103,-1.1025498097154376,-0.08834342680261886,3.102475805873535,-0.3875630537616175,-0.5224927107440394
1.6457679271697998,-0.6611937325419677,0.6605665546771402,0.13131335217283052,-1.3370506150115344,-1.3917217902484962,1.130911500306866,0.25001260803089753,-0.34231815863525694,-6.59831784162113,0.0004627900105705837,-1.0891444634866312,-0.09250452197840643,3.1024948793598632,-0.3876102606402796,-0.5224807898150843
1.6477959156036377,-0.6611835572278676,0.660565544191363,0.1313231983687539,-1.337018184108073,-1.3917235011454672,1.1309361451441164,0.17488923645360455,-0.3712225530381131,-6.418556881002937,0.0001505456777012304,-1.065630924910422,-0.11052511873228936,3.102487249965332,-0.3875668684588831,-0.5224855581866663
1.6498239040374756,-0.6611727640500759,0.6605584256899921,0.13133592501339003,-1.337028391545459,-1.3917314883118737,1.1309653990304374,0.11592729480440656,-0.10094871883823994,-6.401926937053754,0.001463350903123939,-1.0531985125920287,-0.13237491093472173,3.102527304286621,-0.3875392119037073,-0.5225165526019495
1.6518518924713135,-0.6611832526299953,0.6605527993392959,0.13135410479941867,-1.3369779615563735,-1.3917581741632525,1.1309225882013174,-0.04257383490902167,0.3317023841237791,-6.163575655744607,0.00311373029878928,-1.0449865539725065,-0.14169033287356614,3.1025191980549316,-0.38755542436708623,-0.5225442091571253
1.6538796424865723,-0.6611575823535438,0.6605679266693487,0.13135437454201893,-1.337050621804738,-1.3917124996943144,1.1309422862020073,-0.2547334926997622,-0.06467416083625924,-6.2960543583931665,-0.012420387849154682,-1.0405786890816304,-0.14403123859508252,3.1025354105183105,-0.3875516096698206,-0.5225165526019495
1.6559078693389893,-0.661178840064405,0.6605395625585516,0.1313827998765716,-1.3369604194479343,-1.391769739704357,1.1309625573872693,-0.40088923600508086,-0.10377946739224503,-6.764839476839038,-0.014498372331632092,-1.0455523077593225,-0.1419295410052103,3.1025473314472656,-0.38751537004579717,-0.5225566069232386
1.6579360961914062,-0.6611671182510949,0.6605532488191069,0.13140309569195305,-1.3369731741963227,-1.3917537902957808,1.1309200697826032,-0.34051698482646797,0.31202758197578795,-6.6532613680511155,-0.00797076863032195,-1.0530494398231263,-0.1579907886206643,3.1025559145161132,-0.3875392119037073,-0.522559944783346
1.659963846206665,-0.6611561124410155,0.6605531054652904,0.13137789272042805,-1.3370627572988312,-1.3917377570703717,1.1309634695559208,-0.3679236018739409,0.8534800341667257,-6.358567223160864,-0.012411493238473528,-1.0491846847834014,-0.17901368855567967,3.1026059824177246,-0.3875392119037073,-0.5225680510150355
1.6619915962219238,-0.6611563443859608,0.6605537434350848,0.1313995588701451,-1.3370294039851351,-1.3917384682371987,1.1309433278065406,-0.33029583596096557,0.7120589914806666,-6.299437741673563,-0.008008643968725582,-1.0258215954184748,-0.20169825943890687,3.1025869089313964,-0.3875392119037073,-0.5225604216205042
1.6640198230743408,-0.6611679085115243,0.660534234774171,0.13142707928985037,-1.337009376727158,-1.3917644775561437,1.130964819011583,-0.5052034615612928,0.8117795490020465,-6.297162716981712,-0.011320815899340864,-1.0213015637028928,-0.20915658670466608,3.1026193338581542,-0.38752729097475225,-0.5225766340838831
1.6660475730895996,-0.6611774743776372,0.6605153917083852,0.13144008835381457,-1.3369764324325313,-1.3917912347141586,1.1309958451034947,-0.4462920808736279,0.9644789022717309,-6.563389719346914,-0.018110331921344036,-1.027752504358565,-0.2085343537878845,3.1026312547871093,-0.38750011125673467,-0.5225923697101038
1.6680760383605957,-0.661155001087473,0.6605441588914843,0.13147879745405655,-1.3369743403975958,-1.3917663758933352,1.1309359419845793,-0.42940634435498803,0.5342160700893991,-6.646312724919047,-0.014003323008391827,-1.0353715352070922,-0.2130584397493795,3.1026550966450195,-0.38751537004579717,-0.5226004759417933
1.6701221466064453,-0.6611681172648636,0.6605249371823736,0.1314685626740098,-1.3369907165460595,-1.3917859303745357,1.1309624695274278,-0.5215237757213751,0.6026115082186139,-6.624543467249111,-0.007053617862728942,-1.0388257723990093,-0.21531744311733994,3.10267083227124,-0.3875191847430628,-0.5226123968707483
1.6721515655517578,-0.6611638538427409,0.6605176039820272,0.1314771337129367,-1.3369854471171183,-1.3918018820999212,1.130973212987218,-0.7471790827834077,0.7951281627794451,-6.628937357315252,-0.015359724061804969,-1.0280359541084547,-0.23299329497199445,3.102698488826416,-0.3875034491168421,-0.5226476828204554
1.6741814613342285,-0.6611514537862294,0.6605250051619372,0.13148470086679498,-1.3370291881306264,-1.3917720671900684,1.1309776101369562,-0.7625611940810915,0.9060324585393503,-6.602528004810438,-0.01882976985504531,-1.0081751313477727,-0.2522192749275365,3.1027018266865234,-0.38751107851137334,-0.5226205031024378
1.6762111186981201,-0.6611518341396692,0.6605061541961726,0.13147247434050202,-1.3370012195562464,-1.3918067778228655,1.131012736194802,-0.9461095207234387,1.053348821393663,-6.386270561008859,-0.02052896529929528,-1.012083159913367,-0.2563622963882867,3.102710409755371,-0.3874719778644007,-0.5226715246783655
1.6782398223876953,-0.6611290396246146,0.6605333190171824,0.1315256200219308,-1.337004877834577,-1.391763455315113,1.1309662485460739,-0.9852805918456147,0.9674778502452256,-6.343911941413813,-0.02117764892367116,-1.0098929217057526,-0.2616831244066562,3.102715178126953,-0.38748437563051397,-0.5226367155658167
1.6802680492401123,-0.6611372702949653,0.660516006759015,0.13148894158797508,-1.3370425845750755,-1.3917783383560618,1.1310159800843702,-0.886429432351471,1.4287246614706761,-6.886591825309013,-0.03025991739059404,-0.9966477430283398,-0.25582679750573545,3.102730913753174,-0.3874757925616663,-0.5226519743548792
1.6822960376739502,-0.6611300999476103,0.6605302621121523,0.13151228082616656,-1.3370880582839682,-1.3917567168720348,1.131011094257416,-1.087987243557107,0.5844466142581496,-6.387792738442993,-0.01987783343724152,-1.0030656087585346,-0.27037110072151915,3.1027895647236328,-0.387491528187887,-0.5226410071002405
1.6843369007110596,-0.6611244605442295,0.6605300483980536,0.13153170551658733,-1.3370641642452221,-1.3917672079987204,1.1309663098995606,-1.1904825660679463,0.8224325907519424,-6.51203045769322,-0.026371083961968203,-0.9983353597589391,-0.2729455531869147,3.1027824121662597,-0.3875063101397913,-0.5226724783526819
1.6864244937896729,-0.661125739816836,0.6605227007791379,0.1315396849449895,-1.3370274175689263,-1.391783384086057,1.1309963301359185,-1.3259714118481218,1.018761878457076,-6.790588735204285,-0.035014840570879655,-0.991540861526517,-0.27639731468431583,3.102790518397949,-0.38746768632997686,-0.522684399281637
1.6884689331054688,-0.6611331404888108,0.6604923989110699,0.1315389495068719,-1.3370456577256535,-1.3917982039451273,1.1310496383339477,-1.4514418919518146,0.7546065637599788,-6.422194183413949,-0.02876361367598447,-0.995504879277609,-0.28594492930913373,3.102790518397949,-0.38745195070375615,-0.522684399281637
1.6904966831207275,-0.6611088672812836,0.6605142612628999,0.13153372340167963,-1.337093344066826,-1.391781125624084,1.1310341795218877,-1.5242843107081763,1.266716128759292,-6.463480051042502,-0.03242528620458483,-0.9829281890061488,-0.28604353554891554,3.1028424936481933,-0.3874552885638636,-0.5227206389056605
1.6925246715545654,-0.661098256318113,0.6605231963247257,0.1315351488874768,-1.3371139084259862,-1.391762252207869,1.13103760873594,-1.6375141244991933,1.295390136559439,-6.382351092952361,-0.03694912361721961,-0.9721080987544329,-0.28664703700520244,3.1028458315083007,-0.38745195070375615,-0.5227082411395472
1.6945528984069824,-0.6610874791961506,0.6605284103870309,0.1315451462293179,-1.337109919891454,-1.3917635235063066,1.1310325269983912,-1.6582206381355795,1.264953218912709,-6.768454943614433,-0.04307840252785683,-0.9585102754254868,-0.2927608549705033,3.1028663355061035,-0.3874405066119593,-0.5227320829974573
1.6965808868408203,-0.6611156279285731,0.6604955943189853,0.13152612659866542,-1.337166421836316,-1.3917816427696084,1.1310862352036435,-1.8255261106939373,1.522643292769078,-6.533010694159174,-0.043786022049090906,-0.9675874806201615,-0.29141412796859417,3.1028901773640136,-0.3874629179583948,-0.5227168242083948
1.6986088752746582,-0.6610890456705356,0.660512297061733,0.13156351056113894,-1.337137538745243,-1.3917661768120815,1.13107500879608,-1.9695561981067533,0.8206434292840036,-6.403910110951825,-0.04280102434100924,-0.972031861120405,-0.3102671794746302,3.1029020982929687,-0.387428108845846,-0.5227282683001917
1.700636863708496,-0.6610885994515519,0.6605132430472205,0.13158619103868663,-1.3371178686354357,-1.3917742117586236,1.1310499487190093,-2.1218478697429575,1.3450025418911025,-6.3891014758599916,-0.04258145227502208,-0.9650256788230016,-0.3053710182454235,3.102914019221924,-0.38743526140321904,-0.5227444807635706
1.702664852142334,-0.661078068922785,0.6605177540397527,0.13159376924799543,-1.337153430494743,-1.3917506270414324,1.131045290522731,-2.3194599290415994,1.2619067421027987,-6.542549207764486,-0.04977595587347597,-0.9565830727696235,-0.3094914402008854,3.102910204524658,-0.3874476591693323,-0.5227249304400843
1.7046928405761719,-0.6610850780787086,0.6604942417833632,0.1315931732520511,-1.3371494836799525,-1.3917841747861976,1.131075888599668,-2.5856333990357516,1.3399850212244102,-6.302170625275933,-0.055016519511846856,-0.9550179727098277,-0.32302920586173656,3.1029388147541503,-0.3874314467059534,-0.5227683226214808
1.7067205905914307,-0.6610751416171287,0.6604968308954949,0.13157635532233017,-1.3372009953565762,-1.3917758861887142,1.1310942534910116,-2.380205103814524,1.7245533266693631,-6.612927914757745,-0.055753815859246464,-0.9300760086169273,-0.3243952578723318,3.1029702860065917,-0.3874314467059534,-0.5227840582477015
1.7087490558624268,-0.6610762782022869,0.6605057157563301,0.13162769262680665,-1.3371518986659452,-1.3917810209378145,1.1310755718068422,-2.7114846034524307,1.6389889952045238,-6.214232502112654,-0.0529588289591055,-0.9307543128276724,-0.34010297937371026,3.1030050951191406,-0.38741952577699834,-0.5227840582477015
1.7107770442962646,-0.6610632687094062,0.6605013435611521,0.13159758782310627,-1.3372281235625887,-1.391759143520916,1.131107629760197,-2.7319924049401276,0.9651486203859,-6.103244814602996,-0.05352462649448311,-0.9313075719867823,-0.3531906208919154,3.103001280421875,-0.38742334047426397,-0.5227764288531702
1.7128050327301025,-0.6610426928466698,0.6605227355782721,0.13163323005806205,-1.3372217850789534,-1.391726393292643,1.131069585832519,-2.968706209443706,1.2834550049667175,-6.075524490132847,-0.05539666425974761,-0.9261253752041354,-0.3469444238248014,3.1029903131672363,-0.3874271551715296,-0.5227535406695765
1.7148327827453613,-0.6610627287969142,0.6604887991184741,0.13162895548182496,-1.337168457903887,-1.39178249216519,1.1310814639534887,-3.0206042889174896,1.2972131552778763,-6.313565338203649,-0.05783295897995856,-0.9217258412765895,-0.3511649104305871,3.102978392238281,-0.3874152342425745,-0.5228045622455042
1.7168607711791992,-0.6610290546066389,0.6605170778422251,0.1316214799576004,-1.3372127513635108,-1.3917442915915061,1.131085701519032,-3.1457030109076323,1.9917784502489162,-6.707698029186831,-0.07370787915813257,-0.8990987949945045,-0.3569167516355042,3.1030022340961914,-0.38739520708193,-0.5228083769427698
1.7188889980316162,-0.6610635485308436,0.6604785986716432,0.13161802686171614,-1.3371983955454056,-1.3917921951021182,1.1311242295533992,-3.1938976056931887,1.1888568349842072,-6.054035943453822,-0.05679180062478728,-0.9042873112507775,-0.36876370180191015,3.103017969722412,-0.3873990217791956,-0.5228231588946741
1.720916986465454,-0.6610395462817495,0.660491532494967,0.13165121320487025,-1.3371637972116721,-1.3917906370119602,1.1311012381818,-3.5913665556697216,1.7586440587363292,-6.133605270606962,-0.06812818855520354,-0.9007305338287763,-0.36400638170113553,3.1030351358601074,-0.3873713652240198,-0.5228593985186976
1.7229719161987305,-0.6610537452725538,0.6604840888025475,0.13164951931745372,-1.33718933680783,-1.391795809770791,1.1311276802765085,-3.570868464026577,1.7755916819109574,-6.105524684429733,-0.07318481671445393,-0.8863988486277492,-0.3777196979539944,3.103069944972656,-0.3873789946185511,-0.5228474775897425
1.7249999046325684,-0.6610332868330362,0.6605054031014875,0.1316759926858451,-1.3371627820086942,-1.3917769107132194,1.131042592312051,-4.006759145683194,1.6459071898807656,-5.81536161749907,-0.06504361816097282,-0.8986929036547737,-0.3743042546621378,3.1030313211628417,-0.38740617433656865,-0.5228560606585901
1.7270278930664062,-0.6610303745781293,0.6604923913806902,0.13165044947475127,-1.337210885241135,-1.391789324822814,1.1310969073542907,-3.753767415060564,2.1625992399827263,-6.434589159547044,-0.08230107284599728,-0.865396408955706,-0.3823218387762103,3.1030780512043457,-0.3873861471759241,-0.5228903929339808
1.7290558815002441,-0.661019177168822,0.660492312297122,0.13165097965477968,-1.3372604424171801,-1.3917600719294008,1.1311501741780186,-4.0624286283717375,1.468785489373488,-5.8500517436337915,-0.0705901170796619,-0.8838209923428816,-0.384655246389466,3.1030899721333007,-0.3873637358294886,-0.5228522459613245
1.731083631515503,-0.6610090863972493,0.6604981769529105,0.13167471605849296,-1.337231562621075,-1.3917568121689279,1.131143077909003,-3.847995087046048,2.1916762515277473,-6.368675655321713,-0.08023026208128327,-0.8622544959297118,-0.3852405667367928,3.1030899721333007,-0.38734418550600225,-0.5228560606585901
1.733112096786499,-0.6610290375377101,0.6604849403812646,0.13167152031013102,-1.337258188352867,-1.391776889059892,1.1311509666543702,-4.514138118608715,1.695504796555187,-6.12882418777088,-0.08584241443026977,-0.87845813624965,-0.3865749035531563,3.103132887477539,-0.3873708883868616,-0.5228679815875452
1.7351398468017578,-0.6610084715334186,0.6604962667343839,0.13169598948082617,-1.3372212836797082,-1.3917793038668582,1.131094271977508,-4.296929701733807,1.8105967567777101,-5.982879496703455,-0.07867644066826694,-0.8629529214516217,-0.3984639768357705,3.1031219202229003,-0.3873708883868616,-0.5229108969317835
1.7371678352355957,-0.661018384569783,0.6604659294679083,0.13168759141179617,-1.337279296273287,-1.3917799529430233,1.1312049847500194,-4.556625917596623,2.272904334233759,-6.626470807571953,-0.10168829640315055,-0.8568216753244922,-0.39333180428627873,3.103156729335449,-0.3873356024371546,-0.5228799025165003
1.7391960620880127,-0.661011323793269,0.6604841023339499,0.1317275675647715,-1.3372242704075092,-1.3917721125999054,1.131159661905515,-4.790034000621877,1.3435986070138388,-5.465760268855748,-0.06983994337603433,-0.8708745565004606,-0.4068204098482512,3.103149576778076,-0.38733226457704717,-0.522872273121969
1.741225242614746,-0.661029589005456,0.6604513756968017,0.13171145068377715,-1.3372072447028371,-1.391811847484237,1.131216158162247,-4.59189788618928,2.10481396259298,-6.42708877720083,-0.09067687263399313,-0.8295528741833057,-0.40710847724506777,3.1031533914753417,-0.3873046080218714,-0.5228961149798792
1.743253469467163,-0.6610116331880846,0.6604826940878239,0.13175397252498322,-1.3371825940602027,-1.3917972966282173,1.1311392398580769,-4.797024223998091,2.398528211543495,-6.7952024274837255,-0.1031921394545827,-0.8393615169620731,-0.3928495433681958,3.1031810480305175,-0.3873236815081995,-0.5229161421405237
1.7452759742736816,-0.6610058326721354,0.6604857194805805,0.1317600724807363,-1.3371893377835278,-1.3917826631829706,1.1311440853708397,-4.846545874162144,1.0128469374907196,-5.8858754132361435,-0.08105023554742607,-0.8801160572134119,-0.401539602286895,3.103170080775879,-0.3873193899737757,-0.5228961149798792
1.7472975254058838,-0.6609716897859992,0.66051190434784,0.13176684530933258,-1.337208240113572,-1.391766265674281,1.1311260326018489,-4.83273231961671,1.7885125703707276,-6.515269907906095,-0.1016446714375293,-0.8536034654428699,-0.39523300121619326,3.1032168108173828,-0.38729983965028936,-0.5229433218585413
1.749321460723877,-0.6610004635226463,0.6604810549329564,0.13177367194560205,-1.3372205035397442,-1.3917800300226681,1.1311583863246688,-5.463734932558371,1.6712395640498914,-5.798488165638562,-0.09416568832965061,-0.8524703551983399,-0.3948600283551496,3.103205843562744,-0.3873193899737757,-0.5229051748858851
1.751349925994873,-0.6609916231845335,0.6604901834306145,0.13180248084486523,-1.337185339762666,-1.3917807819963015,1.1311461362857413,-4.9195556285425734,1.8020472563023509,-5.513623966938202,-0.08767065533407742,-0.8162230775302145,-0.42082751517036454,3.103221579188965,-0.38729983965028936,-0.5229166189776819
1.7533776760101318,-0.6609873835794577,0.6605028084021964,0.13181654695248218,-1.3371724816650237,-1.3917749652738947,1.131106805886849,-4.899936548150413,2.1952066080473887,-5.588133812758835,-0.09239180885618295,-0.8056566317219157,-0.4255397665439209,3.103221579188965,-0.38731557527651006,-0.5229199568377894
1.7554056644439697,-0.6609867399600674,0.6605022662352807,0.13183091850815098,-1.3371406953400067,-1.3917900797692044,1.1310774098159753,-4.794921007330094,2.238176536534975,-6.085729330979042,-0.10335663808110224,-0.8048243448153326,-0.41496892472336766,3.103221579188965,-0.3873193899737757,-0.5229480902301233
1.7574338912963867,-0.6609746026216576,0.6605049486468424,0.1318340214002806,-1.3371669921124365,-1.3917789397319638,1.1310944184431018,-4.929205053356437,2.275357773990149,-6.65668208251663,-0.11003060784246996,-0.8034837715728345,-0.39931652362964426,3.1032416063496093,-0.3873074690448206,-0.522951904927389
1.7594621181488037,-0.6609749999081722,0.6605060831990394,0.1318307736658845,-1.3372417428363719,-1.3917581222970985,1.1311450566947265,-5.114708428595681,1.8667802341881325,-6.367536994428576,-0.10896102642559244,-0.8266150646375592,-0.3871429086366103,3.1033002573200683,-0.3873074690448206,-0.522923771535055
1.7614898681640625,-0.6609856248666329,0.6604918006392341,0.13184305692877593,-1.3371751205218978,-1.3917909453840271,1.131138730381852,-5.523194229301033,1.590507896826446,-5.782500862958734,-0.09700692889695352,-0.8406102533167574,-0.3836324157903516,3.10328118383374,-0.3872912565814417,-0.5229480902301233
1.7635178565979004,-0.6609850101858361,0.6604882193263242,0.13187450266853668,-1.3371251142335319,-1.391804945499431,1.1311156418964734,-5.261607041884473,1.3923630013751143,-5.821811627452722,-0.1001392382527905,-0.8162100279572724,-0.4175562440295876,3.103274031276367,-0.38728362718691045,-0.522963825856344
1.7655458450317383,-0.6609823265972163,0.6604989188424966,0.13185844593448892,-1.3371849736376527,-1.3917947032417401,1.1311037849390126,-5.4739377056417675,2.366214953069811,-6.3041076574756625,-0.11631837609168448,-0.8006264344299414,-0.4082590013582079,3.103316469783447,-0.38731462160219365,-0.5229757467852991
1.7675738334655762,-0.6609892402498516,0.66048899014129,0.13188676720432096,-1.3371540639950426,-1.39181292402569,1.1311035757971308,-5.455235580464555,2.5999094613667357,-6.372039757425971,-0.12082193714915729,-0.7962960624354025,-0.40454606027440443,3.1033331590839843,-0.3873074690448206,-0.5229876677142542
1.769601821899414,-0.6609698504730732,0.6605026581933862,0.1318960000982229,-1.3371459554273122,-1.39179173860941,1.1311181233277805,-5.4872291188049696,2.07950921778194,-5.867460214873724,-0.10644818078675984,-0.8052933489496406,-0.4038740125601601,3.1033293443867187,-0.3872726599322718,-0.5229757467852991
1.771629810333252,-0.6609764288631207,0.6604870536050473,0.13190415938874253,-1.3371433579079066,-1.391808864304543,1.131149832504575,-5.569994566555103,2.0184265585936254,-6.288859158033053,-0.11102122476218605,-0.7968412139954286,-0.3951469435958428,3.103353186244629,-0.3872564474688929,-0.5229876677142542
1.7736568450927734,-0.660966089126081,0.6604944282208665,0.13191882577629843,-1.3371619004511015,-1.391797040047257,1.1311622205724678,-5.924403769413194,2.018668857139523,-6.335009366974939,-0.12211225686954744,-0.805247867892624,-0.38104445517369395,3.1033879953571777,-0.3872445265399378,-0.5229876677142542
1.7756996154785156,-0.6609655780823737,0.6604980724246997,0.13192466704650793,-1.3371639887887057,-1.3917975620300496,1.131093481656995,-5.864214595225682,0.9011138659726177,-5.479151890878311,-0.09747597703478644,-0.819422434447566,-0.4038805497333083,3.103365107173584,-0.3872950712787073,-0.5230034033404749
1.7777276039123535,-0.6609775306613503,0.6604864791836443,0.13194005832768319,-1.337163183013308,-1.3917946531836218,1.1311414911758884,-5.7817067606741706,2.283214097939979,-6.537265231478526,-0.12668502858508246,-0.779516885934833,-0.3944919664906532,3.1033732134052734,-0.3872759977923792,-0.5229609648333948
1.7797560691833496,-0.6609463188933856,0.6605109021736839,0.13194652996873257,-1.3371402413418723,-1.3917830485170624,1.1311085309872557,-6.027762233706226,2.1411449295866096,-6.080728134604447,-0.11895488573564772,-0.7826897439371984,-0.39398143305028893,3.1033736902424316,-0.38725167909731084,-0.5230000654803675
1.7817838191986084,-0.6609578119397536,0.6604998886651301,0.13195686583996485,-1.3371633318423015,-1.3917849277463674,1.1311219940273936,-5.77052105468069,1.6927955018532241,-5.752893516200715,-0.10962438338143152,-0.7842410383504383,-0.3972309209358968,3.1033922868916015,-0.38726741472353154,-0.5229838530169886
1.7838118076324463,-0.6609516344686869,0.6605079767854736,0.13199768605928358,-1.3371447176056048,-1.3917729188364185,1.1311225458934253,-6.21814004446959,2.2532125757346493,-6.033795468680398,-0.12355392812468452,-0.7773803915199888,-0.38141757680291793,3.1034132677265625,-0.38725167909731084,-0.5229647795306605
1.7858397960662842,-0.660949612451706,0.6604985338881824,0.13198739196695203,-1.3371357655256841,-1.3917916543906919,1.1311340135656927,-6.58600899472906,1.5338632550322782,-5.608885161729505,-0.11810063322671933,-0.7917205372877789,-0.3748412852627849,3.103417082423828,-0.38723642030824834,-0.5230000654803675
1.7878704071044922,-0.6609528440323373,0.6604978115154992,0.13199499971875903,-1.337088163995082,-1.391805013336935,1.1311063586656527,-6.140594454694221,1.3986076834708057,-5.654714263574469,-0.10952613329658792,-0.7715495699573283,-0.38372489052023223,3.1033899027058105,-0.38723642030824834,-0.5230115095721644
1.7899079322814941,-0.6609399582205251,0.6605109295997137,0.13199056552353117,-1.3371733696351253,-1.3917738588859794,1.1311420617626962,-5.971492249915931,1.61478251677201,-5.700289438986165,-0.10929479514349057,-0.7648130138495385,-0.3837127038065382,3.1034561830708007,-0.38723642030824834,-0.5229962507831019
1.7919363975524902,-0.6609438252468953,0.6605134971700805,0.13201133338149762,-1.3371607990898866,-1.3917793223843866,1.1310858487324662,-6.303000171567457,1.8291757833152125,-5.864299068855952,-0.118901117092338,-0.7593494169721915,-0.3750416513622974,3.1034528452106933,-0.3872745672809046,-0.5230076948748987
1.7939951419830322,-0.6609393578528433,0.6605114800112586,0.13200230337267657,-1.3371869491232717,-1.3917759205828326,1.1311386282423228,-6.610476859843674,2.167929170429206,-5.907721770444961,-0.1339952736471329,-0.7615450201635526,-0.3556275942106657,3.1034881311604003,-0.3872435728656214,-0.5230076948748987
1.796032428741455,-0.6609351454992259,0.6605233126586701,0.1320589469129324,-1.3371430912647058,-1.3917730933920454,1.1310850853121934,-6.711474134545296,0.7377883191734869,-5.073707951182433,-0.09767236204063515,-0.7819783917847872,-0.3723820940983428,3.1035005289265136,-0.38725549379457647,-0.5230076948748987
1.798074722290039,-0.6609233039357477,0.6605255534664081,0.13204849211836783,-1.3371580445951445,-1.3917557841193382,1.1311032983736213,-6.444886618166765,1.3110911212655076,-5.5675392751571735,-0.11561010003851524,-0.7600930782202242,-0.3701639830885553,3.10347764074292,-0.38723975816835576,-0.5229924360858362
1.8000974655151367,-0.6609328922229275,0.6605189780511603,0.1320865693345445,-1.33708994257507,-1.391788300857823,1.1310845719408782,-6.701256346475331,1.6925124575707473,-5.968231757833928,-0.13220716379895797,-0.7496767561488421,-0.3557676589366787,3.1035005289265136,-0.3872278372394007,-0.5230239073382776
1.8021178245544434,-0.6609345863337905,0.6605187287371883,0.1320663067797919,-1.3371820307205229,-1.3917705923435608,1.1311262495809078,-6.777364524944821,0.6584187954255554,-4.849706720607552,-0.09848973893798171,-0.7661731159576097,-0.36487874862320324,3.103555842036865,-0.3872435728656214,-0.5230076948748987
1.804138422012329,-0.6609260316596972,0.660523750358052,0.1320583737729826,-1.3371765197925702,-1.3917699045804184,1.1311141214443428,-6.669509947658829,1.332996377890622,-5.5052793654402805,-0.12067898110837438,-0.7351923359314335,-0.3672410276360641,3.1035448747822265,-0.38723975816835576,-0.5230239073382776
1.8061585426330566,-0.6609170950493991,0.6605320405607557,0.13208406226028196,-1.3371895154825661,-1.3917490736226754,1.1310970550116728,-6.975841344540007,1.620610953287456,-5.559296988366832,-0.13132383359516525,-0.741503567755002,-0.35386183576652935,3.103548689479492,-0.38725072542299444,-0.5230038801776331
1.8081796169281006,-0.6609271664275502,0.6605154510394742,0.13207050734475267,-1.3371572750787557,-1.391776451825218,1.1311173408181685,-7.18403739003513,0.8811568199292888,-4.873612253971217,-0.11056664480543704,-0.7620247322591011,-0.34923502857581273,3.1035324770161132,-0.3872316519366663,-0.5230239073382776
1.8102030754089355,-0.660915229782459,0.6605300629688375,0.13211354202264047,-1.3371643289347745,-1.3917518201577896,1.1311099032401284,-6.812488180660265,0.8375733030893809,-5.224105109720445,-0.11765692130288341,-0.74024710694062,-0.364744681374494,3.103564901942871,-0.3872278372394007,-0.5230005423175257
1.8122305870056152,-0.6609264997430409,0.6605187979384466,0.13212528184567643,-1.3371571650018093,-1.391781568221644,1.1311330621169942,-7.117083083835281,1.5504510186174374,-5.740490087512779,-0.13164347004561905,-0.7346840315143979,-0.344961826096645,3.1036273676105957,-0.3872159163104456,-0.5230358282672327
1.8142588138580322,-0.66091691431786,0.6605265454394945,0.13211566605473687,-1.337182155822035,-1.3917618731178905,1.1311162304562192,-7.179769716346066,0.1616725057177854,-4.747315648043273,-0.10255013084806372,-0.7571152571854465,-0.3546902694123672,3.103604479427002,-0.3872316519366663,-0.5230239073382776
1.8162868022918701,-0.6609188266906345,0.6605192909620179,0.13214470746466292,-1.3371439338388926,-1.3917764474222274,1.1311110154582724,-7.02216627141504,1.107230387300545,-5.285030562621772,-0.12058981874514856,-0.7291255457583558,-0.3492446122473257,3.103609247798584,-0.38721973100771123,-0.5230358282672327
1.818314790725708,-0.6609333610282422,0.6605037056815366,0.1321233917861123,-1.3371955761570664,-1.391786031830861,1.1311508313238428,-7.525247939969832,1.5224534276370725,-5.646489924716528,-0.13166197763657772,-0.7310131323421233,-0.3365385603564893,3.1036440569111328,-0.3872316519366663,-0.5230358282672327
1.820343017578125,-0.6609097244488344,0.6605342682500036,0.13215187394045844,-1.3372026702119741,-1.391760593370449,1.1311250842109457,-7.334137590877318,0.6098762366159877,-4.620235408127543,-0.10289897003221424,-0.7450844387657236,-0.3556975863423208,3.103691263789795,-0.38722354570497686,-0.5230439344989222
1.822394847869873,-0.6608870739972628,0.660549237440562,0.1321598809691965,-1.3371927803978834,-1.3917341644194006,1.13109913806802,-7.3836822682025725,1.5681240865509831,-5.704400932643329,-0.13423783674649917,-0.7212310180239507,-0.3422642039419917,3.103648825282715,-0.3872159163104456,-0.5230320135699671
1.8244242668151855,-0.6609129799603328,0.6605288751233778,0.1321610933466187,-1.3372144464217866,-1.3917541215923508,1.13112107312508,-7.701895323539877,0.46221471571074474,-4.975293733277537,-0.11579237908006533,-0.7376403919135449,-0.3475275789268209,3.103680296535156,-0.38723880449403936,-0.523024861012594
1.8264656066894531,-0.6608750204039959,0.6605649483407239,0.13215089329587626,-1.3372383682894302,-1.3917224555225651,1.1310537910830447,-7.434247101863348,1.0187975608687476,-5.357167054831652,-0.11960618245239849,-0.7125320297794064,-0.3532827044835703,3.103672667140625,-0.38725454012026006,-0.5230596701251429
1.828507900238037,-0.6608992682678023,0.6605399813655171,0.1321565063760407,-1.3372235794716367,-1.3917535163994614,1.1311065801304672,-7.6595934820075104,1.1931892627591072,-5.795213098238744,-0.13945952187161909,-0.7134715326345664,-0.34465645778861703,3.1037041383930664,-0.38723546663393194,-0.5230596701251429
1.830535888671875,-0.6609021546925008,0.6605342437189542,0.13218046755497947,-1.3372410964241925,-1.39175037455386,1.1311454796274512,-7.883561207558986,0.23881833675565012,-4.699921665658341,-0.10824532136651034,-0.7372273888000985,-0.3483284831074815,3.103750391597412,-0.38721973100771123,-0.5230439344989222
1.832563877105713,-0.6608801009441736,0.6605577504742066,0.13221031114494802,-1.3372116664285902,-1.391724088689415,1.131103235102752,-7.787570083975519,1.3000133471661046,-5.145665851068627,-0.12549828666666854,-0.7045660451423189,-0.34254707787535027,3.1037279802509765,-0.3872125784503382,-0.5230320135699671
1.8345916271209717,-0.6608693620977735,0.6605577851208093,0.13219802852203263,-1.3372324269259597,-1.3917129528378573,1.1311066012388713,-8.16207303603683,1.5482860200141497,-5.536954716631443,-0.1386842526315572,-0.711943189207681,-0.32553754395021767,3.10370842992749,-0.3872111479388636,-0.5230320135699671
1.8366198539733887,-0.6608854515891454,0.6605431257747404,0.13218642540346273,-1.3372656905054996,-1.3917308774430825,1.1311603126563,-7.744393670378464,-0.05944347882710571,-4.887792573040743,-0.10631739765271199,-0.7276591337800261,-0.3415891644757985,3.1037675577351074,-0.3872035185443323,-0.5230401198016565
1.8386478424072266,-0.6608871767990396,0.6605305360609048,0.1321853355311319,-1.3372549600606811,-1.391751703062521,1.131146348344403,-8.04705336110587,1.3404231536744478,-5.837461296014588,-0.13557743635750535,-0.7079836260483753,-0.3177958573172088,3.1037604051777343,-0.3872111479388636,-0.5230749289142054
1.8406758308410645,-0.6608757747524076,0.6605465544657021,0.13221923225178678,-1.3372341384626003,-1.3917457032131473,1.1311216238625446,-8.121901202893719,1.0744974725825394,-5.7663981550889165,-0.14468912524852884,-0.7057470971382928,-0.3170842036045575,3.103792353267334,-0.3872035185443323,-0.5230868498431605
1.8427038192749023,-0.6608771468232468,0.6605523658016346,0.13224549331530439,-1.3372710282194133,-1.3917201513130908,1.1311398035712703,-8.14328159618592,0.04839406414104114,-5.119832841388241,-0.11440331613862068,-0.7205807885277004,-0.324496741433404,3.1038271623798828,-0.3872111479388636,-0.5230401198016565
1.8447318077087402,-0.6608744214032989,0.6605376424219166,0.13222353879107882,-1.3373092075334312,-1.39171734390817,1.131204479912021,-8.397126508836218,0.6699680228203532,-5.4630336205128645,-0.13514534396386704,-0.7175024585010386,-0.3035336095136987,3.103831930751465,-0.3871834913836878,-0.5230329672442835
1.8467600345611572,-0.6608559702168959,0.6605646051279219,0.1322495179997776,-1.3372766633419801,-1.3917142364179673,1.131146438339404,-7.97217561789999,0.5121781420681683,-5.373934438460916,-0.13334641491365143,-0.7066702148720146,-0.3088121413151459,3.1038595873066406,-0.3871834913836878,-0.523071591054098
1.848787784576416,-0.6608553265662606,0.6605573287854749,0.132219618368972,-1.3373711656166365,-1.3916953598454076,1.1311951438616168,-8.248138293542128,0.06781962211070502,-4.983358783578892,-0.12002342756890094,-0.7238794434244992,-0.30202956254336333,3.103886767024658,-0.3871958891498011,-0.5230520407306116
1.850816011428833,-0.6608444738216991,0.6605725783250599,0.13227610635684078,-1.3372740903977491,-1.391695578287949,1.131123814492015,-8.322761616953198,0.4593817265900084,-5.510944106141736,-0.13339930751239898,-0.7088088983230322,-0.29647534651218077,3.103848620052002,-0.38718873659242803,-0.5230558554278772
1.852843999862671,-0.6608442788582835,0.6605723768106557,0.13224615313621044,-1.3373454681809833,-1.3916996941775157,1.1311254625547407,-8.03853989559115,0.2948081648897554,-5.17384871213927,-0.12482658548165854,-0.7097354052053302,-0.30169892405607646,3.1038991647907714,-0.3872183004962366,-0.5230916182147425
1.8548717498779297,-0.6608683285978727,0.6605371091345533,0.13226030725273444,-1.3372845321164846,-1.391740312584224,1.1312000751624753,-8.28912853179731,-0.09599509031142284,-5.16589098569914,-0.12621298195000663,-0.7226751991750051,-0.300223645199792,3.1038991647907714,-0.38716394106020147,-0.5230868498431605
1.8568997383117676,-0.6608693245558048,0.6605506679389994,0.13227218450020026,-1.3372904235388117,-1.391731346723026,1.1311477368746747,-8.117573365176689,0.2657656365131302,-5.6123657927384585,-0.1353769752843092,-0.7184219364850826,-0.28918018336255485,3.1039039331623535,-0.3872035185443323,-0.523083511983053
1.8589277267456055,-0.6608348981035339,0.6605832599837841,0.13226089617704484,-1.3373566831141408,-1.3916758782542193,1.1311260511971968,-8.140506623884432,0.16396108240306945,-5.605378613539545,-0.13066231479871465,-0.7146131724768507,-0.2929407607134307,3.103900118465088,-0.387214485798971,-0.5230639616595667
1.8609561920166016,-0.6608573548921987,0.6605667702045771,0.13228127199765144,-1.3373203606465274,-1.3917147293191414,1.1310938116882292,-8.234957665625188,-0.10769762461398036,-5.185750712225414,-0.11932889827742088,-0.721308884752028,-0.2890165904126176,3.1039158540913085,-0.387242619191305,-0.5230954329120081
1.8629839420318604,-0.6608471074774076,0.6605527238934272,0.13229389710399692,-1.3373540760688516,-1.3916849895424561,1.1312364833076503,-8.598485487137363,-0.13390708937584056,-5.402777559872329,-0.12464245562979816,-0.7238717237686223,-0.28758962815554606,3.1039396959492187,-0.3871524969684046,-0.5230258146869105
1.8650119304656982,-0.6608382077869376,0.6605741900586114,0.13230117644828862,-1.3373379714553448,-1.3916873435655641,1.1311246549629197,-8.49763609643958,0.3198842749082951,-5.390489534596651,-0.12832112399654763,-0.7272197497125479,-0.2801933044190612,3.1039277750202636,-0.3872111479388636,-0.523071591054098
1.8670399188995361,-0.6608442238570443,0.6605519641757217,0.1323037263900249,-1.3373395720576404,-1.3917039304542909,1.13118659901283,-8.309916882023357,0.1578282583813947,-5.604367551396958,-0.13114383909393737,-0.7182570463436335,-0.2813462299354505,3.103947802180908,-0.38717633882631475,-0.5230758825885218
1.869067907333374,-0.660838841626938,0.6605638839659047,0.132323181373429,-1.3373402500769678,-1.3916931197584155,1.1311885076379897,-8.474003171234507,0.058527046932526416,-5.204807220174761,-0.12867027570275869,-0.7186958111051751,-0.283405705413174,3.1039797502705078,-0.3871672789203089,-0.5230677763568323
1.8710970878601074,-0.6608353956111163,0.6605673765894078,0.13230104418035663,-1.3373537762343235,-1.391699693402477,1.13117162206446,-8.58348463941416,-0.23652044117807125,-5.343555807206929,-0.1251421049895921,-0.7191169841246233,-0.27851908147539706,3.1039835649677734,-0.38717967668642217,-0.5230987707721155
1.8731250762939453,-0.6608389152968104,0.6605661912764275,0.13232119431261294,-1.3373687026322327,-1.3916974372762132,1.131149571982907,-8.783192695154566,-0.05552941800217376,-5.2723405673747346,-0.12990471461803357,-0.7239068144580498,-0.26959189947276885,3.1039997774311523,-0.38720733324159795,-0.5230954329120081
1.8751537799835205,-0.6608402778885466,0.6605631968452893,0.1323116685169341,-1.337464527424996,-1.3916636006077523,1.1312520745258214,-8.594781362986252,-0.2324054905640704,-5.597329984211981,-0.12842205332357298,-0.7170730025529407,-0.2680452670162266,3.104062243098877,-0.3871834913836878,-0.5230329672442835
1.8771817684173584,-0.6608292730429635,0.6605776842045411,0.132335222983384,-1.3373933728802638,-1.3916821561981003,1.1311596936049244,-8.820286312999988,-0.01991417900646969,-5.168221285063179,-0.12871280008134112,-0.7190491983422699,-0.264368217085716,3.1040426927753906,-0.3871997038470667,-0.5230916182147425
1.8792097568511963,-0.660817991230645,0.660580253492377,0.13232763638298134,-1.3374532217496296,-1.391646865344967,1.1312163499394898,-8.860416117075339,0.3004577611463354,-5.390630355397799,-0.1377046308736187,-0.7077213476370715,-0.2592216426238678,3.1040512758442382,-0.38717967668642217,-0.5230448881732386
1.8812527656555176,-0.6608133515230947,0.6605900177317147,0.13234638099650883,-1.3374118050767745,-1.3916559740368548,1.1311652152048566,-8.76153911610656,-0.18317390745011908,-5.485532608003377,-0.1304231509634566,-0.7045703808058511,-0.2657020636209289,3.1040474611469726,-0.38718873659242803,-0.5230725447284144
1.8832807540893555,-0.6608084496750679,0.6605894743959497,0.13235626284581087,-1.3374060910949916,-1.3916584189118604,1.1311400753653984,-9.020842209953885,-0.15828133628498206,-5.311353604884072,-0.12457816605097047,-0.7116956978881885,-0.25870743927008755,3.1040403085895996,-0.3871997038470667,-0.5230878035174769
1.8853092193603516,-0.6608206811165319,0.6605789867038668,0.13233786033542771,-1.3375051339770008,-1.3916522006906966,1.131203152291232,-9.0632602667622,-0.523160509542651,-5.309213630291589,-0.12831078719008232,-0.7176084961261319,-0.2571367232438495,3.104118509883545,-0.387214485798971,-0.5230725447284144
1.8873367309570312,-0.6607940295606777,0.6606054739649356,0.13238987791766615,-1.3374286783337666,-1.3916367287670852,1.1311482203879883,-9.263399334815311,-0.3421302436035898,-5.223497897740867,-0.125866496676882,-0.7164365292253934,-0.2472445550949151,3.1040989595600585,-0.3871873060809534,-0.5230796972857874
1.8893647193908691,-0.6608144796368443,0.660578172968778,0.13237680568215127,-1.3374007076927128,-1.391666971416352,1.1311911815519093,-9.306361601743294,-0.2671325781746935,-5.254731704610009,-0.12545524805723487,-0.7064757879652124,-0.2425609907352447,3.104079409236572,-0.3871672789203089,-0.5230796972857874
1.8913929462432861,-0.6608123896746574,0.6605819037271824,0.13237087909350595,-1.3374629474743571,-1.3916537120362467,1.1312272880310263,-9.399711652959635,-0.11728411914191689,-5.16659899562006,-0.129635636189379,-0.7047516015474352,-0.24298107459110135,3.1041385370441894,-0.3871672789203089,-0.5230725447284144
1.893420696258545,-0.6607958429883755,0.6605991722157583,0.13240517037084656,-1.3374368799554583,-1.391645049771983,1.1311661530787962,-9.395960402440801,-0.0718367801918105,-5.457677707737627,-0.13590462587969424,-0.6953929241871796,-0.24842486900620903,3.1041385370441894,-0.38717967668642217,-0.5230916182147425
1.8954486846923828,-0.6607941954449844,0.6605905158644101,0.13238481427941962,-1.3374845837142288,-1.3916319255657532,1.1312220784187657,-9.311590864217928,-0.33209733441181805,-5.452510867511973,-0.131173529947486,-0.6921299330432166,-0.24869534482802114,3.104142351741455,-0.38716394106020147,-0.5230677763568323
1.897477149963379,-0.6607955118121152,0.6605970192571625,0.1324047415935404,-1.3374778468173079,-1.3916241523361943,1.1312040570505062,-9.494044674083577,-0.3894571929623898,-5.318330725073098,-0.1317051449959203,-0.6943786010919762,-0.24678552379451538,3.104147120113037,-0.38717490831484014,-0.5230520407306116
1.8995048999786377,-0.6607959602015342,0.6605962011183861,0.13242755000804626,-1.3374230585147637,-1.3916555974845515,1.1311725491544113,-9.713363440932532,-0.6504476774844136,-5.166069564142227,-0.12911033687179949,-0.6994421016604575,-0.24811168731001196,3.104170961970947,-0.3871672789203089,-0.5231073538409632
1.9015328884124756,-0.6608050095039814,0.6605970101121997,0.13244979072719282,-1.3374155892498663,-1.391660326169576,1.1311515344621443,-9.692406587362887,-0.6621529755626978,-5.316801921758778,-0.12918347623949228,-0.6929153285547801,-0.24506921079349459,3.1041909891315917,-0.3871873060809534,-0.5231035391436976
1.9035608768463135,-0.660774303771414,0.6606147191967737,0.13242367543090636,-1.3374770341457758,-1.3916203257251458,1.1311713903488485,-9.941405944563986,-0.3876314489808687,-5.189776183046358,-0.1293187074355864,-0.6940955699691052,-0.24310300461083656,3.1041862207600097,-0.3871710936175745,-0.5230954329120081
1.9055888652801514,-0.6607991976918536,0.6605915424238027,0.13243508868748835,-1.3374428116064208,-1.3916536122661742,1.131211221003264,-9.83350823031337,-0.31183244808451965,-5.28214454423636,-0.13177214132341603,-0.6942198991401148,-0.24694168094226468,3.1042067247578125,-0.3871524969684046,-0.5230954329120081
1.9076166152954102,-0.6607813252354329,0.6606206085793779,0.13249112047182332,-1.3374010913148366,-1.391623633168612,1.1311095516485379,-9.936707421484961,-0.33683822484506276,-5.239704501167537,-0.13167914342596032,-0.6971747931500495,-0.24912453857669,3.1041719156452636,-0.3871873060809534,-0.5230758825885218
1.9096448421478271,-0.6607856312243702,0.6606034874076147,0.13243957481206695,-1.337546744343274,-1.3916019805955289,1.131217991166096,-9.994680859350076,-0.15169166070319423,-5.352851783655687,-0.12708250213824052,-0.687398272429594,-0.24217420316163007,3.1042305666157226,-0.3871873060809534,-0.5230448881732386
1.9116730690002441,-0.6607850164816549,0.66060459217521,0.1324716340978054,-1.3374692164487032,-1.3916303268540116,1.1311923911149557,-9.957524893550328,-0.19770971750119254,-5.432737421243852,-0.1304841160957291,-0.689064911268329,-0.23815362611669563,3.104242964381836,-0.38716394106020147,-0.5230868498431605
1.913700819015503,-0.6607822481227604,0.6606140777015161,0.132460418884764,-1.3375091243333368,-1.3916219914132937,1.1311787980975647,-10.028673100542624,-0.29735424893475904,-5.400751474595623,-0.13222059241974377,-0.6960420144584478,-0.24136950835907006,3.1042701440998535,-0.3871873060809534,-0.5230954329120081
1.9157288074493408,-0.6607863993929269,0.6606109924981053,0.13244924923552956,-1.3375397738478711,-1.3916173379082601,1.1311798112416556,-10.18540829574032,-0.5547694967377418,-5.142000955782601,-0.1294865451197807,-0.701760161829462,-0.24260319426428123,3.1042701440998535,-0.38720685640443975,-0.5230868498431605
1.9177567958831787,-0.6607984074401614,0.6605949903552321,0.13247727130406317,-1.3375017677637537,-1.3916359412369894,1.1311854869797175,-10.134345275565936,-0.35045406441188875,-5.3577137343598125,-0.12973025782335723,-0.6900885046903638,-0.24545706755776925,3.104266806239746,-0.3871997038470667,-0.523083511983053
1.9197847843170166,-0.6607753334674242,0.6606144310692705,0.13250003363539983,-1.3375030985452652,-1.3916036599815305,1.131171158141717,-10.222824570552365,-0.513450544585177,-5.22338454888064,-0.12917453482662114,-0.6927552018918386,-0.24694915086328978,3.104259176845215,-0.3871873060809534,-0.5230639616595667
1.9218130111694336,-0.6607792184055405,0.6605967544725428,0.13247455852604406,-1.3375306644109561,-1.3916171674231697,1.1312443717834604,-10.156321884243749,-0.32059304671882344,-5.320999043397517,-0.12269710329834169,-0.6883248952997998,-0.2397962807364024,3.1042868334003906,-0.3871524969684046,-0.5230758825885218
1.9238407611846924,-0.6607808902316257,0.6606086952330007,0.13250249555000007,-1.3374945766970359,-1.391625121060942,1.131179912375222,-10.175299753959234,-0.8226908757586817,-5.2674012490037265,-0.12430332803313442,-0.6883649839825543,-0.24636543161606173,3.1042954164692382,-0.38717967668642217,-0.5230954329120081
1.9258687496185303,-0.6607904253695914,0.6606025525195842,0.13250298094188906,-1.3374856027591122,-1.3916420066838846,1.1311543772358819,-10.285182658746711,-0.7507901662964939,-5.151238448783517,-0.1275684859436342,-0.6933707710430169,-0.24187650360147153,3.1042954164692382,-0.3872030417071741,-0.5231145063983362
1.9278967380523682,-0.660778535855385,0.6606138976814185,0.13253136333542828,-1.3374868248967833,-1.3916203007747014,1.131160410724481,-10.13064388409842,-0.45769356453696286,-5.355569634837369,-0.12700131785286956,-0.6878430372845905,-0.2332351938906249,3.104311152095459,-0.3871873060809534,-0.5230916182147425
1.929924726486206,-0.660779034995086,0.6606086408484778,0.13252661173702315,-1.3375214664733064,-1.3916307734875428,1.1311696029421014,-10.148583805212914,-0.5141488037091176,-5.320854858703665,-0.12850768313993746,-0.6929158468515589,-0.2322089858828416,3.104357882136963,-0.3871958891498011,-0.5231226126300257
1.93196702003479,-0.660761108676172,0.660634622664332,0.1325665358075443,-1.337498592921018,-1.3915935676511184,1.1311457912464853,-10.15823269638585,-0.6112854872996571,-5.305580364928269,-0.12518515402741226,-0.6908844369348045,-0.23312153783081377,3.104346914882324,-0.3871834913836878,-0.5230796972857874
1.9339947700500488,-0.66076445967447,0.6606185477411007,0.13255484000014256,-1.337529518025831,-1.3916088667278665,1.1311939598832634,-10.272531718758483,-0.5577266168009476,-5.3812834634185815,-0.12984917885502578,-0.6881989759901216,-0.22622090272677045,3.1043869692036132,-0.3871672789203089,-0.5231025854693812
1.9360229969024658,-0.6607680453757425,0.6606167600358471,0.13257491137695532,-1.3374821918140805,-1.3916159331285383,1.1311845803748857,-10.24489305710419,-0.2420552477864959,-5.410441908697311,-0.1318508466090929,-0.6924880447509615,-0.21574530059713057,3.104367418880127,-0.387155834828512,-0.5230954329120081
1.9380507469177246,-0.6607778972219871,0.6606071155352866,0.13258346389126482,-1.3375087248699324,-1.3916213026927227,1.131201690837489,-10.331092110076325,-0.21111253927165993,-5.135680530141624,-0.12654873150018947,-0.7001251881545657,-0.20701960600543615,3.1044022279926757,-0.3871672789203089,-0.5230916182147425
1.9400787353515625,-0.6607645618836461,0.6606303361843243,0.13260676945330435,-1.3374727808895268,-1.3916206799873894,1.131149823171638,-10.16892021426902,-0.7782569392037402,-5.099435523945129,-0.1267122027436972,-0.6951573004196832,-0.2186103052571716,3.1044232088276367,-0.3871672789203089,-0.5231226126300257
1.9421088695526123,-0.6607701915185817,0.6606222419249125,0.1326301853479483,-1.3374588856154117,-1.391616189241412,1.131128238695402,-10.13619152849564,-0.8430638059526498,-5.170814928851314,-0.12765786314209965,-0.689196505644392,-0.21879810208598144,3.1043879228779296,-0.3871873060809534,-0.5230954329120081
1.9441368579864502,-0.6607847993965883,0.6606115232377895,0.13261622457966243,-1.3375163038123064,-1.39160851592201,1.1311952574721178,-10.11860944813369,-0.8113312736363392,-5.433473040924415,-0.1350996214606471,-0.688976675000606,-0.20911303721362165,3.104426546687744,-0.3871834913836878,-0.5230568091021937
1.946164846420288,-0.6607819569533029,0.6606067294644145,0.13262619604405004,-1.3375149150758392,-1.3916167054630422,1.1312220701523408,-10.04295855779672,-0.6510830590022769,-5.5367320467804095,-0.13873534427030904,-0.6954256402503846,-0.19719426585088837,3.104458971614502,-0.38715964952577764,-0.5230725447284144
1.9481925964355469,-0.6607984245666403,0.6605951066989887,0.13266540782050246,-1.3374683658056548,-1.3916401893937154,1.131205016645306,-10.093344353358315,-0.9098325653322206,-5.1795966249386245,-0.12953451632399107,-0.696965233385576,-0.20941763707214472,3.104470892543457,-0.3871672789203089,-0.5230758825885218
1.9502208232879639,-0.6607757309232857,0.6606119306448832,0.13265209270623,-1.3374804368926192,-1.3916145724124611,1.1311757444465114,-10.216859108798023,-0.4258078862861299,-5.095535505295192,-0.1250223969500752,-0.697957718303783,-0.21626912145110316,3.1044322687336425,-0.3871710936175745,-0.5230758825885218
1.9522488117218018,-0.660771576294503,0.6606286734228404,0.13266651125474066,-1.3374769067990848,-1.3916102786327254,1.1311696336576416,-10.065712475610452,-0.5866390770946592,-5.546987226398668,-0.1303066052519499,-0.6998480909041612,-0.21952175510624689,3.1044794756123046,-0.38716394106020147,-0.523083511983053
1.9542768001556396,-0.6607805641252329,0.6606105565505875,0.13269294911375323,-1.3374852803316746,-1.391621802203786,1.1312076601439152,-10.03894941465457,-0.7270344877945489,-5.915642358388404,-0.13658422762597305,-0.7015849781782134,-0.20255214595647927,3.1045190530964355,-0.3871524969684046,-0.5230796972857874
1.9563047885894775,-0.6607888818847315,0.6606067549788065,0.13267136508002708,-1.337537643518366,-1.3916197760497273,1.1311951044358282,-10.034230399343983,-1.4833925380907098,-5.266656703177421,-0.1243473311109356,-0.7101326565340447,-0.1980567162721149,3.1045262056538085,-0.3871958891498011,-0.5230796972857874
1.9583327770233154,-0.6607663655359897,0.6606211074311139,0.13269913373529324,-1.3374903559769544,-1.3916076655592207,1.1311858148621443,-9.863030946010621,-0.9743703730073325,-5.3347342506215085,-0.12976448018675937,-0.6942340384798256,-0.19519646853017536,3.1045114237019042,-0.387155834828512,-0.523083511983053
1.9603641033172607,-0.6607813548799991,0.6606156508742906,0.1327056670146911,-1.3374811861675078,-1.3916294210168991,1.1311433516844072,-9.75581709110603,-0.47986954704232854,-5.340356822918772,-0.12736189310643847,-0.6818265189326006,-0.20478995645024908,3.104522390956543,-0.3871958891498011,-0.5231073538409632
1.9624319076538086,-0.6607900241388913,0.6606098773174024,0.13272997938010905,-1.3374586716237826,-1.3916276069051412,1.1311452235200736,-9.891979710061543,-0.4795141890922515,-5.073015280248372,-0.128990403398141,-0.6861326452677704,-0.22096030897603636,3.104508085841797,-0.3871958891498011,-0.5230758825885218
1.9644598960876465,-0.6607975926457731,0.6605990467091362,0.13274888731873258,-1.3374789354998653,-1.3916388987534467,1.1311807326895291,-9.952503022480636,-0.7986040022686819,-5.286939711705884,-0.1227611044870411,-0.6970138155446562,-0.2283743040128433,3.1045705515095214,-0.3871873060809534,-0.523083511983053
1.9664978981018066,-0.6607713755063604,0.6606361103281869,0.13276603882827465,-1.3374660303978942,-1.3916055163886776,1.1311237467407949,-9.827345684880271,-1.203176365341524,-5.693329270626261,-0.12126975168020168,-0.7041270818636133,-0.216249812968389,3.1045633989521484,-0.38719064394106084,-0.5230796972857874
1.9685261249542236,-0.66079452414296,0.6606185354288356,0.1328211840284899,-1.337432312748215,-1.3916164070586106,1.1311499667815172,-9.764470485645322,-1.0923845978179172,-5.830660140638662,-0.12569438198444774,-0.7045874158702543,-0.2015610123478702,3.1045872408100585,-0.3871834913836878,-0.5230367819415491
1.9705538749694824,-0.6607899913766668,0.6606113161535809,0.13280357438805387,-1.3374165189800409,-1.3916365035372482,1.1311537353974699,-9.806859522948885,-1.154163228554102,-5.743895045969634,-0.12494152029191051,-0.7096667907382314,-0.19619245989972006,3.1045800882526855,-0.3871672789203089,-0.5230796972857874
1.9725821018218994,-0.6607885796833856,0.6606289094500983,0.1327962604737693,-1.3375207660679218,-1.3915954049190296,1.1311587293575185,-9.89883736008838,-0.839435838962639,-5.473050688858737,-0.11730605532852066,-0.7105785067410206,-0.2017102748140264,3.1046344476887207,-0.3872111479388636,-0.5230367819415491
1.9746098518371582,-0.6608135286435064,0.6605932213492605,0.13280191788040782,-1.337450001820412,-1.3916496657262014,1.1311943361208665,-9.892957324528094,-0.6784332900669672,-5.265618040806064,-0.12266549916884335,-0.7042243914253633,-0.2176469287145577,3.1046220499226074,-0.38717967668642217,-0.5230639616595667
1.976637840270996,-0.660792877532538,0.6606204411570029,0.13284993463637196,-1.3374171806530848,-1.3916187418298653,1.1311512327335584,-10.00954120552471,-0.2366380218612851,-5.249637603356893,-0.1258006789523578,-0.6962887786884672,-0.21670384750063004,3.104616327876709,-0.3871725241290491,-0.5230401198016565
1.978665828704834,-0.6607994469616331,0.6606243456181254,0.132849777516459,-1.3374578101616714,-1.3916268230737643,1.1311071263594812,-9.957280648553882,-0.269390086819817,-5.376194278420327,-0.12118362982903233,-0.6950858410037083,-0.21514114858081126,3.104663057918213,-0.3872268835650843,-0.523071591054098
1.980694055557251,-0.6607806520235318,0.6606348405490701,0.13287104352680149,-1.337478675416363,-1.391595709126496,1.131124057523866,-9.94189008828888,-0.7295833705986488,-5.394163011831485,-0.11953470965151762,-0.6997171314585612,-0.2042562720074161,3.1046711641499023,-0.38720733324159795,-0.5230439344989222
1.9827218055725098,-0.6607905486105214,0.6606257409493232,0.13289448688865957,-1.3374022809860144,-1.3916313603890968,1.1311222963404743,-10.018736848811297,-0.8090844329359466,-5.595666931116291,-0.1202507639860024,-0.703556287841487,-0.19596679040116333,3.10467974721875,-0.38717967668642217,-0.5230749289142054
1.9847638607025146,-0.6608016737383277,0.6606259768529509,0.13289946049368123,-1.3374370198848171,-1.3916203276301857,1.1311193502721437,-10.001969220666327,-1.4268909278034057,-5.416093089493982,-0.11219845964260129,-0.710984158620469,-0.20095212515454974,3.1046954828449707,-0.3872111479388636,-0.5230439344989222
1.9867920875549316,-0.6607884090175656,0.6606328270997297,0.13291542850241278,-1.3374841931038823,-1.3915981163944051,1.1311526858364194,-10.073123670662179,-1.018590745511096,-5.4683754717486295,-0.11178104990701276,-0.6980137823318664,-0.20396843850270296,3.104747458095215,-0.3871958891498011,-0.5230320135699671
1.9888181686401367,-0.6608015589103624,0.6606237694795338,0.13291302021917645,-1.3374789002981027,-1.391616737405234,1.1311561264875518,-10.132814975817412,-0.32335524902498347,-5.5663037736345,-0.11925930751487082,-0.6874228340380819,-0.1999385574930897,3.1047627168842773,-0.3872035185443323,-0.5230439344989222
1.9908387660980225,-0.6608024456917692,0.6606240467077881,0.13294526154304506,-1.3374409288449125,-1.391617533809998,1.13114429395815,-10.181007317294027,-0.6240099443051511,-5.297976991898117,-0.11701659520246957,-0.6860467942051431,-0.21347892175458857,3.1047555643269042,-0.3871958891498011,-0.5230320135699671
1.9928574562072754,-0.6607927672618596,0.6606305498017729,0.132960701946152,-1.3374529971755043,-1.3916103353270204,1.1311217429791982,-10.08833042830038,-0.8835342025013959,-5.199035511600515,-0.11488974920640552,-0.694032210456478,-0.20466108648748063,3.104771299953125,-0.38720733324159795,-0.5230439344989222
1.9948797225952148,-0.6608053251718331,0.6606226315617582,0.1329812092884351,-1.3374176055613096,-1.3916232150574444,1.1311329327401516,-10.01607607575305,-1.0281031712834263,-5.576144104392187,-0.1207207131215468,-0.6921400516521682,-0.19120828697978554,3.104775591487549,-0.3871958891498011,-0.5230320135699671
1.9969079494476318,-0.660807642779621,0.6606136936086263,0.13297319067763758,-1.3374687705528607,-1.3916170867104871,1.1311528540165297,-10.138923842581178,-1.1728968514933547,-5.659847166171206,-0.11605758007611054,-0.6997847447116959,-0.1743976715533902,3.1047913271137695,-0.3872111479388636,-0.5230239073382776
1.9989356994628906,-0.6608249060108028,0.6606109576711904,0.13300204165644292,-1.3374474752523267,-1.3916292769885776,1.13112852599033,-10.088118790217163,-1.4282672489771107,-5.414166911282371,-0.10919752533238958,-0.698175049331088,-0.17097971007487361,3.104811831111572,-0.38723546663393194,-0.5230162779437464
2.0009636878967285,-0.6608063182432828,0.6606301384858793,0.13305612767178734,-1.3373690522211354,-1.3916321454635492,1.1311192826373113,-10.24308664011867,-1.0659662789790207,-5.5386582450683335,-0.11604096595285415,-0.6987370702440016,-0.17034227266773228,3.104846640224121,-0.38717967668642217,-0.5230391661273401
2.0029921531677246,-0.6608069987846559,0.6606351117724613,0.133071849653355,-1.3374060799687624,-1.391616515707647,1.1310859197564866,-10.238111112204104,-0.9283633191555676,-5.269496504833388,-0.11190752091139701,-0.6924638080400503,-0.17699698449076592,3.104858561153076,-0.38722354570497686,-0.5230239073382776
2.0050199031829834,-0.6608107274342735,0.6606234613476292,0.13307035076738657,-1.3374309543472098,-1.3916109775375451,1.1311238528967433,-10.452901432612876,-0.5460568179424042,-5.265802134471469,-0.12178741337423787,-0.695403373573747,-0.16795668099894326,3.1048595148273925,-0.3872159163104456,-0.5230005423175257
2.0070478916168213,-0.6607791562919764,0.6606561963989765,0.13309599081738227,-1.3374240317696762,-1.391580269211428,1.131089851702245,-10.171393770520272,-1.225188196169224,-4.95381710144337,-0.10444735014694731,-0.6946514378999243,-0.177053744098436,3.1048757272907714,-0.3872001806842249,-0.5230076948748987
2.0090761184692383,-0.6608020079973616,0.6606405251434486,0.13310554493875965,-1.3374354287694445,-1.391600512344489,1.131098236694093,-10.250056205512681,-0.8859107593236333,-5.628802390800619,-0.11483402019070812,-0.6839598710177669,-0.16454600613345055,3.1049114900776367,-0.38722354570497686,-0.5230076948748987
2.0111045837402344,-0.6608131773965269,0.660625678259752,0.13310552871032758,-1.3374181809714116,-1.3916199854141051,1.1311359418138645,-10.296161849489314,-1.285192906532801,-5.102045241545234,-0.1011302487753187,-0.7009735272084444,-0.15425556537904367,3.1049234110065917,-0.3872001806842249,-0.5230115095721644
2.0131332874298096,-0.660816506204241,0.6606302861091663,0.13314811992500958,-1.3373902612438504,-1.3916260387199677,1.1311392361694468,-10.179385809505158,-1.412373138730476,-5.552272059062684,-0.1080917046529451,-0.6922415143620042,-0.15383857526884068,3.1049744325825195,-0.3871849218951624,-0.5230115095721644
2.0151617527008057,-0.6608160705638442,0.6606262690236425,0.13315294711048686,-1.3373785304121812,-1.3916198653388774,1.131106148572683,-10.179260868890966,-1.4882260645293992,-5.099513639863473,-0.1004759289724022,-0.7057492514593967,-0.15231750070835143,3.104919596309326,-0.38720733324159795,-0.5229962507831019
2.0171897411346436,-0.6608130473517335,0.6606310401375386,0.1331491860755658,-1.3374289265749821,-1.3916168386293954,1.131113680418448,-10.127203273421665,-1.4367768920812742,-4.998705724577266,-0.09994693259466349,-0.7082398291336648,-0.15467460943631067,3.1049787241169433,-0.38721973100771123,-0.5230148474322718
2.0192177295684814,-0.6608166585806508,0.6606347429801881,0.13318712457432713,-1.3374161254049144,-1.391599273413915,1.131098387607823,-10.100430377241022,-1.063429407966439,-5.463243003773242,-0.10394353267984723,-0.693725067456146,-0.1502159138486297,3.1049677568623046,-0.3872316519366663,-0.5229681173907679
2.0212459564208984,-0.6608315921286042,0.6606336175638211,0.13321459856868478,-1.337447206140617,-1.3915882836591662,1.1311153090969235,-9.909312471062446,-1.3662330285498185,-5.502039850948712,-0.09733429811747017,-0.7008196922505294,-0.14467080081785122,3.1050149637409667,-0.38725072542299444,-0.5229252020465296
2.0232739448547363,-0.6608172966702547,0.6606410149695483,0.1332304070615656,-1.337427015263937,-1.3915918903684696,1.1310831873401241,-10.11359361751882,-1.4070472568053853,-5.242819735081989,-0.09778578538113032,-0.694141818273338,-0.14279172437069976,3.105019732112549,-0.387247387562887,-0.5229600111590784
2.025301933288574,-0.6608078450020463,0.6606538793393418,0.1332341529103085,-1.3374490817328437,-1.391570836729252,1.1310831697185784,-9.992825709319488,-1.2142726086708295,-5.155419945815044,-0.09799244768298006,-0.6885673575497976,-0.13490033278961228,3.105031653041504,-0.387247387562887,-0.5229442755328577
2.027329683303833,-0.6608045220663417,0.6606623092113322,0.1332492519399893,-1.3374417436584003,-1.3915680297440307,1.1310704940881344,-10.135348081992978,-1.684993129917011,-4.7384211982211735,-0.08489628978865135,-0.6985209256622518,-0.1378827485335428,3.105050726527832,-0.387247387562887,-0.5229480902301233
2.029357671737671,-0.6608150076302868,0.6606426417928171,0.13325517280804997,-1.337422222761632,-1.3915884535543306,1.131128423370816,-10.012160989644006,-0.9830690649517688,-5.4033097736623485,-0.09542138125960162,-0.6822356644885464,-0.1253040024098737,3.1050678926655273,-0.38720876375307256,-0.5229480902301233
2.031385898590088,-0.6608359607544763,0.6606354224884687,0.1332939417823445,-1.3374355025980906,-1.3915942008191458,1.131104067947655,-10.005286549042832,-1.3145648058562396,-5.150944960756403,-0.08969202333654383,-0.6910406553057161,-0.12427373671357902,3.105107470149658,-0.38725549379457647,-0.5229290167437952
2.033413887023926,-0.6608459114204199,0.6606348029756581,0.13329673314680573,-1.3374617791705727,-1.3915908659586627,1.1310875060064003,-10.048417420945123,-1.6588277581858317,-5.027522066705439,-0.08507308240694667,-0.6972645177973288,-0.1241578782878679,3.1051193910786132,-0.3872907797442835,-0.5229161421405237
2.0354557037353516,-0.6608310690647323,0.6606389917587043,0.133312526721261,-1.3374422935322163,-1.3915867506928543,1.1311111774129587,-10.117284894265595,-1.4704509556514425,-5.113251693557478,-0.08354651699210563,-0.6932631214415126,-0.12177632594420451,3.1051317888447265,-0.3872483412372034,-0.522923771535055
2.0374836921691895,-0.6608095435711311,0.660670686240314,0.13331594210226028,-1.3375123184557456,-1.3915417617619854,1.1310541462800505,-10.131706409744757,-1.332241188988005,-5.126749200678524,-0.0889788793997901,-0.6901838895193819,-0.12339297739921984,3.105151816005371,-0.38729840913881475,-0.5229123274432581
2.0395116806030273,-0.660807704358065,0.6606654036424043,0.13332538868007499,-1.3374784497942507,-1.3915561993715357,1.131086766728355,-10.103252197984524,-1.4798164379742127,-5.1272381041059525,-0.08335061254413396,-0.6818886883517464,-0.12021070180089904,3.1051675516315917,-0.38725549379457647,-0.5229275862323206
2.041559934616089,-0.6608280533797068,0.660647281276201,0.13334460441137402,-1.3374544724839772,-1.3915696124874277,1.1311306980172497,-10.231339750245915,-1.591472562380416,-5.017517318933088,-0.07894591048057187,-0.6833900663273736,-0.11616505890096117,3.105175657863281,-0.38723642030824834,-0.5228961149798792
2.0436081886291504,-0.660825423089481,0.6606617135220219,0.13336746694272242,-1.337491261226197,-1.391556553739924,1.1310872823168654,-10.16065470329255,-1.672111335121742,-5.0898410316255305,-0.08067091546296459,-0.686614521918765,-0.1124713006790432,3.1052228647419433,-0.3872798124896448,-0.5228999296771448
2.045635223388672,-0.660855134979422,0.6606292627246368,0.13339023713124548,-1.3374428083896055,-1.3915889097578247,1.1311317150421305,-10.163044645317841,-1.4982785568531467,-5.2413731733701825,-0.08560517086889383,-0.6857200675598789,-0.09927565732650746,3.1052157121845703,-0.3872602621661585,-0.5228775183307093
2.0476584434509277,-0.6608395328151031,0.6606492230929665,0.13338788671438584,-1.3374867251438118,-1.3915660980410571,1.1310824265705521,-10.156698777676691,-1.4472571186186625,-5.3175094855864184,-0.08248499276898111,-0.6788440985926381,-0.0989988371969662,3.1052276331135253,-0.38729840913881475,-0.522888485585348
2.0496819019317627,-0.660823570565781,0.6606726694234077,0.13341689739099383,-1.33747724638856,-1.3915392121569885,1.131038864508753,-10.251137289799749,-1.41420252982149,-4.95828320261764,-0.07197811337208453,-0.6874412199245916,-0.0944029773011841,3.1052238184162597,-0.3873074690448206,-0.522872273121969
2.0517098903656006,-0.6608472637830538,0.6606556930162821,0.13340777030377643,-1.3374833240607231,-1.3915650645329611,1.1310551443773342,-10.175191663693049,-1.8900347486414688,-5.039627929281126,-0.07131004149092232,-0.6887876069988578,-0.0966197725947999,3.10524766027417,-0.3873227278338831,-0.5228799025165003
2.0537378787994385,-0.6608269967895358,0.6606669012045704,0.1334196455481929,-1.3375327651656783,-1.3915199035217143,1.1310747254418672,-10.126399494050233,-1.9145190897501627,-4.97982268085115,-0.06817045895200628,-0.682105655726937,-0.09023881175428053,3.1052438455769042,-0.38731557527651006,-0.5228331724749964
2.0557658672332764,-0.6608641485788451,0.6606380223511691,0.1334663620505886,-1.3374105359123436,-1.3915944255126442,1.1310534688618046,-10.357127890286272,-1.6842625224768215,-5.021756817188254,-0.07367262793217759,-0.678536400981369,-0.08422245695632723,3.1052610117145996,-0.387308422719137,-0.5228799025165003
2.0577940940856934,-0.6608357624891554,0.6606577284089917,0.13347236147480293,-1.337490003941771,-1.3915392592435682,1.1311214459098726,-10.314135207752514,-1.6122635429808958,-4.988206054870901,-0.06940290541239748,-0.6833253793098937,-0.0824988122663585,3.105311556453369,-0.38726884523500615,-0.5228331724749964
2.0598220825195312,-0.6608363000094924,0.6606753511172911,0.13348067233734032,-1.337500671228135,-1.3915261880419243,1.1310451622728002,-10.22556938130123,-1.7461477657768385,-4.767122167757719,-0.06671916466058679,-0.685656569353269,-0.08347124589482391,3.105303927058838,-0.38732749620546514,-0.5228293577777308
2.0618510246276855,-0.6608573225014085,0.6606496896431849,0.13347661101389208,-1.337473078983166,-1.391567418621279,1.1310788512154621,-10.17438112004754,-1.6963608800518457,-5.090993673841258,-0.0664941828437981,-0.6769142137853149,-0.07744533500498671,3.105321093196533,-0.38731176057924444,-0.5228560606585901
2.06387996673584,-0.6608328897953895,0.6606692901399025,0.13349650164116372,-1.337508380287089,-1.3915241003639014,1.131074169610835,-10.021684584877,-1.552821658032177,-5.202707367239974,-0.06381651451986747,-0.6813658005379151,-0.07107495230599835,3.105324907893799,-0.387308422719137,-0.5228245894061487
2.0659079551696777,-0.660843078607418,0.6606635049878831,0.13348646670850367,-1.337585587692693,-1.3915261546645,1.13107391926234,-10.153445056908229,-1.4495195602604112,-5.119386443817961,-0.06478579467943661,-0.6864808254912192,-0.0691992305648678,3.1053835588642578,-0.3873551527606409,-0.5228365103351038
2.0679359436035156,-0.6608215107439682,0.6607001468471405,0.13348247741532618,-1.3376166315023905,-1.391489621349025,1.131050567983656,-10.148782358701801,-1.7628613884337931,-5.020404615853446,-0.05999266935950436,-0.6868267136560353,-0.071494037925209,3.1054112154194335,-0.38735849062074834,-0.5228284041034144
2.0699636936187744,-0.6608557628997105,0.6606659921828528,0.13352043944714626,-1.3375630583235822,-1.3915251875937678,1.1310813578291585,-10.039396612469817,-1.7474479923497204,-5.090615906918997,-0.05629773901714367,-0.6871683830122501,-0.07068863164649655,3.1054112154194335,-0.3873513380633753,-0.5228045622455042
2.0719916820526123,-0.6608716637975555,0.6606497132481723,0.13354177940639167,-1.3375390009603187,-1.3915488654429664,1.131105399471804,-9.878026646339624,-1.695506540079512,-5.273096205490667,-0.05800753822292079,-0.6827294359783141,-0.07406394259697228,3.1054388719746093,-0.3873394171344202,-0.5228083769427698
2.0740199089050293,-0.6608546033207168,0.6606630843792582,0.13353173192954892,-1.337570649995019,-1.3915243120175136,1.1310859783205225,-10.06131950513917,-1.654135736014125,-5.0472848115660955,-0.05086912066935595,-0.6891264805842232,-0.06861506237266031,3.105424090022705,-0.3873513380633753,-0.5228045622455042
2.076047897338867,-0.660837500056594,0.6606822905489763,0.1335347433017549,-1.3376366868579694,-1.391484892764541,1.1311090471262193,-10.013179732156637,-1.7155163688706168,-5.192893146398399,-0.05134757639597153,-0.6853539852197217,-0.0672730832916273,3.1054679590412597,-0.38734752336610967,-0.5227764288531702
2.078075885772705,-0.6608656517195605,0.6606555393179048,0.13354977748805968,-1.3375528926733538,-1.391542213704919,1.1310834601054733,-9.996033583503886,-1.664653629206462,-5.036645874251526,-0.048547798818970166,-0.6905353622561264,-0.06377603288160853,3.1054484087177734,-0.3873551527606409,-0.5228155295001429
2.080103874206543,-0.6608677297258967,0.6606600306440396,0.1335656963393608,-1.3376090999187356,-1.391521227296726,1.1311284975781342,-9.84209456537916,-1.8269467104141206,-5.145378707513664,-0.04993231568760515,-0.6853298412551371,-0.06072969558577951,3.1055161195942382,-0.3873513380633753,-0.5227802435504358
2.0821309089660645,-0.6608723899604446,0.6606562657981413,0.13356141389713957,-1.3376150124892072,-1.3915193243381552,1.131124534879274,-9.986888396569519,-2.0356959948700473,-4.975381970450957,-0.04314051795391052,-0.6893758750874279,-0.05816187898978066,3.1054999071308593,-0.3873637358294886,-0.5227683226214808
2.0841588973999023,-0.6608645855599877,0.6606744984544816,0.1335856399025886,-1.3375943623323634,-1.3915094114814885,1.131089774324244,-9.880763364590424,-2.0259463109358147,-5.1671932935790394,-0.046222464591544346,-0.691218345367097,-0.056273209382038336,3.1055123048969726,-0.3873675505267542,-0.5227683226214808
2.0861868858337402,-0.6608549717416008,0.6606900274361451,0.1336015275129008,-1.3376273869055484,-1.3914915863221917,1.131073716238072,-9.776544128647304,-1.87881170368585,-5.246032056114517,-0.04450372107193584,-0.6861319796674481,-0.0548158818488621,3.105555220241211,-0.3873823324786585,-0.5227683226214808
2.088228702545166,-0.6608659345756309,0.6606792080871112,0.13359668497081884,-1.337650636878783,-1.3914935878827972,1.131122019968253,-9.728444343998472,-1.7536977217565242,-5.053001960942206,-0.03778942355728456,-0.6948801120695436,-0.045347727136990784,3.1055795389362792,-0.3873713652240198,-0.5227482954608362
2.090256929397583,-0.6608731986844386,0.6606666185851737,0.1336011609156127,-1.337645418644227,-1.3915034745727541,1.1311475292398778,-9.75216406847619,-1.806160415881866,-5.032300423628165,-0.0324079684125491,-0.698401903538697,-0.037778102961348065,3.105583830470703,-0.38735992113222295,-0.5227444807635706
2.092284917831421,-0.6608664123063961,0.6606769955135166,0.13360670917078882,-1.3376488410964815,-1.3914946013939826,1.1310957920256226,-9.688298025484801,-2.024329456525166,-5.103221415025583,-0.03719211936152679,-0.697576045996001,-0.03536148244017075,3.1055685716816406,-0.38739139238466436,-0.5227516333209437
2.094312906265259,-0.6608830643008309,0.6606669212284978,0.1336438256088366,-1.3376573072905076,-1.391490972896653,1.1311142245828811,-9.623547737929687,-2.1648056757891925,-5.302707128863615,-0.038392963737133336,-0.6991437823240295,-0.03346434655566854,3.1055962282368164,-0.38740283647646123,-0.5227082411395472
2.0963408946990967,-0.6608761266503453,0.6606762415086965,0.1336509279897788,-1.337675866426408,-1.3914789373029761,1.131119562946238,-9.642688438052375,-2.098409318204687,-5.21473056762644,-0.03252787640122296,-0.702946878933802,-0.023321819682347728,3.105623884791992,-0.3873990217791956,-0.5227044264422815
2.0983726978302,-0.6608629986006979,0.6606893806363373,0.13363982483031117,-1.337658382554354,-1.3914789224939814,1.1310750878887197,-9.365361474525056,-2.2427862350542362,-5.156416464449423,-0.030487637838217722,-0.6960742637274052,-0.0243732674025708,3.1056009966083984,-0.38740617433656865,-0.522735897694723
2.1004014015197754,-0.6608703639629465,0.660684795649919,0.13363065290559306,-1.3377500698938514,-1.3914654077398736,1.1311243898966636,-9.396606591349334,-2.1682433349105814,-5.145823146251939,-0.037596564408763244,-0.6944725242639223,-0.018632275663969262,3.1056720453449707,-0.38742238679994756,-0.5227153936969202
2.102444648742676,-0.6608836329007153,0.6606694670176078,0.13364117000050282,-1.337745884257665,-1.391469758920142,1.131168133364537,-9.427802127166997,-1.9529658017905007,-5.06048905217064,-0.03600393823645243,-0.6992934993846653,-0.010872450853625306,3.105675383205078,-0.38740617433656865,-0.522684399281637
2.104473114013672,-0.660871630913186,0.6606903403310689,0.13364279730005818,-1.3377746606344307,-1.3914397522456519,1.1311349261735715,-9.277559348030852,-2.3997241795552733,-4.97492597555838,-0.023623925800200358,-0.7085598358884563,-0.008874174019351682,3.1056720453449707,-0.387430493031637,-0.5226653257953089
2.1065008640289307,-0.660879400130395,0.660663969595184,0.13365881728997833,-1.3377438867614975,-1.3914652798142857,1.131221130204394,-9.193637857332005,-2.126346524609354,-5.390946612785874,-0.03221920140899934,-0.7021933498719778,0.004255571231237569,3.1056992250629882,-0.3873642126666468,-0.5226686636554163
2.1085288524627686,-0.6608914803298522,0.660677404545246,0.13367244769167475,-1.337728380813778,-1.3914702606922418,1.1311312765857688,-8.984299369344448,-2.5464718664710806,-5.1746200212974145,-0.026285838668695098,-0.7093319771120207,0.0031086896140627013,3.105695887202881,-0.387430493031637,-0.5226762930499476
2.1105568408966064,-0.6609004397055702,0.6606579954927811,0.13365919116178224,-1.3377509795102662,-1.3914759120460867,1.1311908554077357,-8.937078707422769,-2.244694602503805,-5.12081334646993,-0.027237399320446238,-0.7117066194070458,0.01112511523014255,3.1057001787373046,-0.3874114195453089,-0.5226605574237269
2.1125848293304443,-0.6609010319320748,0.6606679803766474,0.1336806571387255,-1.337792181075501,-1.3914526382668724,1.1311778354718653,-8.823013033299235,-2.217941692087039,-5.038578681774594,-0.020946718650885272,-0.7152682319987436,0.017319969211808797,3.1057321268269042,-0.3874414602862757,-0.5226295630084437
2.1146128177642822,-0.6609257219446785,0.6606391580329268,0.133710584438124,-1.3377419035845577,-1.39147909890278,1.1312376649316798,-8.71441207973405,-2.2875476363495673,-5.039654824245886,-0.024751966425316477,-0.7155474666768045,0.020597425661977746,3.105736418361328,-0.38740426698793584,-0.5226014296161097
2.116641044616699,-0.660906865721822,0.660659425897496,0.13371167227786274,-1.3377417872713366,-1.3914787481909203,1.1312227300152495,-8.633095918155993,-2.4442812175698854,-5.052545488338345,-0.01713511454716339,-0.7164537906506541,0.02520143711931709,3.10578362523999,-0.38738805452455694,-0.5226481596576136
2.118669033050537,-0.6609059995272124,0.6606803626579236,0.1337358500106239,-1.3377110353110675,-1.3914723332016101,1.1311261683306058,-8.561798577527831,-2.3274117842723063,-5.354038619695812,-0.018669939750488775,-0.7075329990704535,0.023081210987885063,3.105764074916504,-0.38743907610048467,-0.5226519743548792
2.120697021484375,-0.6609236750393231,0.6606505049746534,0.13372074830836372,-1.3377442012948104,-1.3914810416930845,1.131193257266799,-8.428513173107673,-2.5524218237672027,-5.0064092007034535,-0.016479584483255247,-0.7200791659692833,0.026231896402943884,3.1057602602192382,-0.3874314467059534,-0.5226243177997034
2.122724771499634,-0.6609224831514162,0.6606609908908452,0.13371607699574714,-1.3378209564535486,-1.3914625396583225,1.131210524034864,-8.330883839190752,-2.627320051056559,-5.465267408030121,-0.011638183563678767,-0.7217249358655242,0.032919869812884764,3.1058313089558105,-0.38745147386659795,-0.522616211568014
2.1247527599334717,-0.6609197021297942,0.6606730785437999,0.13375563361917292,-1.3377886608406047,-1.3914584546365696,1.1311769600093724,-8.320454808913645,-2.5483548397951936,-5.308259677718078,-0.003945942517104419,-0.7305779716796749,0.038225721831691435,3.105847044582031,-0.3874552885638636,-0.5226123968707483
2.1267807483673096,-0.6609211787394715,0.6606656495734613,0.1337383373053952,-1.3378267702759281,-1.3914381434080705,1.1312223159691794,-8.034012875609287,-2.2262700113541523,-5.522160014930869,-0.00878772892487711,-0.7239483003309088,0.036243564935612205,3.1058241563984375,-0.3874476591693323,-0.5225656668292444
2.1288089752197266,-0.6609100070530467,0.6606773454281023,0.1337454998093348,-1.3378471098003937,-1.3914368743467653,1.1311979691625345,-8.07216112993902,-2.4705495518757172,-5.24050844140476,-0.002731738917697804,-0.7315752914700524,0.03175451319016194,3.105867548579834,-0.3874591032611292,-0.5226004759417933
2.1308369636535645,-0.6609273571441262,0.6606621652981111,0.1337282044104915,-1.3378757249549857,-1.3914584569059298,1.1312080566425367,-8.031533667426997,-2.5781934579983563,-5.280854485595476,-0.003344783312850253,-0.7340838289327649,0.03423194164032775,3.1058952051350097,-0.38748294511903936,-0.5226195494281214
2.1328647136688232,-0.6609111237363133,0.6606880105591656,0.13376517279013775,-1.3378759546542327,-1.3914201517118159,1.1311790879484478,-7.9598595347917716,-2.335170401285978,-5.470210309431628,-0.005754795017750929,-0.7341200232390271,0.041471237221200954,3.1058990198322753,-0.387486759816305,-0.5225804487811487
2.1348929405212402,-0.6609172705304454,0.6606825291300302,0.1337619706629274,-1.3378914565300535,-1.3914215226687665,1.1312041274553577,-7.852185418451004,-2.735112433337774,-5.394396251972676,0.00435000144727591,-0.7399598920822369,0.037502217651147196,3.1059157091328125,-0.38748294511903936,-0.5225713888751429
2.136920690536499,-0.6609508660429789,0.660657446046262,0.1337803715550422,-1.3378122484112989,-1.391475763669954,1.1311614271609622,-7.941239597265973,-2.5990091227573333,-5.322130354044713,0.003262898388977642,-0.7468315024406444,0.04107779411056998,3.1058923441120605,-0.38751107851137334,-0.5225995222674769
2.138948678970337,-0.6609193064068019,0.660685827957292,0.1337719266571243,-1.3378778061163537,-1.3914197254489467,1.1312069936607447,-7.796801109779116,-2.380766719265305,-5.513671865310518,0.0007173145589949408,-0.7413952709022807,0.04622174150077675,3.1059204775043945,-0.3874757925616663,-0.5225604216205042
2.140990972518921,-0.6609515749240276,0.6606705208823003,0.13378904342414302,-1.3378581634598203,-1.3914421913292814,1.1311771841103317,-7.667747437401192,-2.3769376248515606,-5.484430802936773,-0.0009631508046437122,-0.7419497791301797,0.03929697065146739,3.105916662807129,-0.3875229994403284,-0.5225442091571253
2.143040180206299,-0.6609536838742041,0.6606551110432201,0.13379185787804798,-1.3379028468062713,-1.3914311492504807,1.1312808340044966,-7.655558848454325,-2.740359000439508,-5.365329233704262,0.00585725887400408,-0.7458398258919885,0.03917021234037166,3.1059600549885253,-0.3874757925616663,-0.5225055853473108
2.1450772285461426,-0.660938966855863,0.6606767114959792,0.13380716384639268,-1.3378893934265774,-1.3914139031747759,1.1312207733310964,-7.553000447944245,-2.465806605723561,-5.528275127144679,0.005682074664950482,-0.7450164967612694,0.05095034098989932,3.1059443193623046,-0.38749534288515264,-0.5225094000445765
2.147106409072876,-0.660940426406618,0.6606767208052319,0.13379451084464572,-1.3379064276756973,-1.3914213651032552,1.1312051918331862,-7.41314844475153,-2.476537802173058,-5.603065502478127,0.0034051975493135083,-0.7442801488638773,0.052421674913978346,3.1059562402912597,-0.38751441637148076,-0.5225327650653284
2.1491334438323975,-0.6609297240833059,0.6606913203298241,0.1338068532535522,-1.337921789423889,-1.3914103071286879,1.1312098002004782,-7.5132424006167735,-2.534599512775066,-5.509275447865454,0.006114917080792268,-0.7433236772654349,0.055068027059530615,3.106003447169922,-0.3875034491168421,-0.5225399176227015
2.151155710220337,-0.6609756279406418,0.6606494486390497,0.13382909457417178,-1.337871919902437,-1.391454806888368,1.131218879903289,-7.528878648919491,-2.783312791627618,-5.418451986205365,0.01524194163017414,-0.7451575909340348,0.047213458781954834,3.1059767442890625,-0.38752729097475225,-0.5225165526019495
2.153179407119751,-0.6609380910387707,0.6606847253222681,0.13382361003305537,-1.3379079209139901,-1.3914058172785635,1.1312177637602905,-7.52410154636814,-2.815412153003116,-5.439451728680505,0.012239209473783012,-0.749137197426471,0.04959267074336238,3.1059843736835937,-0.3875034491168421,-0.5225046316729944
2.155208110809326,-0.6609672933966402,0.6606682794248934,0.13383998289881216,-1.3379176051910469,-1.3914188883110612,1.1312211682109736,-7.530493118636578,-2.429691425405847,-5.622604668237541,0.014487044726322857,-0.7532796545206448,0.06344814893684973,3.1060044008442382,-0.3875382582293909,-0.5224769751178187
2.1572368144989014,-0.6609579569580968,0.66068054760074,0.1338314403087995,-1.3379671260396546,-1.3914018624239999,1.131241041056822,-7.355193017487206,-2.2858803704244917,-5.82856539471296,0.011814060437866888,-0.7515666361260981,0.06810472299913627,3.1060516077229003,-0.3875349203692835,-0.5224769751178187
2.1592657566070557,-0.6609794869326735,0.660661643618646,0.13383430306179883,-1.3379253087400218,-1.3914370261899505,1.1312443723385766,-7.483575946186081,-2.6795915922451536,-5.530898986899737,0.018398163752430845,-0.7572482886219098,0.06428647691580619,3.1060477930256347,-0.3875349203692835,-0.5224927107440394
2.1612937450408936,-0.6609593966000031,0.6606944411722344,0.13386848307390464,-1.3378840916644223,-1.3914094745816632,1.1311729283071716,-7.549559355599199,-2.5730196366831386,-5.33047498228032,0.014389510379591049,-0.763211318936193,0.06847320023948752,3.1060244280048828,-0.38754302660097295,-0.5224807898150843
2.1633217334747314,-0.6609799521296511,0.6606662809046149,0.13387132713081146,-1.3379303993259246,-1.3914142724915317,1.1312365431003037,-7.1916787862447755,-2.4581814081807503,-5.425262057909542,0.016853780313217714,-0.7576272547131733,0.07727108899538569,3.106048746699951,-0.3875468412982386,-0.5224455038653772
2.1653497219085693,-0.6609769198657467,0.6606841003645646,0.13387729786237132,-1.3379480982303196,-1.3914064548115568,1.1311995445748413,-7.172460238265887,-2.643586347260915,-5.439538714168012,0.020927353512282868,-0.7587473378861398,0.07014482170295595,3.1060835558125,-0.38757402101625615,-0.5224564711200159
2.1673779487609863,-0.6609801311927379,0.6606716296673233,0.13391659418573743,-1.3378827219158214,-1.3914245801850478,1.1312228029199036,-7.142284547892299,-2.678289888257515,-5.495176209452462,0.023274501286457625,-0.7588329964114505,0.07200154466279643,3.1060835558125,-0.3875311056720179,-0.5224564711200159
2.169405937194824,-0.6609856401048285,0.6606743841505852,0.13389467476810518,-1.33795491015334,-1.3913988443303096,1.1312424446183666,-7.0450505612274155,-2.9257551865579368,-5.572488869972514,0.02288485166661901,-0.7567165557020843,0.07778830178194393,3.1060921388813476,-0.38755923906435186,-0.5224135557757776
2.171433925628662,-0.6609807643696717,0.6606755187432327,0.13392589026551238,-1.3378605567750894,-1.3914288580703895,1.1311962563588058,-7.026423101585745,-2.871208036539488,-5.33191384959308,0.02271186328598762,-0.7632311969535479,0.07875296366461873,3.106076403255127,-0.3875392119037073,-0.522463623677389
2.173461675643921,-0.6610103690908846,0.6606481735933161,0.13391960401618674,-1.337881854415851,-1.3914527838807955,1.1312559127787862,-6.947377049923276,-2.558243454529804,-5.406917386755965,0.02595951435727534,-0.7628992688666744,0.08852100464816416,3.1061126428791503,-0.3875392119037073,-0.5224488417254847
2.1754887104034424,-0.6609973629557747,0.6606685399732997,0.13392555149827517,-1.337913174595031,-1.3914227596903652,1.1312186462227374,-6.942974701108594,-2.8508043309395887,-5.464406954279202,0.028594330922257934,-0.7628380127104285,0.08895601159445213,3.1061126428791503,-0.3875668684588831,-0.5224326292621058
2.1775169372558594,-0.6609994445091953,0.6606697753641251,0.13395479189033715,-1.3378629464565899,-1.391431413016017,1.1312083266623862,-6.882557615486891,-2.6670128533775403,-5.425743919173621,0.02740051968934574,-0.7606936929040669,0.0942945190168253,3.1061126428791503,-0.3875516096698206,-0.5224326292621058
2.179544687271118,-0.660988551810434,0.6606879944952088,0.13397615529438697,-1.3378556501259808,-1.3914126369321929,1.1311852316349726,-6.866442729364334,-2.7167861162630906,-5.402345193505515,0.02694034339179628,-0.7612098714537381,0.09701093657118132,3.10612074911084,-0.3875516096698206,-0.5224207083331507
2.1815717220306396,-0.6609968964995184,0.6606739497847952,0.1339794443452818,-1.3378841752064643,-1.3914123484713288,1.131251302836916,-6.7782152586905,-2.762921428965165,-5.489491993245181,0.026479257509691705,-0.7569514545167986,0.09944408372818096,3.1061555582233886,-0.38752872148622686,-0.5223968664752405
2.1835997104644775,-0.6610015712694544,0.6606836002409986,0.1340001125174014,-1.3378702205130217,-1.391410078130282,1.1312186831017585,-6.536227658824271,-2.9022813019162537,-5.342805395627527,0.029585981079049438,-0.7569682026405077,0.10240957647061995,3.106167955989502,-0.3875482718097132,-0.5223897139178675
2.1856281757354736,-0.661008792512038,0.6606870887699633,0.13401113063533773,-1.3378433035033725,-1.3914195025296525,1.1311828407861555,-6.493021733632634,-2.902800749858174,-5.421850621471644,0.02902375586918641,-0.7564033607027594,0.10083227149446777,3.1061646181293945,-0.3875668684588831,-0.5223968664752405
2.1876559257507324,-0.6610244620369379,0.6606689194046167,0.13400473291693407,-1.337858381653688,-1.3914351282144488,1.131201302506926,-6.553752134432957,-2.9417844341334156,-5.443065279467561,0.033899157264506735,-0.7623320284074842,0.1045843950872753,3.1061722475239257,-0.3875792662249964,-0.5223968664752405
2.189683675765991,-0.6610106209866469,0.6606954131915946,0.13404488610377507,-1.3378368610958058,-1.3914147178469678,1.1311616521669479,-6.472136012986628,-2.8955477485893533,-5.605170426563669,0.030117994860795687,-0.7624057049120982,0.10873897822493589,3.106196566218994,-0.3875792662249964,-0.5223887602435511
2.191711902618408,-0.66101599242212,0.6606849848834825,0.13401275146865455,-1.3379218239307142,-1.3914032311989675,1.1311717093233962,-6.2939704197163024,-2.899658774119008,-5.561497714278104,0.03364612492212468,-0.7565055019538175,0.11766965264654947,3.106196566218994,-0.38762218156923467,-0.5223763624774378
2.1937568187713623,-0.6610487042551534,0.6606496884951162,0.13404739667081086,-1.3378619837342849,-1.3914573397113772,1.1312647591354779,-6.386461547104922,-2.737987626129312,-5.459456009639765,0.032172356634779374,-0.7585810886610848,0.12150402896217986,3.1062676149555664,-0.38755971590151006,-0.5223849455462855
2.195784568786621,-0.6610436308649577,0.6606735758035255,0.13409084660482612,-1.3378060173803836,-1.3914443544274055,1.1311739247202206,-6.306927425600054,-2.6006537406442254,-5.577917631796192,0.03418343417326837,-0.7637906606716658,0.1223772065796118,3.1062394815632324,-0.38759118715395147,-0.5223725477801722
2.197812557220459,-0.6610419267276713,0.6606730195355893,0.1340992633619584,-1.3378177007296557,-1.3914416446990372,1.1312048599686821,-6.227715945632394,-3.105489227701457,-5.2933038672187855,0.04044659883463106,-0.773858215003787,0.11706605974964901,3.1062723833271484,-0.38757211366762334,-0.5223682562457483
2.199845552444458,-0.6610550724737141,0.6606747813971082,0.1341174244688351,-1.3377888018371342,-1.3914546437476567,1.131138216967647,-6.268240939448202,-2.9344195461866125,-5.656393763065706,0.03758724223671202,-0.7658639963968078,0.12496517015112488,3.1062604623981933,-0.38761884370912725,-0.5223763624774378
2.2018980979919434,-0.6610363570703555,0.6606831027656926,0.13409530602167036,-1.337866730202466,-1.3914174223382028,1.1311925095828377,-6.174593546189939,-2.932830774430404,-5.237587921408847,0.03831162109969513,-0.7697635817104717,0.12803769346669608,3.106280489558838,-0.3875992933856409,-0.522348705922262
2.203925371170044,-0.661059217885758,0.6606700494617074,0.1341454296998271,-1.337834855033548,-1.391431966118574,1.1312012957819713,-6.216134905804229,-2.982286916645141,-5.179752367867894,0.041342319229119,-0.769245866765974,0.1283795490689776,3.1063119608112792,-0.38760310808290654,-0.5223210493670862
2.2059473991394043,-0.6610643377688334,0.6606675951138754,0.13414356740251906,-1.3378120195735999,-1.3914391637607377,1.1311874891652995,-6.062186044633532,-3.087995840075866,-5.457005607011015,0.037355207060364576,-0.7697786590990876,0.12781791179583107,3.1062885957905273,-0.3876078764544886,-0.5223210493670862
2.207967758178711,-0.661046929703779,0.66068566122034,0.13413129521024056,-1.3378752690475921,-1.3914064241078445,1.1311976702056143,-6.016065390807154,-3.201416746122507,-5.661335647179413,0.03879255343124649,-0.7748149977959662,0.12573416844677313,3.1063167291828613,-0.387611214314596,-0.5223091284381312
2.209986925125122,-0.6610647806611835,0.6606776259831361,0.13418955399354915,-1.337808370499914,-1.3914355197200547,1.1311342586343156,-5.995299738785471,-2.9055254474664673,-5.689470923917266,0.04197943069528001,-0.7675732802627846,0.13170548910083812,3.1063248354145507,-0.3876431624041956,-0.5223248640643519
2.212008476257324,-0.6610709549708647,0.6606711347815926,0.13418709386277847,-1.337848786702058,-1.391422488837587,1.1312006792319038,-5.900043550668018,-2.862416913243757,-5.434573169275616,0.04156764951991635,-0.7700541817686086,0.12841660717484862,3.106356306666992,-0.3876231352435511,-0.5222848097430628
2.2140305042266846,-0.6610604405398796,0.6606914611487554,0.13420320922450124,-1.3378504122864596,-1.3914128995858595,1.131157774250903,-6.044315300844013,-2.9539838001466685,-5.431967115309904,0.04483122017048374,-0.7723198660985853,0.1266903965907231,3.106383963222168,-0.38763934770693,-0.5223010222064417
2.2160542011260986,-0.6610715614645752,0.6606721332110389,0.13421425221372119,-1.3377888220379175,-1.3914425189952901,1.1311999904877137,-5.8486002439483595,-2.8366995346907093,-5.5748903384360915,0.050699478324233126,-0.7774143695659091,0.13328777215826876,3.106376810664795,-0.3875921408282679,-0.5223081747638147
2.218082904815674,-0.6610905009740243,0.66067184350199,0.1342392501200905,-1.3377863931621952,-1.391451539907929,1.1311381564896377,-5.978489906262501,-2.8250886950024494,-5.479920642077953,0.04591561200369168,-0.7754799450817387,0.1336851600036637,3.10638873159375,-0.3876546064959925,-0.5223048369037073
2.2201108932495117,-0.6610990294508039,0.6606657176131203,0.1342486631009861,-1.3378062249911866,-1.3914463173757394,1.131166213443919,-5.758345682729264,-2.9924002370802976,-5.3832014295523365,0.04342748525566009,-0.7688793610393255,0.13023073652976594,3.1064087587543945,-0.3876546064959925,-0.5222771803485315
2.2221388816833496,-0.6610941286941351,0.6606772384035959,0.13429595057726976,-1.3377692408895554,-1.391437624071492,1.1311540444361792,-5.705508088612788,-2.940075815880204,-5.478899898310594,0.052452506602361726,-0.7730491472220389,0.12846854597398666,3.106428785915039,-0.38763934770693,-0.5222609678851526
2.2241671085357666,-0.6610860441607612,0.6606820407578048,0.13427062494394856,-1.3378387911141512,-1.391418838679062,1.131151118645917,-5.820890696884101,-2.8740417044825497,-5.42983879704533,0.05613563243453383,-0.7781952605930516,0.12854425364281905,3.1064368921467285,-0.38766700426210576,-0.5222609678851526
2.226195812225342,-0.6610879707684771,0.6606826926639452,0.13430720499845455,-1.3378119020800483,-1.3914200352793704,1.1311582061780379,-5.61574933194332,-2.831227493775087,-5.576670352113749,0.050144810692698216,-0.7713676465496058,0.12629266552050225,3.1064607340046386,-0.38765079179872686,-0.5222495237933558
2.228224992752075,-0.6611075078636587,0.6606723546844575,0.13434682822187627,-1.3377473323813467,-1.3914620485876532,1.131116613125504,-5.79915795977835,-2.7445925090673216,-5.587893627194433,0.053674924815497904,-0.7741512558523647,0.13767850182828217,3.1064888673969726,-0.38766700426210576,-0.5222881476031702
2.230252981185913,-0.661099116911579,0.6606912173711484,0.1343567515353738,-1.3377479022796888,-1.391438196815315,1.1310871471148565,-5.722440207533219,-2.9851549897927123,-5.45838938971545,0.05609412380520272,-0.7771825220965276,0.13073113548368687,3.106477900142334,-0.38767892519106084,-0.5222647825824183
2.232280731201172,-0.6611072265508164,0.6606786801830873,0.1343813178251331,-1.3377360869732846,-1.391448701267255,1.13112017922779,-5.5528934487614725,-2.799160912729865,-5.315034473777402,0.05828691694717232,-0.7708176412050901,0.12906025901789517,3.1065050798603515,-0.3876593748675745,-0.522257153187887
2.234308958053589,-0.6611213692893413,0.6606746186136505,0.13440819744060556,-1.3377135347915439,-1.3914533300115117,1.1311428057632869,-5.637005909818956,-2.504028382456243,-5.261348698585339,0.061965279805870396,-0.7740402597599533,0.13192320754570058,3.1065289217182617,-0.38764697710146123,-0.522229019795553
2.236337184906006,-0.66114070293573,0.6606537384481117,0.13440923324763124,-1.3377340526728982,-1.3914657550871068,1.1311762475586653,-5.59258704189719,-3.039871492134722,-5.410464520436687,0.06329504280470596,-0.7740771311886143,0.12162953853488857,3.1065451341816406,-0.3876560370074671,-0.5222132841693323
2.2383830547332764,-0.6611227951336416,0.6606882399679495,0.13444674989884703,-1.3377045197131776,-1.3914466841141062,1.1310868617265761,-5.459146407087948,-2.9511359962479764,-5.404265465197403,0.06495019419269313,-0.7706177006236584,0.1291823421995677,3.106552763576172,-0.38768226305116826,-0.5222252050982874
2.2404110431671143,-0.6611343735825376,0.6606613434073343,0.1344448197819579,-1.3377284112290684,-1.3914604317966945,1.1311830201965871,-5.377517528895685,-2.5440601681037296,-5.445070136122839,0.06377035303954309,-0.7699196524502149,0.13689759230236465,3.106592817897461,-0.3876398245440882,-0.5222132841693323
2.242466688156128,-0.6611431837106653,0.6606770183909596,0.1344965759222421,-1.3376816869040282,-1.3914658445596533,1.1310938693309098,-5.430349299789892,-3.0940529339805014,-5.3021044301162785,0.06408664060815947,-0.7759237793186905,0.12586306760218435,3.1066085535236816,-0.3876870314227503,-0.522217098866598
2.2444937229156494,-0.6611559039118066,0.6606489688038146,0.1344647720156142,-1.3377389935194306,-1.3914755972929664,1.1311730313325359,-5.200904225178447,-2.779439279412695,-5.355803115910346,0.06688418866938722,-0.7640105121530587,0.12326544815158277,3.1066252428242187,-0.3876751104937952,-0.5222085157977503
2.2465596199035645,-0.6611630071424813,0.6606585448774083,0.1345259016412336,-1.3376544294547648,-1.3914888597398398,1.1311276809173818,-5.2734040332175365,-2.856176159376608,-5.142739460164973,0.0675128267015336,-0.769814596636929,0.12470824076093709,3.1066409784504394,-0.3876712957965296,-0.5222085157977503
2.2485878467559814,-0.6611679418183827,0.6606608911293257,0.13452553012122156,-1.3377068757811514,-1.3914679738832654,1.1311232069973558,-5.159956929182605,-2.995019307857975,-5.0505731359982855,0.06774276014917353,-0.7673944738105194,0.12802107698840998,3.106649084682129,-0.3877070585833948,-0.5221737066852015
2.2506158351898193,-0.6611684796404925,0.6606640438717548,0.13458163991153624,-1.33763807352296,-1.391486456263149,1.1311111251941188,-5.1980764588488535,-2.7811065784522517,-5.1537665961085874,0.07067153936859395,-0.7640513768542841,0.1300467451187555,3.106689139003418,-0.38767987886537725,-0.5221932570086878
2.2526438236236572,-0.6611724302870551,0.6606706740031865,0.1346195666777966,-1.337630768462708,-1.391481620767889,1.1310843248196718,-5.1918686433922,-2.9055478350254984,-5.204924321741956,0.06934077155232282,-0.7592958835534513,0.12559695499804263,3.1067167955585937,-0.3876989523517054,-0.5221808592425745
2.2546889781951904,-0.6611824500886927,0.6606656803105165,0.1346086002728449,-1.3376587379221399,-1.3914814773786364,1.131091875537397,-5.241010275237867,-2.701515303407454,-5.021769346286099,0.0748490318414451,-0.764152549786277,0.1318252690318942,3.1067606645771484,-0.3876870314227503,-0.5221498648272913
2.256744861602783,-0.6611776474286426,0.66066989677461,0.13467546546994974,-1.3376066388316634,-1.391478733263024,1.1310986905826053,-5.212783139179019,-3.0229574534204025,-5.128924246266261,0.07383590888640348,-0.7554285889006559,0.1255170609356485,3.1067568498798828,-0.38768321672548467,-0.5221532026873987
2.258772611618042,-0.6612118362591208,0.660643505975755,0.13471235587254426,-1.33754156215805,-1.3915256756559629,1.1311254801803,-5.177375037334889,-2.564786187166885,-5.28527630886192,0.07864776113984472,-0.7536949676970571,0.1410658420952735,3.10679213582959,-0.38766795793642217,-0.5221570173846644
2.260800838470459,-0.6612135583076533,0.6606503374000524,0.13474972678041686,-1.3375169363039043,-1.3915221494786512,1.1310995207740127,-5.3170493735839415,-2.6899946021001115,-5.000213305546162,0.07620479410682365,-0.7565984074976188,0.14004059368464833,3.1068050104328613,-0.3876760641681116,-0.5221450964557093
2.262829065322876,-0.6612111760358537,0.6606695816450843,0.13475984212773998,-1.3375415032557956,-1.3915124952125755,1.131019765483376,-5.142970063375655,-2.678089210200794,-5.090240528592525,0.08030415815129908,-0.7534867999960688,0.14165325360231185,3.1068245607563476,-0.38773900667299444,-0.52216083208193
2.2648568153381348,-0.6611988468177753,0.660679768397975,0.13478493385669393,-1.3375624192691085,-1.3914766561806402,1.131042047240373,-5.184698464984717,-2.799969739534438,-4.937982841472879,0.08129111090029592,-0.7541982566767489,0.13641756430783747,3.1068293291279296,-0.38772327104677373,-0.5221102873431605
2.2668848037719727,-0.6612104815179202,0.6606828937438816,0.13484284973389582,-1.337488830143887,-1.3915034586994184,1.1309982973908081,-5.060359612337687,-2.8614238427552356,-5.295558595613906,0.08123323217789455,-0.7502990681318359,0.13695692984921307,3.1068689066120605,-0.38772708574403936,-0.5221331755267542
2.2689127922058105,-0.6612321734943212,0.6606675206576105,0.1348348703864967,-1.337529255459957,-1.3915080633524413,1.1310380404998777,-5.074348833648621,-2.6422913972533264,-4.884767043966055,0.08936767071894933,-0.7570472832011652,0.14084098449491292,3.1068970400043945,-0.38774234453310186,-0.5221055189715784
2.2709407806396484,-0.6612325614978192,0.6606546885803313,0.13486137943496787,-1.3374948652713512,-1.3915226431910175,1.1310873227779024,-5.068851624259905,-2.6165767994477513,-5.090645758702705,0.08400860735123566,-0.7520010789261028,0.14343584953852984,3.1069208818623046,-0.3876917997943323,-0.522109333668844
2.2729687690734863,-0.6612219681326618,0.6606791921297471,0.1349171849019219,-1.3374693753788607,-1.391504477751794,1.1310296396284483,-4.9109480735888935,-2.4530577137636587,-4.97959407122076,0.08037490437047276,-0.7467887651805042,0.14560997048716784,3.106948061580322,-0.3877070585833948,-0.5221007505999964
2.2749969959259033,-0.6612404463335844,0.6606637945701926,0.1349177184170826,-1.337483566275702,-1.3915200182193874,1.1310497904324006,-4.982964216730715,-2.6313470966639563,-4.822121934562603,0.08522068589655178,-0.7469368259914717,0.13833537357993875,3.1069723802753906,-0.3877194563495081,-0.5220969359027308
2.277024984359741,-0.6612372932050856,0.6606814086011777,0.13494214451763545,-1.337496428420759,-1.3915028236528884,1.1310070113599453,-4.877743891654466,-2.4644913848331202,-4.996077853428358,0.08499165205010256,-0.7478176256076419,0.14025531871404875,3.1069962221333007,-0.3877509276019495,-0.5220854918109339
2.279052734375,-0.6612405601681602,0.6606798372961439,0.1349561060093828,-1.3374420830882485,-1.3915210179633841,1.1309843876005534,-4.856940360608004,-2.3220956694684323,-4.984516466905536,0.09041159510709411,-0.7440356540399007,0.14799083572775545,3.1069819170185546,-0.38774329820741826,-0.5221040884601038
2.281080961227417,-0.6612629724225919,0.6606565640472045,0.13497035094134252,-1.3375127978592742,-1.3915150441192075,1.1310655216735752,-4.8531444620311195,-2.601028963031881,-4.947806986210596,0.09281813778382686,-0.7489413250210951,0.13919896702833942,3.1070443826862792,-0.3877471129046839,-0.5220502058612269
2.283108711242676,-0.6612605500006583,0.6606672912577051,0.13500675727777123,-1.3374586892906146,-1.3915090206220373,1.131026113158078,-4.899081966612771,-2.596166014974468,-4.66830450907044,0.09461731602905638,-0.75018442064484,0.13190046705110917,3.1070214945026855,-0.3877471129046839,-0.5220335165606897
2.285137176513672,-0.661261389765766,0.660678256351841,0.13502852183138103,-1.337470011314871,-1.3915208451327092,1.1309826825307054,-4.899415684114936,-2.870661673139905,-4.835133906508645,0.09202331540942124,-0.7490238612419069,0.12681646601633295,3.1070925432392578,-0.3877781073199671,-0.5220769087420862
2.2871649265289307,-0.6612708420395936,0.6606692413716962,0.13506085534524645,-1.3374152931301777,-1.391532872198788,1.1309891813989745,-4.957916339397757,-2.4731216295051484,-4.852191420597171,0.09562966542331325,-0.7437965788292303,0.13461121612436,3.107081575984619,-0.38775903383363897,-0.5220611731158655
2.2891929149627686,-0.6612950793435244,0.6606670000135635,0.13508924873187,-1.3374276405839893,-1.3915413572855053,1.1309437338804058,-4.80529787470186,-2.7548299799004266,-4.762311130056084,0.09692707274168338,-0.7418908758964081,0.12635275166347024,3.1071173387714843,-0.3878219763385218,-0.5220492521869105
2.2912209033966064,-0.6612926725771151,0.6606530451537211,0.1351160623518772,-1.3373829689448895,-1.3915519492100914,1.1310369665416948,-4.840282452146025,-2.606305445629943,-4.906718642942539,0.10079671061189413,-0.7483402160222625,0.133583239225811,3.10714499532666,-0.3877323309527796,-0.5220373312579554
2.2932488918304443,-0.6612833090246213,0.6606716535828555,0.13515873031040448,-1.3373831849984574,-1.3915168821000896,1.1309992254856338,-4.84528712205036,-2.6173931455936517,-4.819069632179124,0.09789192398211732,-0.7423012321712219,0.12998528846811522,3.107137842769287,-0.3877518812762659,-0.5219906012164515
2.295276641845703,-0.6613041215423343,0.6606738341475061,0.13517030181450887,-1.3373836152742462,-1.3915449250763874,1.1309456287891073,-4.685649596990471,-2.796859063863794,-4.749984575254293,0.10317204607138039,-0.74178399691711,0.13002309926942143,3.1071969705769042,-0.3878057638751429,-0.5220292250262659
2.297305107116699,-0.6613101641334641,0.6606652253030708,0.1351826952566829,-1.3374105378131802,-1.3915394946899886,1.1310005454477758,-4.722286754835309,-2.670356867990733,-4.666432845043471,0.1026902897597059,-0.7387566665827939,0.12803958483601272,3.107236548061035,-0.38778716722597295,-0.5220020453082483
2.2993500232696533,-0.661309874056992,0.6606605492660137,0.13522097007327474,-1.3373622498415216,-1.3915525242924187,1.1309892250738842,-4.889167534028892,-2.5683450782100454,-4.508841674527865,0.09811488666994014,-0.7304395808634606,0.11735361904165693,3.107241316432617,-0.38777238527406865,-0.522013012562887
2.3013789653778076,-0.6612934619404535,0.6606815983925342,0.1352076905134192,-1.33749406901896,-1.3914963469083554,1.1309641718884043,-4.9707903766287505,-1.9568766794546857,-4.3956908226676195,0.09969261698336404,-0.7199538191076875,0.11138585776729752,3.107268972987793,-0.3878381888019007,-0.5219782034503382
2.3034069538116455,-0.6613273797047776,0.6606443906454778,0.13522588141506536,-1.3374165962298739,-1.391556873750264,1.130995166026012,-4.993643264527988,-2.268006831036865,-4.316202035502436,0.10513908126421417,-0.714668842889651,0.09050060405930643,3.107273741359375,-0.38781530061830694,-0.5220015684710901
2.3054351806640625,-0.6613225962632966,0.660653437668242,0.1352467109100479,-1.337449936616894,-1.3915298272127863,1.1309910043855722,-4.753103606830181,-2.439988212587823,-4.396562442823398,0.10798297298038464,-0.7403026653579764,0.09300908441321194,3.1072894769855957,-0.38783103624452764,-0.5219662825213831
2.3074629306793213,-0.6613460395465122,0.6606460427819575,0.13526128976770455,-1.3374416559053073,-1.3915657190086417,1.1309846362989937,-4.657518100335244,-2.791654075399648,-5.260188792109845,0.10831325446139314,-0.7427915773715138,0.09883772327043569,3.1073643404194335,-0.38785010973085576,-0.5220015684710901
2.309490919113159,-0.6613657672236054,0.6606253536213804,0.13531024881352086,-1.3373676746189678,-1.391595515178468,1.1309991206093255,-4.519213960542384,-2.8509323027675353,-5.134997403679023,0.10413586874498157,-0.7622070438681156,0.10622441892449498,3.1073686319538574,-0.387827221547262,-0.5219929854022425
2.311518907546997,-0.6613453615820879,0.6606514930408719,0.13532370615415268,-1.3373903400843095,-1.3915612151679948,1.1309556960009177,-4.815486637170725,-2.405654760859267,-5.168687427566181,0.09820781445012897,-0.7580522661036874,0.1040714656637507,3.107369585628174,-0.38784677187074834,-0.5219810644732874
2.313546895980835,-0.6613570625381862,0.6606361801387122,0.1353575689749168,-1.3373793761022705,-1.3915749881228643,1.1310146347326209,-4.986093428456705,-1.9569029615310138,-4.462729728094616,0.09948453555402262,-0.7427425219436645,0.08658850783849394,3.1074253755756835,-0.3878119627581995,-0.5219691435443323
2.315574884414673,-0.6613339494091925,0.6606628592083348,0.13535563458109004,-1.3374346799216539,-1.3915436580476663,1.1309496214461063,-4.885120340754787,-1.5514565370605014,-4.318076024520085,0.09484538517589153,-0.7185910998306185,0.059346678713428726,3.1074372965046386,-0.3878586927997034,-0.5219844023333948
2.3176026344299316,-0.6613438784530796,0.6606539374076466,0.13537561925429017,-1.337399879880706,-1.3915423762466805,1.1309779529243282,-4.833703662350701,-1.7487180538918023,-3.8079228427124,0.1018975846065761,-0.7159253513221161,0.048960585932828427,3.107414408321045,-0.38783580461610967,-0.5219414869891565
2.3196308612823486,-0.6613624937766974,0.6606429843696174,0.1353746988930931,-1.3374442884813444,-1.39155380057734,1.1310010458799136,-4.7767777073099955,-1.5370432386682173,-4.322491090192621,0.08905740113968157,-0.7191053443073878,0.05689154920762332,3.107473536128662,-0.3878586927997034,-0.5219414869891565
2.3216588497161865,-0.6613702956737386,0.6606362076861321,0.13539800344462277,-1.337426018833995,-1.3915519305209367,1.1309934593465856,-4.522513954711034,-2.4197129527224295,-4.439096301531837,0.1000143127499406,-0.7320309359661067,0.06144031981161638,3.1074535089680175,-0.3878672758685511,-0.5219138304339808
2.3236868381500244,-0.6613769501867368,0.6606299231111805,0.13542216863624348,-1.3374291301465058,-1.3915637794493756,1.1310250203131733,-4.583378656230761,-2.2132616998128354,-4.887487399818909,0.09967589674088878,-0.7377592913763169,0.07755760487207118,3.1075164514729003,-0.38785106340517217,-0.521921459828512
2.3257148265838623,-0.6613706437643935,0.660647394301086,0.1354213034972884,-1.337472347673518,-1.3915328468022399,1.1310158597583164,-4.579889476805613,-2.123784852870828,-4.81153757780964,0.09464402849085925,-0.7443306261161772,0.07293520622954386,3.107529326076172,-0.3878710905658167,-0.5218899885760706
2.327742099761963,-0.6613754605165758,0.6606519112308831,0.13546202734375956,-1.3374556580925223,-1.391535026033661,1.1309936749513625,-4.519536721292068,-2.2231812001202833,-4.577976945744849,0.10030577795476577,-0.7405207858576,0.05755277568429659,3.107564612025879,-0.3878825346576136,-0.5218866507159632
2.3297696113586426,-0.6613972204600771,0.6606243184330585,0.13547023380920936,-1.3374468472218102,-1.39156045484498,1.1309935437985033,-4.592473322547497,-1.8245166655630132,-4.435420509047994,0.09893318036968514,-0.7339402701157072,0.048530825688125306,3.1075498300739746,-0.38790589967836553,-0.5218866507159632
2.3317975997924805,-0.661381114487907,0.6606498236413868,0.1355116883328747,-1.3374025858975305,-1.3915577083995256,1.1309632603906659,-4.486798832733467,-1.428526920427621,-4.218347066682178,0.09447610938111276,-0.7237752260599799,0.043861523603222374,3.107597990626953,-0.3878825346576136,-0.5219123999225062
2.3338258266448975,-0.6613982904478275,0.6606330886729596,0.13550387828464736,-1.3374712127344988,-1.3915445036711322,1.131019364433884,-4.281840353132084,-1.4682996374479256,-4.489030497097815,0.09335239637674657,-0.724877683541941,0.04658746209032645,3.1076175409504394,-0.3878982702838343,-0.5218585173236292
2.3358538150787354,-0.661383919068935,0.660643800280661,0.1355291918181893,-1.3374277146285054,-1.3915480821851625,1.130998099218133,-4.140881282715393,-1.7306720761779593,-4.400519368733131,0.09203542884145897,-0.7301354144379144,0.04726068118651479,3.107625647182129,-0.3878749052630823,-0.5218852202044886
2.3378818035125732,-0.6614251769744168,0.6606048032870145,0.1355379196042236,-1.337444941954388,-1.3915866128583438,1.1310674221144947,-4.140946264044699,-1.5170964086496688,-4.262686346813792,0.09420452138837987,-0.7478636494417166,0.06464795931368156,3.107684774989746,-0.38787871996034795,-0.5218732992755335
2.3399088382720947,-0.6614035497836281,0.660643845121613,0.1355853042545461,-1.3373925263351487,-1.3915629687217472,1.1309717528223737,-3.9297904492772204,-2.1543492180904162,-4.646218992579372,0.09355770278205755,-0.7466871761867866,0.0635457127717467,3.107677622432373,-0.38789493242372686,-0.5218766371356409
2.3419368267059326,-0.6614105219850922,0.6606161555576849,0.13555829282720255,-1.3374921050982387,-1.3915507881614124,1.1311051942261905,-3.9398701097213626,-2.236347141343666,-4.694447389150826,0.09915251246359158,-0.7583108499802212,0.06647523687477933,3.107724352473877,-0.38786012331117803,-0.521834675465719
2.3439648151397705,-0.6614244124047631,0.6606234417230167,0.1356159920917387,-1.3373699346135042,-1.3915829837407458,1.130995905728109,-3.76426135074348,-2.0217857760167597,-4.784045912673789,0.091968295347695,-0.7628838024944244,0.07129517085288933,3.1076976495930175,-0.38789111772646123,-0.5218613783465784
2.3459928035736084,-0.6614133065065063,0.6606387519865214,0.1356028646652998,-1.3375052255672437,-1.391537692407749,1.1310352726732493,-3.6868995948365955,-2.054007673093803,-4.587532293083506,0.09260552972178171,-0.7567390980208564,0.0596915192436202,3.107780619258545,-0.3879149595843714,-0.521829907094137
2.3480210304260254,-0.6614425820042702,0.6606051811664339,0.1356292844025746,-1.3374037621212187,-1.3916014385377624,1.131049112032045,-3.568972450541589,-1.9690086246736818,-4.607201722399317,0.08492377637498656,-0.7547254095167024,0.05866024984465861,3.1077768045612792,-0.3878873030291956,-0.5218647162066858
2.350048780441284,-0.6614304024964321,0.6606131925116786,0.13562088687118817,-1.3374836086595543,-1.3915636815989902,1.1310717659817298,-3.6989757125033056,-1.2487168293229347,-4.488398010252622,0.08341585472773475,-0.7609134195836553,0.06863535635613358,3.1077934938618164,-0.3878992239581507,-0.521829907094137
2.3520898818969727,-0.6614309743876647,0.6606105960559511,0.13565288124033367,-1.3374772990751953,-1.3915555570537925,1.1310927086697158,-3.1737918233185103,-2.2521302329484225,-4.726669728886449,0.09501154975430248,-0.7623661091532381,0.059559941037007055,3.1078097063251953,-0.3878839651690882,-0.5218027273761194
2.354119062423706,-0.6614337520619802,0.6606253826698959,0.13568526021876376,-1.3374482413409945,-1.3915542746156073,1.1310352761412577,-3.1411869135438515,-2.1530490365148327,-5.003856168780969,0.08983002114910871,-0.7723199677724023,0.07545174560496432,3.1078216272541503,-0.38791114488710576,-0.5218027273761194
2.3561558723449707,-0.6614417068262075,0.6606155527131619,0.13569139958177945,-1.3374401473124593,-1.3915751404961587,1.131050500538892,-3.1965559811211506,-2.253075964517837,-5.07854201217797,0.08613941080036186,-0.7844763229248453,0.08557978222616801,3.10785357534375,-0.3879030386554163,-0.521825138722555
2.3581838607788086,-0.6614481287220941,0.6606078536925084,0.1357265822556913,-1.3374505388871196,-1.3915634355912012,1.1310980992549684,-3.146338737633293,-2.2951369431489956,-5.229817678439119,0.08559852710908383,-0.7973078592555418,0.09315950328011777,3.1078850465961914,-0.3878839651690882,-0.5217784086810511
2.3602116107940674,-0.6614552982687381,0.660605670493428,0.13572518214374887,-1.3374326977693252,-1.391584732265724,1.1310555364145871,-2.7831664482402125,-2.278499895272658,-5.295439406110047,0.08004184485197463,-0.7927830738382993,0.08936438682193364,3.1078850465961914,-0.38791114488710576,-0.5218136946307581
2.3622398376464844,-0.661452643728624,0.6606048013132192,0.1357347837395419,-1.3374127900404909,-1.3915914527921909,1.1310586709248163,-2.9778105222505076,-2.1902831516787367,-5.228469151970967,0.08235474245200586,-0.7921900214829158,0.07901128162511131,3.10789076864209,-0.38789588609804326,-0.521825138722555
2.364267587661743,-0.6614613587251386,0.660594810278837,0.13572978631129842,-1.3374847544216812,-1.3915730692612704,1.1311450227395878,-2.874223501045463,-2.0597221839229487,-5.193461762884509,0.08759901769584462,-0.794683819318324,0.07822483269919203,3.1079417902180175,-0.38788015047182256,-0.5217745939837855
2.36629581451416,-0.6614609243232955,0.6606056460314252,0.13574684947523383,-1.337497269271314,-1.3915636941136904,1.1310917842325041,-2.86079858945255,-2.0006463726723736,-5.122452531670605,0.07820507965940617,-0.7993649449599266,0.08299332597983566,3.107949896449707,-0.38792306581606084,-0.521773640309469
2.368324041366577,-0.6614769944034855,0.6605876029391803,0.1357686427156369,-1.3374922978449773,-1.391589319334715,1.1311275720389409,-2.556727629527394,-2.246640405030703,-5.3281555709832435,0.0739354761823182,-0.8020908099406784,0.08977714325517064,3.1080052095600585,-0.38791114488710576,-0.5217855612384241
2.370351791381836,-0.6614776361012695,0.6605935391515069,0.1357709237094581,-1.3374722526177527,-1.391585451649237,1.1310937914533106,-2.3321302684502188,-2.222432566271268,-5.542247426371883,0.07406292217077522,-0.8083071496220279,0.10685134869364524,3.107973738307617,-0.38792688051332647,-0.5217774550067347
2.372392177581787,-0.6614784898851056,0.6605959715186431,0.1357966520024927,-1.3375148368195686,-1.3915721590869563,1.1311225945692707,-2.3235791165891033,-2.610899857993607,-5.52859165505918,0.08213804619933585,-0.8220209039547801,0.10730449696629436,3.108040972346924,-0.38792688051332647,-0.5217579046832483
2.3744547367095947,-0.6614749521595062,0.660608187987785,0.13580451840481347,-1.3375034472344287,-1.3915657257667284,1.1310906517683927,-2.1881599020741125,-2.5703550903362404,-5.580541693654091,0.07928342509025345,-0.8308703977480253,0.10785692092059466,3.1080376344868164,-0.38793880144228154,-0.5217579046832483
2.3764829635620117,-0.6614746210123159,0.6606063176053759,0.13579747984899687,-1.3375317956479815,-1.3915646835235636,1.131113354553552,-2.2350860089125377,-2.5501916222295504,-5.672911378462549,0.07923190399437491,-0.8410466758677446,0.10935553498390674,3.108065291041992,-0.3879349867450159,-0.521761719380514
2.3785107135772705,-0.6614766292600147,0.660604732496946,0.13581393207820572,-1.337576969343257,-1.3915474770804284,1.1311387031457563,-2.109883418878172,-2.5073913321536296,-5.758803835069326,0.07997505512208197,-0.8456153849129054,0.10644546766397156,3.1081010538288574,-0.38794261613954717,-0.5217302481280726
2.3805387020111084,-0.6614854001844412,0.6605962288366855,0.1358313338588341,-1.3375492870166317,-1.391568319645263,1.1311464608104647,-1.9421383358841373,-2.579283502974541,-5.825950902155639,0.07436457037500999,-0.8420199564039657,0.10418713317549129,3.1081248956867675,-0.3879316488849085,-0.5217459837542933
2.3825669288635254,-0.6614853757768133,0.6605937934209121,0.13584616983238246,-1.3374754010442325,-1.3915954392168532,1.131106762704469,-1.9796250171351852,-2.2526864947137883,-5.682987519733147,0.06772967864675644,-0.8486274594178321,0.12012224359785376,3.1080991464802246,-0.38792306581606084,-0.5217855612384241
2.3845949172973633,-0.6614817617913054,0.6606002866210362,0.13584145966568226,-1.337582866603365,-1.3915471700064843,1.1311449276326744,-1.7987664677671142,-2.450587352439568,-5.92508348960253,0.06684303641073952,-0.8472043576718937,0.12442251022685377,3.1081301408955078,-0.3879473845111292,-0.5217188040362757
2.386622667312622,-0.6614843842943043,0.6606059675304323,0.13589182424117693,-1.3375045863992365,-1.3915787041940406,1.1310948295226297,-1.7591017351402651,-2.6346136653588768,-5.820428864959607,0.07167600414319276,-0.86482036362917,0.12577239744002192,3.1081697183796386,-0.38794261613954717,-0.521768871937887
2.388650894165039,-0.6615067000613377,0.6605886528432569,0.13589095261528727,-1.3375218342543058,-1.3915910682157309,1.1310993785997823,-1.8617259310945848,-2.8459035679275333,-5.847077765993963,0.07339444413312192,-0.8764259298122554,0.13536415844696886,3.108173056239746,-0.3879736105548304,-0.5217536131488245
2.3906798362731934,-0.6614937629629146,0.6605954602145007,0.13589986695410855,-1.3375684887414923,-1.3915663879399796,1.1311432318007586,-1.762612141982146,-2.8961143343358624,-6.009916546957391,0.06968206159359505,-0.8816066802002026,0.13155729226692608,3.1082169252583007,-0.3879511992083948,-0.52173358598818
2.3927080631256104,-0.6615147686218291,0.6605763235032515,0.1359116498643722,-1.3375336687995294,-1.3916018948511901,1.1311448018768566,-1.6744710693466685,-2.5070058791639225,-6.141426928124487,0.07243986312583564,-0.8986263330523698,0.13598253511909505,3.108229799861572,-0.38795501390566045,-0.5217536131488245
2.3947367668151855,-0.6615024117208308,0.660593782135996,0.1359346078398202,-1.337583070455057,-1.3915591322645686,1.1311416093048365,-1.4328046000845116,-2.6979011423543224,-6.325154528337858,0.07296964217061895,-0.8886396529429067,0.12764391530568567,3.108250303859375,-0.38796979585756475,-0.5217064062701624
2.3967649936676025,-0.661500418726255,0.6606054016373591,0.13594442278583974,-1.3375987319172948,-1.3915542985573566,1.1311065405620628,-1.5947595320493828,-2.1790217960923237,-6.3046307516371805,0.06904778758874519,-0.888799436888288,0.13409913305281074,3.1082779604145507,-0.38799745241274053,-0.5217173735248011
2.398793935775757,-0.6615104831782112,0.6605919651574265,0.13594694899172238,-1.3376129642307113,-1.3915625503586306,1.1311438282455313,-1.4891790304318724,-2.424905609386181,-6.2557738510567855,0.06692830584325724,-0.8960187345694005,0.13413490389533472,3.108301802272461,-0.3879893461810511,-0.5217097441302698
2.4008219242095947,-0.6615223196945144,0.6605824546975763,0.13595677890752372,-1.3376094325993735,-1.3915751604683895,1.1311725840670366,-1.477827632169094,-2.6867030904336358,-6.210807187604497,0.07239572044053022,-0.8963874085435657,0.12823863313232403,3.108332796687744,-0.3879788557635706,-0.5217064062701624
2.4028499126434326,-0.6615124555806184,0.6605943412975087,0.1359898107616695,-1.3375584384166037,-1.3915794456398856,1.1311210463348969,-1.4287572551210184,-2.8912274394446067,-6.224718996468575,0.07044031679017604,-0.9001382343452012,0.12401842628378634,3.1083289819904785,-0.3879788557635706,-0.5217297712909144
2.4049172401428223,-0.6615245893390617,0.6605818436870304,0.13600149376736675,-1.337519980714638,-1.3915982979376826,1.131146986720771,-1.4045904109923648,-2.477816075567139,-6.529783792790555,0.0666653513204726,-0.9036087324101427,0.13754351332820278,3.108330412501953,-0.38795501390566045,-0.5217259565936487
2.4069459438323975,-0.6615103291039447,0.6605879240887402,0.13600304949600173,-1.3376018762197475,-1.3915599605123852,1.1311583986338472,-1.512836967479032,-2.694748572184305,-6.300026251687717,0.07027840651263416,-0.9178182072041273,0.1354856079597206,3.108346148128174,-0.387975041066305,-0.5216944853412073
2.4089739322662354,-0.6615281094987928,0.6605690361787118,0.13604156538139545,-1.337527547461982,-1.3916101568374235,1.1311733310345657,-1.5347794174475704,-2.467536724278148,-6.252442438471668,0.06937167711792655,-0.9057048468393089,0.12971750810235086,3.108393355006836,-0.3879440466510218,-0.5217369238482874
2.4110028743743896,-0.6615247410091372,0.6605750209277184,0.13605162079846594,-1.33750817840295,-1.3916008946629144,1.1311785327184416,-1.5662405896328904,-2.231304482088693,-6.275124491937003,0.06435262243611706,-0.8978400655912387,0.12991350527299794,3.108382387752197,-0.3879278341876429,-0.5217173735248011
2.4130311012268066,-0.661515635238338,0.6605852359113711,0.13605649076846618,-1.3375376044165612,-1.3915918359195218,1.1311549094204683,-1.676210786077909,-2.7385073930081596,-5.936653702806865,0.07200754574341982,-0.9009437047258743,0.13188782260600068,3.108410044307373,-0.3879473845111292,-0.5217331091510218
2.4150588512420654,-0.66152343072685,0.6605938215164038,0.13606614501656691,-1.3375332317948394,-1.3915882775135122,1.1311225190376284,-1.646734573726396,-2.91348197400728,-6.126381660534034,0.06833345127938219,-0.895823394120309,0.13538821726908823,3.108414335841797,-0.387975041066305,-0.5217207113849085
2.417086124420166,-0.6615248341331725,0.660593689756221,0.13608637032485232,-1.3375459356385315,-1.3915833527488173,1.1311086165559239,-1.5774516558430158,-2.7333585287938265,-6.032744398944992,0.06364335299455862,-0.894637784615545,0.14797727465140226,3.1084300714680175,-0.3879936377154749,-0.5217135588275355
2.419113874435425,-0.6615230599372458,0.6605896838676397,0.1361093329511549,-1.3375360411104502,-1.3915804344294807,1.131144353666121,-1.5740032878071601,-2.9333071572077163,-5.9132209069055,0.06704987876541073,-0.8942785153999115,0.14027929773494197,3.108449621791504,-0.3879626433001917,-0.5216978232013147
2.421142101287842,-0.6615128243858519,0.6605963926610727,0.13612472352481086,-1.3375519107101126,-1.391564437901722,1.131161441867235,-1.616383380858396,-2.8710358460750296,-6.157871824231053,0.06723841443939099,-0.8985413502227515,0.13560940684117362,3.108473463649414,-0.3879473845111292,-0.5216859022723597
2.4231700897216797,-0.6615233101758056,0.6605854747490545,0.13617191295215295,-1.3374909022006696,-1.3915856652362588,1.1311426395980364,-1.7553060706483945,-2.649811333044205,-6.298506804495809,0.06717244141194248,-0.9017484426839816,0.14467527039473288,3.1084744173237304,-0.3879440466510218,-0.5216897169696253
2.4251978397369385,-0.6615042058227318,0.6606146299323833,0.1361531554044835,-1.337546636938797,-1.3915561390429982,1.13111886542957,-1.9294137957944377,-2.864795866344162,-6.482751456109127,0.062348561173421274,-0.9006532308041048,0.13809871292225714,3.108505888576172,-0.3879626433001917,-0.5216978232013147
2.4272258281707764,-0.6615417019146683,0.660584029349485,0.13617753108037703,-1.3375131907841125,-1.3915989414569054,1.1311522484144558,-2.0805374740830205,-2.8318715766552036,-6.483478108354521,0.06191294941597256,-0.9017091419050564,0.1503336520884163,3.1085421282001953,-0.3879626433001917,-0.5216944853412073
2.4292538166046143,-0.661536778512716,0.6605797723757371,0.13619700520958125,-1.3375110850428689,-1.3915891422414859,1.1311907328416204,-2.08339036768256,-3.059872413182733,-6.220799468902031,0.06649460167294052,-0.8955467057995117,0.14824655677781973,3.1085492807575683,-0.3879316488849085,-0.5216706434832972
2.431281805038452,-0.6615186618712219,0.6606015032020993,0.13620139811795196,-1.3375301948963827,-1.3915763468074613,1.1311122280392585,-2.176881333530501,-2.8844582002025465,-6.0980666259373075,0.058673312668995475,-0.8843510688871736,0.15243374312997462,3.1085540491291503,-0.387975041066305,-0.521705452595846
2.43330979347229,-0.6615454149309085,0.66059219038284,0.13624039735575322,-1.337469400012524,-1.3915979890100205,1.1310804282750864,-2.3465777350636325,-2.944473884991054,-5.793604412373618,0.06173028267918751,-0.8797119455906625,0.1447310316288942,3.108546419734619,-0.38799745241274053,-0.5216859022723597
2.435338020324707,-0.6615209569235544,0.6606018966989435,0.1362316233966363,-1.3375266513538497,-1.3915713674862675,1.1311306905858267,-2.387924927200801,-2.515538369108409,-5.868392510564523,0.06288468090801992,-0.879499038945295,0.1481930481081658,3.108586474055908,-0.3879626433001917,-0.5216859022723597
2.437365770339966,-0.661514984610347,0.6606134714044184,0.13624146480181668,-1.3375632723571758,-1.391549971114851,1.1311130272403942,-2.4979023203316726,-2.6654442618417358,-5.859135390410977,0.06285102865443226,-0.8781155721381253,0.14487389410535517,3.1086055475422363,-0.38798648515810186,-0.5216706434832972
2.439393997192383,-0.6615193595093877,0.6606137356159113,0.13626973959268904,-1.337505220538268,-1.391574282269069,1.1310865514780077,-2.523142299749027,-2.7184155674710198,-5.7794757298671655,0.06443355306354326,-0.8764871703559121,0.1455475580508361,3.1086222368427734,-0.3879788557635706,-0.5217016378985804
2.4414217472076416,-0.6615267901175822,0.6605957576501242,0.13626342073636113,-1.337550508462211,-1.3915772364054941,1.1311320851722289,-2.5880584674037586,-2.7931427863707556,-5.769733094689264,0.06449917494210874,-0.8750437533985027,0.1490480341661413,3.1086465555378417,-0.3879788557635706,-0.5216935316668909
2.4434497356414795,-0.6615279251519983,0.6606022350471703,0.13631423742500873,-1.3374596372221124,-1.3915789022901879,1.1311020974126373,-2.5768812702282755,-3.0793184000201714,-5.748673669396088,0.06185294609379606,-0.8743587634259734,0.1475874644154801,3.1086150842854003,-0.3879588286029261,-0.5216706434832972
2.4454777240753174,-0.661516749804814,0.6606242214923446,0.13633665943403817,-1.3374843338276374,-1.3915582926572998,1.131069375604346,-2.6602769647938818,-3.059130930577276,-5.862552272780008,0.06607317158620524,-0.8566556026553306,0.13834900631000557,3.108658476466797,-0.3879788557635706,-0.5216706434832972
2.4475061893463135,-0.6615399010880885,0.6605938277678053,0.13634524162930436,-1.3374629735597956,-1.391604177702698,1.1310896078324593,-2.8445870041163364,-2.472703643164646,-5.6702596378043095,0.05961499365437062,-0.8484373803999087,0.1419328507061611,3.1086861330219726,-0.3879788557635706,-0.521705452595846
2.4495584964752197,-0.6615276896166078,0.6606014423814796,0.1363406470301394,-1.337482568245395,-1.3915885386043776,1.131071093740091,-3.0113663809334557,-2.55614325454165,-5.485242104175022,0.0670468439013265,-0.8520733197786178,0.1320388353248116,3.1086713510700683,-0.3879898230182093,-0.521705452595846
2.4515817165374756,-0.6615263935423876,0.6606026175099654,0.13637826687721738,-1.3374581921399697,-1.3915863537856688,1.13112037542145,-3.0915123989947584,-2.5013865772942303,-5.479673363105737,0.06660294298818709,-0.8446787526061627,0.13010152337062872,3.1087185579487304,-0.38794023195375615,-0.5216863791095179
2.453603744506836,-0.6615310799491209,0.6606010098343512,0.1364048158296678,-1.3374277890024486,-1.3916025689563356,1.1310838731473971,-3.2175326681510485,-2.539314224199951,-5.301372669200985,0.062037044912318304,-0.8442912798115335,0.12728489206438007,3.1087304788776855,-0.38795549074281865,-0.5217087904559534
2.4556281566619873,-0.6615399479299858,0.6606043359753346,0.13640591703284385,-1.3374800577543813,-1.3915917522422556,1.1310870900163914,-3.3174767357834716,-2.3637044635620903,-5.541277826981121,0.06836260155526856,-0.8370305681578933,0.1285565551538336,3.108773394221924,-0.38798648515810186,-0.5216897169696253
2.457671880722046,-0.6615388539607987,0.6606026928210884,0.13644250099078806,-1.3374257385005166,-1.3916042489988407,1.131045033586567,-3.3170061992643936,-2.3695492464491488,-5.602254974402176,0.06388246317376177,-0.8391052399215908,0.12267647870721125,3.1087581354328613,-0.3879902998553675,-0.521705452595846
2.459699869155884,-0.6615417286240082,0.6605980490163909,0.13643947734877881,-1.337463247474262,-1.391596666887613,1.1310961960818258,-3.4804088014101158,-2.406035878317773,-5.485500332650616,0.06232432264122745,-0.8345846937259117,0.12373861348979409,3.1087943750568847,-0.387975041066305,-0.5216859022723597
2.4617276191711426,-0.6615524528086779,0.6605987905646937,0.13649332697626093,-1.3374113326056802,-1.3916111110631662,1.131069317959297,-3.5316032199936673,-2.435555350545249,-5.600254477235769,0.0660516280943924,-0.8310015494293014,0.11900607471912157,3.108825369472168,-0.3879788557635706,-0.5216859022723597
2.4637558460235596,-0.6615227806041987,0.6606215909457983,0.13651105664667637,-1.3374041129413947,-1.3915890019363675,1.1310195936800695,-3.620176174967857,-2.576226454849494,-5.464199196929798,0.06795827540060906,-0.8360975807412011,0.1114735342619413,3.1088144022175292,-0.3879788557635706,-0.521705452595846
2.4657838344573975,-0.6615349711140149,0.6606088767012699,0.13651226627703608,-1.3374099505895607,-1.391600347699987,1.1310382629086195,-3.819099188358046,-2.3502596202171584,-5.214377818138328,0.07063571218502143,-0.8298941725408624,0.10892597614800156,3.1088263231464843,-0.38798219362367803,-0.5217016378985804
2.4678118228912354,-0.661537411102093,0.6606074745275555,0.13653985974729527,-1.3373903252121218,-1.3916078581004583,1.1310223056620246,-3.984588732955923,-2.3393987049125538,-5.198674874669698,0.0652280059961931,-0.8199144165096117,0.09793778465812258,3.1088425356098632,-0.38798648515810186,-0.5217087904559534
2.4698398113250732,-0.6615500667904771,0.6605997745230822,0.13655187056044266,-1.337375824541989,-1.3916168348468738,1.131047156932218,-4.083691508623144,-2.1436027124828136,-5.106170106778809,0.06839507674408382,-0.8220041020181401,0.10145542935045786,3.108858748073242,-0.387975041066305,-0.5216935316668909
2.471867799758911,-0.6615354368522273,0.6606067325506937,0.13658482101166916,-1.3373662762408587,-1.391603993123246,1.1310679362029419,-3.9120867526819922,-2.2064257442409434,-5.289848262342647,0.07057568754776021,-0.8167493707608862,0.103126113487554,3.108886404628418,-0.38794023195375615,-0.5216863791095179
2.473895788192749,-0.6615478235220906,0.6606032207248722,0.13658823137936443,-1.3373724571145393,-1.3916128281305251,1.131041102797958,-4.199763965769,-2.3492232502348362,-5.1603127523369565,0.06785829434105531,-0.8137714699482379,0.10333346469611764,3.108893557185791,-0.387975041066305,-0.5216897169696253
2.475923776626587,-0.6615613234289937,0.6605930978390282,0.136608287334031,-1.3373834783308158,-1.3916241975097206,1.1310673356774057,-4.34298528262865,-2.235045442270357,-5.126581182018996,0.06835684171804693,-0.8164089241186623,0.10510890422419855,3.108945532436035,-0.387975041066305,-0.5216859022723597
2.4779508113861084,-0.6615403283847603,0.6606159762127007,0.13662660083215938,-1.3373733762915492,-1.3916095897920115,1.1310510481407023,-4.336671033621879,-2.300662514327932,-5.149945312706024,0.06866191651272031,-0.814274279813465,0.10282978051069341,3.108973665828369,-0.38795549074281865,-0.5217016378985804
2.4799790382385254,-0.6615454135467165,0.6606043941451382,0.13665124785996088,-1.3373491679310514,-1.391614100220985,1.1310317920263053,-4.362011814036249,-2.1958600986221133,-5.1715007013207295,0.07002638782234383,-0.8014799257541271,0.09537502913303107,3.108942671413086,-0.38796788850893194,-0.5216897169696253
2.482006788253784,-0.661549050687892,0.6606070034342932,0.13668767517310149,-1.3373571523674832,-1.39161993122617,1.1310280981185319,-4.537691079195672,-2.1485216806673844,-4.969875016487999,0.06821593922457822,-0.7964544118590039,0.09184278252552926,3.109013720149658,-0.387975041066305,-0.5217016378985804
2.484034776687622,-0.6615464633294226,0.6606093468995959,0.13668978053105765,-1.3373713042350432,-1.3916052385928563,1.1310363881092924,-4.448162311920366,-2.24691716817814,-5.26561168657072,0.0642520930942905,-0.7946576100626086,0.08780814960284122,3.109006567592285,-0.387975041066305,-0.5216777960406702
2.4860620498657227,-0.6615595441326932,0.6606080277925692,0.13673264997028187,-1.337315449364695,-1.3916305313595896,1.1310036870831974,-4.587791026590124,-2.139330193551893,-5.131504763372677,0.07000546815655183,-0.7952232136081764,0.09191336399719179,3.1090380388447265,-0.38798219362367803,-0.5216968695269983
2.4880897998809814,-0.6615643318794109,0.6605971121009054,0.13673109853912557,-1.3373563479914135,-1.3916321281193917,1.1310705878657916,-4.71850601194298,-2.000131897249618,-4.97462140373468,0.06188364413493309,-0.7930276940578048,0.09454779378000179,3.1090938287922363,-0.3879588286029261,-0.5216897169696253
2.4901180267333984,-0.6615711978537028,0.6605856989070422,0.13674861848695596,-1.3373066586831022,-1.3916458461932273,1.1310566491202552,-4.742948994358094,-2.2171964833483013,-5.017758236816077,0.062288873915135934,-0.7919252373378506,0.0949809349882423,3.1090547281452636,-0.38795549074281865,-0.5216859022723597
2.4921457767486572,-0.6615658414412331,0.6605943532192414,0.1367553855265808,-1.337357143986108,-1.3916327918442064,1.1310525657700041,-4.857477961671298,-2.0974864212485245,-4.984088713605726,0.06357386575268,-0.7861226760356628,0.09424629821571656,3.109105272884033,-0.387975041066305,-0.5216897169696253
2.4941728115081787,-0.661558644529407,0.6606130885299477,0.13678014600306435,-1.3373337372958483,-1.3916238459512265,1.1310214810763846,-4.641626049387349,-2.2114941950528153,-5.089550855407544,0.06385947262540437,-0.7811734491940953,0.09103785950952696,3.1091219621845703,-0.387975041066305,-0.5216897169696253
2.4962007999420166,-0.6615590702019339,0.6606053115407332,0.13680521524148692,-1.3373177095454487,-1.3916337136859611,1.1310133583457336,-4.932293561979108,-2.2647122933676562,-4.735333188899918,0.07111890969345921,-0.784053173505504,0.09118624097228992,3.109130545253418,-0.387975041066305,-0.5217016378985804
2.4982290267944336,-0.6615625640423917,0.6606019071237165,0.13680321677640744,-1.3373389609751922,-1.391631156574551,1.1310496964889782,-4.8941129005790955,-2.2378200208278485,-4.829901460088577,0.06783297333497917,-0.7766813347182072,0.09439576639235649,3.1091577249714355,-0.3879626433001917,-0.5216897169696253
2.5002570152282715,-0.6615750228652566,0.6606015635115189,0.13686338959678554,-1.3372720600574062,-1.391641624386913,1.1310067827623362,-5.125192653769393,-2.2440064367727497,-4.680597233593929,0.06593714666550655,-0.7797779966928879,0.09698460877703778,3.1091577249714355,-0.387975041066305,-0.5216739813434046
2.5022847652435303,-0.6615501409969896,0.6606130503808065,0.1368321894918445,-1.3372815191028302,-1.39164166422175,1.1310045300792027,-4.947728538012792,-2.4394944292619045,-4.894955349838538,0.07086504543801217,-0.7756147720772779,0.09110373687691353,3.10915915548291,-0.3879511992083948,-0.5217278639422815
2.504312753677368,-0.661574698436288,0.66059848877099,0.13688091733098998,-1.3372487209246702,-1.3916607798091367,1.1309992470215213,-4.943941672249154,-2.0995907623925762,-4.8682353466267205,0.06715098331759764,-0.774224040724838,0.10123734761030397,3.109186812038086,-0.3879664579974573,-0.5217087904559534
2.506340742111206,-0.6615488714761378,0.660630741188902,0.13687152562740904,-1.337347962281355,-1.391607035530938,1.1309815715431764,-5.063051031365105,-2.1737786958150305,-4.988117247375555,0.06013113673196886,-0.7734924341186673,0.09662765262397416,3.109226866359375,-0.38799745241274053,-0.5216897169696253
2.5083909034729004,-0.6615520178106854,0.6606195097452041,0.13691102027404958,-1.337301197438882,-1.3916157509286744,1.1310167894498389,-5.049780093412842,-2.446636537928056,-5.0042082638687155,0.06818150319878752,-0.7765558610813761,0.09451726595327002,3.1092349725910644,-0.38795549074281865,-0.5216739813434046
2.510467052459717,-0.6615739213517274,0.6606005223963084,0.13692322709896215,-1.337309607331296,-1.3916390540427392,1.1310595695913348,-5.219936922291376,-2.358551290112714,-4.968739389638485,0.06582061024094099,-0.7803191989807722,0.0962258352161098,3.109290285701416,-0.3879511992083948,-0.5216739813434046
2.5124948024749756,-0.661582194926044,0.6605931447450746,0.13691650428927366,-1.3373100727291578,-1.391658413840321,1.1310226582767695,-5.1430184707106985,-2.411773912215432,-5.0120563523441435,0.06911541543992109,-0.7728552272747226,0.09199243952807495,3.1092869478413085,-0.38798600832094365,-0.521705452595846
2.5145227909088135,-0.661571080828157,0.6606055675036623,0.1369617238062506,-1.337266828534554,-1.3916527349653798,1.1310077496348458,-5.199143428911386,-2.413767251438654,-4.8381336658762,0.06530933586982399,-0.7734389896253118,0.09205403200650071,3.1093055444904785,-0.3879626433001917,-0.521705452595846
2.5165507793426514,-0.6615715915252145,0.6606054729351242,0.13693179783578976,-1.337367551601916,-1.3916239709893747,1.1310406792038303,-5.042504716191356,-2.3056610532821873,-4.886354142574768,0.0659049135468052,-0.7633064787275061,0.09084934377616032,3.109326048488281,-0.3879902998553675,-0.5216706434832972
2.5185787677764893,-0.6615817190556461,0.6605996249263048,0.13699718257676,-1.3372390342509541,-1.3916627202102727,1.1310255430455078,-5.04667274015892,-2.3393976185777294,-4.68326092519353,0.06867670862117888,-0.7694105533511866,0.09229327674766205,3.1093379694172363,-0.3879473845111292,-0.5216930548297327
2.5206069946289062,-0.6615823731204347,0.6606045276350203,0.13702013200023544,-1.3371807280038834,-1.391681037961618,1.1309680918096765,-5.195302051679521,-2.461060632297277,-4.6519441650900415,0.07284146410594018,-0.7696715359843778,0.09162464057097229,3.1093270021625976,-0.3879588286029261,-0.5217245260821741
2.522634744644165,-0.6615923405731761,0.6605986792420075,0.13702219122798417,-1.3372523139624253,-1.3916676386444542,1.1310045124613406,-5.348122650609188,-2.411684859851505,-4.80680979748889,0.06680667091672628,-0.7689849333555966,0.09749096509021954,3.1093789774128417,-0.3879788557635706,-0.5216935316668909
2.524662733078003,-0.6615712798963169,0.6606155812519608,0.1370417452848447,-1.337273812933381,-1.3916404837329495,1.1310095857911058,-5.054824756860029,-2.607225531933942,-4.711789451814614,0.06924561959825336,-0.7742229626935544,0.09597860685457874,3.1094066339680175,-0.3879626433001917,-0.5216849485980433
2.526690721511841,-0.6615749641117437,0.6606153734907367,0.13707068666916172,-1.3373101089347017,-1.3916299500751146,1.1310434407646381,-5.197277438878788,-2.5014379647172715,-5.037153333671425,0.06634110660441499,-0.771505682384342,0.09552624880993586,3.109473868007324,-0.3879593054400843,-0.5216620604144495
2.5287177562713623,-0.6615812749839662,0.6606098036623531,0.13707521208117526,-1.3373030721848982,-1.3916285326152755,1.1310152224293446,-5.22627532418194,-2.4534601385884995,-4.8887315422346935,0.0701560833072771,-0.7722540772511837,0.09668028331633428,3.1094352441975097,-0.38798648515810186,-0.5216463247882288
2.5307457447052,-0.6615842578150344,0.6606053886387877,0.1370732251101408,-1.3373059745417026,-1.3916465009598948,1.1310327122299175,-5.122739869679333,-2.4133845297711365,-5.014629253303231,0.06242639545071752,-0.766254602170866,0.10032417107978808,3.109478636378906,-0.387975041066305,-0.5216777960406702
2.532773733139038,-0.6615760538675011,0.6606278843657031,0.13710279864284633,-1.3373079063812274,-1.3916340229068629,1.1309895141777746,-5.1021977135892636,-2.4965002537268974,-5.048034223299625,0.06931376953751003,-0.767958029365399,0.10275138947388095,3.1095220285603027,-0.3879936377154749,-0.5216849485980433
2.534801959991455,-0.6615794411822471,0.6606078283168152,0.1371268711355253,-1.3372763960624878,-1.3916414691780057,1.1310249024995032,-5.195854335218629,-2.73939065551994,-4.945219179053382,0.06652363964485683,-0.774356098428669,0.09579433423116637,3.109499140376709,-0.3879626433001917,-0.5216658751117151
2.536829948425293,-0.6615794463558127,0.6606164584902152,0.13710546051376435,-1.3373688380713327,-1.3916220826789378,1.1310399361837584,-5.186451181708521,-2.3640815695148767,-4.955691579154276,0.06978834990482477,-0.7706412523931955,0.10668733967602613,3.109558268184326,-0.3879936377154749,-0.5216587225543421
2.538857936859131,-0.6615841134402882,0.6606110494059716,0.13716001304590428,-1.3372550049503682,-1.3916534227037336,1.1310125635935446,-5.419775438213379,-2.263047804789875,-4.973227291493943,0.07304650385479647,-0.771082986614133,0.11177216234768406,3.1095473009296875,-0.3879626433001917,-0.5216811339007776
2.5408856868743896,-0.6615937868267662,0.6606064602173819,0.1371735979570279,-1.337254760643959,-1.391652213965013,1.1309915096653738,-5.3723335117363185,-2.266464010625036,-4.890401338280201,0.06569049150494287,-0.7726441500972767,0.11177694369569033,3.109534903163574,-0.3879902998553675,-0.5216620604144495
2.5429139137268066,-0.6615946024363437,0.6606054937719628,0.13717219008788403,-1.3372873005790837,-1.3916520445274438,1.1310274814099857,-5.228889032855729,-2.371317155305399,-4.909142549218549,0.06778930410581921,-0.7757081880343395,0.11134997726407593,3.1095868784138183,-0.3879788557635706,-0.5216658751117151
2.5449416637420654,-0.6615810830744646,0.6606179139007822,0.13718761395356696,-1.3372959422775268,-1.3916425982136826,1.131005991747673,-5.149721136460597,-2.343746418708756,-4.893685456496932,0.06260231093277059,-0.7752323572280779,0.11386478851799159,3.1096111971088867,-0.38798219362367803,-0.5216816107379358
2.5469698905944824,-0.6615698430787343,0.6606253865651295,0.13719992482070575,-1.3373100328829053,-1.3916284901494207,1.131008942232801,-4.9706077618258,-2.4953093330311598,-5.313216298692023,0.06186528748159657,-0.7629563951158571,0.11300101827598157,3.1096274095722656,-0.387975041066305,-0.5216777960406702
2.5490026473999023,-0.6615796116415529,0.6606164826875621,0.1372020046324984,-1.3373387185196077,-1.3916225317892392,1.131025485711038,-5.2044049658852805,-2.5059430924637116,-4.9383429194145,0.06697882514332928,-0.7765640211372318,0.11193201993311185,3.109631224269531,-0.3879902998553675,-0.5216496626483362
2.5510659217834473,-0.6615931901372174,0.6606016286004189,0.13725366261465527,-1.3372187729661857,-1.3916635236899855,1.1310288264710306,-5.331803086332116,-2.603233180421462,-5.001922344735605,0.06711010622406703,-0.7757993561631189,0.113981610808437,3.1096274095722656,-0.3879440466510218,-0.5216658751117151
2.5530929565429688,-0.661598309923508,0.6606030685010655,0.13723151876231682,-1.337304363812318,-1.3916602978215407,1.1310567942248038,-5.213755473118674,-2.4840356011060987,-4.978413420426478,0.06382377509842205,-0.7768158220021257,0.1166676864905415,3.109706087703369,-0.3879664579974573,-0.5216777960406702
2.5551161766052246,-0.6615913396344064,0.660620854311402,0.1372664934136742,-1.3373061270747773,-1.3916357756914715,1.131005141297255,-5.129655069632907,-2.5757724282952763,-5.209555088617354,0.07030889121838266,-0.7784014059651568,0.11938032038512134,3.1097070413776855,-0.38799745241274053,-0.5216534773456019
2.5571415424346924,-0.6615957935456788,0.6606204450220692,0.1373125607681991,-1.337236018396574,-1.3916541701933405,1.130978177587186,-5.167723803512307,-2.7956391336987645,-5.149596392576909,0.06458321452278745,-0.7808685818992815,0.11652309087730386,3.109715147609375,-0.38798648515810186,-0.5216658751117151
2.559170961380005,-0.661594254069616,0.6606229512871019,0.13730326891414635,-1.337283996961661,-1.3916405418419144,1.1309764655702141,-5.373139126184586,-2.6673569390771044,-5.249487425529537,0.061744967436458305,-0.7814890134770988,0.12406382304581735,3.10972706853833,-0.3880098501788538,-0.5216568152057093
2.5612001419067383,-0.6616063843306035,0.6606027314843269,0.1373037797053743,-1.3372632526602803,-1.3916749807301163,1.1310114556868518,-5.540456535549559,-2.5236493647628198,-4.990863363025734,0.06575652157269615,-0.7881479828272588,0.12627337516976114,3.109755201930664,-0.38798648515810186,-0.5216887632953089
2.5632426738739014,-0.6616136550974334,0.6605944240003573,0.13732060823024708,-1.3372907047642655,-1.3916586337078696,1.1310419444728415,-5.419294705259387,-2.5831530748197276,-5.117614577622883,0.06577829264830592,-0.780068568274771,0.12366372655473219,3.109759493465088,-0.3879902998553675,-0.5216386953936976
2.5652709007263184,-0.6616015070185237,0.66060303421854,0.13733970633832332,-1.3372748755333075,-1.391654326599117,1.1310380196218977,-5.665206703020072,-2.6975082422535395,-5.051190226991955,0.06793438366171799,-0.7806518299322762,0.12395460291273025,3.1097752290913085,-0.38797122636903936,-0.5216496626483362
2.567298650741577,-0.661591246789506,0.6606115585255634,0.13736964132214002,-1.3372596334870412,-1.3916459336233022,1.1310243082240932,-5.509867248560637,-2.5077075823595747,-5.130583286111412,0.0695109804285502,-0.7776302431670017,0.1276298756399853,3.10978810369458,-0.3879626433001917,-0.5216496626483362
2.5693256855010986,-0.6615960600341964,0.6606174409225762,0.13740007930674242,-1.3372382322970369,-1.391646592047314,1.1310030292295055,-5.471237641866219,-2.931631130556025,-4.991730063881449,0.07180833499580125,-0.7816639246361078,0.11905369783553806,3.1098076540180664,-0.38797122636903936,-0.521642033253805
2.5713536739349365,-0.6616051327166724,0.6606019883940214,0.13737955785884626,-1.3373162005000003,-1.391647703976091,1.1310396454505327,-5.423300332702171,-2.6870705494678377,-5.403790016391539,0.06486832524369066,-0.7747448240081439,0.12376067577806754,3.109847231502197,-0.3879936377154749,-0.521642033253805
2.5733819007873535,-0.6615828228664992,0.6606339043276773,0.13742191513607893,-1.3372839615737282,-1.3916253068010453,1.1309843798545232,-5.5196979295072,-2.66009902512704,-5.253859739388171,0.06771199300298635,-0.782229680834993,0.12513308057041808,3.109862967128418,-0.3879902998553675,-0.5216458479510706
2.5754098892211914,-0.661600385910736,0.6606148444636317,0.13740004900025968,-1.3372981627433587,-1.391643691426926,1.1310211022418621,-5.48311490282682,-2.740901387298333,-5.536423897594682,0.06668110866767511,-0.779112045850698,0.12321411024915947,3.1098677355,-0.3879902998553675,-0.5216453711139124
2.5774378776550293,-0.6616126476138516,0.6605907128915235,0.13740372415051202,-1.3373030177514962,-1.3916656861105603,1.1310926119831746,-5.499815240772165,-2.58443824378756,-5.17431048431423,0.06458623694533083,-0.7882022944550628,0.12456566911858236,3.109907312984131,-0.38795549074281865,-0.5216496626483362
2.579465866088867,-0.6615933540080567,0.6606199669818795,0.1374557546847154,-1.3372856140627982,-1.391641363811723,1.1310267799981086,-5.525722019018845,-2.668351070698085,-5.318454841765435,0.0626526915181064,-0.7838955374957286,0.12023659205667139,3.109931154842041,-0.38797122636903936,-0.521649185811178
2.5814929008483887,-0.6616063868989124,0.6606195936538527,0.13748133862079084,-1.3372257466224746,-1.3916683688028024,1.1309851197578455,-5.578418216716356,-2.710836750737384,-5.234474012330706,0.07160092469726684,-0.786387036083135,0.11846920973632585,3.1099397379108886,-0.38798267046083623,-0.5216730276690882
2.5835206508636475,-0.6616145718614221,0.6606025081703649,0.13746132352969098,-1.337297335836952,-1.3916723552876344,1.1310515215299715,-5.761488627352496,-2.477329065532669,-5.353376941481901,0.07133070311129093,-0.782617560942245,0.125005569891503,3.109994097346924,-0.3879788557635706,-0.5216730276690882
2.585547685623169,-0.661601610529369,0.6606024746960815,0.13750484079940403,-1.3372999110893666,-1.3916442461750382,1.1311067519161861,-5.737042091776843,-2.4694542576765475,-5.352929082509125,0.06488489095276467,-0.7845627112544892,0.12640302382485447,3.110010786647461,-0.3879316488849085,-0.5216224829303187
2.587575674057007,-0.6616144705706642,0.6606035191183476,0.13752705251906425,-1.3372368525213012,-1.3916703498238787,1.131010070762357,-5.694917034798475,-2.6054320961019335,-5.281591559726493,0.06938756767532088,-0.7851573568393139,0.11921600968716631,3.1099793153950195,-0.38798267046083623,-0.5216530005084437
2.5896036624908447,-0.6616052201375731,0.6606047255124509,0.13751712010169365,-1.3372917327291094,-1.3916486494055287,1.1310515156276926,-5.819303539611425,-2.508378664561231,-5.34546818171567,0.06952448735563556,-0.7824859421924335,0.12091769446884305,3.109999819392822,-0.38797122636903936,-0.5216334501849573
2.5916318893432617,-0.6616154541746748,0.6606023825959778,0.13753652830375612,-1.3373039772150448,-1.3916456839610942,1.131039710839735,-5.773963401523077,-2.5614590758903617,-5.173601134648467,0.0740411864505372,-0.7864679217852585,0.12057851595728433,3.110015555019043,-0.38799745241274053,-0.521613899861471
2.5936598777770996,-0.661603473725326,0.6606207471703559,0.1375722282673531,-1.3372786792087261,-1.3916313630660435,1.1310269034247198,-5.914570771721789,-2.5949367822060587,-5.388832971176034,0.071781094596129,-0.7812910769199243,0.11708995012395408,3.110039396876953,-0.3879793326007288,-0.5216057936297815
2.5956878662109375,-0.6616163858982151,0.6606013311407971,0.13758025019274847,-1.3372502095414882,-1.3916706281902966,1.131056937733711,-5.788211685403845,-2.4396666907920332,-5.451027738265784,0.07504390746957923,-0.7768534604012048,0.11789723625392774,3.110079451198242,-0.38795549074281865,-0.5216458479510706
2.5977158546447754,-0.6616051294688894,0.6606172624643771,0.13761209792920145,-1.3372989652881933,-1.3916394795078595,1.1310353534867603,-5.889386856738846,-2.435528117915908,-5.322834905888586,0.07530294367489335,-0.7811520276889043,0.1176329062459012,3.1101223665424804,-0.38798267046083623,-0.5216248671161097
2.5997438430786133,-0.6616241821032549,0.6606073894089691,0.13761712478958568,-1.337246202791803,-1.3916695552433966,1.1309946302702674,-5.820034577619699,-2.3613519574919364,-5.647145278317513,0.07190576408675818,-0.7772670532970196,0.1165758117009336,3.110095663661621,-0.3880060354815882,-0.521642033253805
2.6017708778381348,-0.6615998467209774,0.6606302456346277,0.13761240650786719,-1.3373474794261273,-1.3916201869556493,1.1309717936185253,-5.962101535320077,-2.552878675783806,-5.369705882199012,0.0731364612695003,-0.7831527754180952,0.11088435016099021,3.110123320216797,-0.38804608980287725,-0.5216258207904261
2.6037986278533936,-0.6616246511536226,0.6606015167102739,0.13765965217904066,-1.3372535284112985,-1.3916698185142504,1.131037533257701,-6.0795524075848135,-2.528511865880544,-5.333553170803709,0.07204542254887994,-0.7820086859419805,0.11059396235545031,3.110163374538086,-0.3879793326007288,-0.5216334501849573
2.605846881866455,-0.6616177026196375,0.6606191917838299,0.13766123789813084,-1.3373102709119749,-1.3916312349309485,1.1310289383300234,-6.327939601855905,-2.5956364506551655,-5.219118931582856,0.07739476467416796,-0.7840191000957323,0.10338763074079986,3.110175295467041,-0.3880060354815882,-0.521590534840719
2.607903242111206,-0.6616152789119751,0.660617772305748,0.13768775459262,-1.3372917213398858,-1.391638478593266,1.131033721362899,-6.316627155052611,-2.375853139338682,-5.35909208716838,0.07995507382149167,-0.7780027273869646,0.10215803160660827,3.1102029520222167,-0.3879902998553675,-0.5216024557696741
2.6099321842193604,-0.6616126488266241,0.6606166694960068,0.13767900645181944,-1.3373404751217406,-1.3916224061250644,1.1310375462286226,-6.40228329947058,-2.4669187502586905,-5.380082846690151,0.07446317874990666,-0.7802594606872193,0.09719403877671214,3.1102029520222167,-0.3880108038531702,-0.5215867201434534
2.6119585037231445,-0.6616184972272345,0.6606170695510301,0.13770666307962462,-1.3373101056866856,-1.3916390914855585,1.1310007320831914,-6.482421701021207,-2.401941496344191,-5.314611212554068,0.07879894787809016,-0.7783203730245144,0.0978068880431096,3.1102234560200195,-0.3880265394793909,-0.5216096083270472
2.613981008529663,-0.6616154753390261,0.660623128085587,0.13774358110675872,-1.337243395522914,-1.3916458042080935,1.1309774560673462,-6.518323823294448,-2.583622984203176,-5.315726451585194,0.08002046820480165,-0.7765890049153846,0.09172237846083514,3.1102158266254882,-0.3880069891559046,-0.5216129461871546
2.6160166263580322,-0.6616196532709752,0.6606132397448312,0.1377439558984591,-1.3372976153888598,-1.391648740159551,1.1309839399882877,-6.550359575858382,-2.224969011246237,-5.467303951767803,0.08106725959317906,-0.7709574311946785,0.09472204009800031,3.1102558809467773,-0.38803369203676397,-0.5216248671161097
2.618036985397339,-0.6616245409837593,0.6606019295546658,0.13778846242726933,-1.3372162899305593,-1.39166935674017,1.1310137672087708,-6.565163789739333,-2.162135020679303,-5.379231786464459,0.08054698225359519,-0.7713219110116748,0.08434976583563603,3.110259695644043,-0.3879793326007288,-0.5216215292560022
2.6200575828552246,-0.6616212973694138,0.6606106277093252,0.13781346163085298,-1.3372339690277049,-1.391637050178509,1.1310302629786733,-6.803198945669551,-2.2441320984029356,-5.3814548495839745,0.08170347510037264,-0.770366664816757,0.08407948457753157,3.1102635103413085,-0.3879755179034632,-0.5215624014483851
2.622080087661743,-0.6616302884366781,0.6606118113948586,0.1378316083583127,-1.3372781102917208,-1.3916340958472322,1.1309962837701928,-6.801316461451179,-2.3361348637098143,-5.376082208779427,0.0834197368462685,-0.7694744919945902,0.07712059820146687,3.1103073793598632,-0.38802987733949834,-0.5215624014483851
2.6241087913513184,-0.661633856263229,0.6606031253352848,0.13781567703813932,-1.337251992058394,-1.3916646493258678,1.1309852020547138,-6.7645130294423295,-2.1137178798135197,-5.329012979155905,0.07959379759975455,-0.7671011288957879,0.07440293775782994,3.110304518336914,-0.3880265394793909,-0.5216129461871546
2.6261367797851562,-0.661631749084526,0.6606168812120683,0.13787628549296363,-1.3372497950370614,-1.3916451947387167,1.1309696105642448,-6.913274216038426,-2.0462869585737717,-5.480095259813204,0.08591455997161315,-0.7642519790110247,0.07077017064864449,3.1103555399128417,-0.38803369203676397,-0.5215819517718714
2.628164768218994,-0.6616205935428525,0.6606167211328702,0.13785723027961203,-1.337295716166788,-1.3916387616909043,1.1309820556202463,-7.322498923074664,-1.853574657943192,-5.330173797332705,0.08203271246810931,-0.7698327819717711,0.07150143653993274,3.1103707987019042,-0.3880351225482386,-0.5216010252581995
2.630192756652832,-0.6616423206421894,0.660609444746393,0.1379155384290513,-1.3372005505435434,-1.3916633232973272,1.1309412293140915,-7.280522525147492,-1.8944148165576882,-5.20266016269899,0.08278410740922619,-0.772598941374215,0.06525419164967727,3.110356493587158,-0.3880422751056116,-0.5215867201434534
2.632221221923828,-0.6616415379275228,0.6606011060947763,0.13792889340416759,-1.337241679935638,-1.3916473621786973,1.1310048654950327,-7.384754589698948,-1.9249767998813998,-5.167986000342416,0.08926827293605771,-0.7690473060925087,0.06032092702739969,3.110391302699707,-0.38801891008485967,-0.5215509573565882
2.634248971939087,-0.6616336905596214,0.6606068524746745,0.1379110386365381,-1.33727511981102,-1.3916491775878088,1.1310211627674231,-7.412748847696135,-1.944428440644508,-5.178464771217128,0.08960207637124765,-0.7645115170834337,0.056335648259109174,3.11043564855542,-0.3880108038531702,-0.5215819517718714
2.6362760066986084,-0.6616379485135313,0.6606102239537234,0.13797461979055747,-1.3372433597499307,-1.3916509420866092,1.130994266091661,-7.461850686719692,-1.9373984382079616,-5.1456924313424,0.08864151732221927,-0.7673774893000129,0.050716392052849266,3.1104747492023925,-0.38801891008485967,-0.5215728918658655
2.638303756713867,-0.6616376426289515,0.660609411876814,0.13796651471467897,-1.3372369873930987,-1.3916606370504714,1.1309875088137824,-7.498139772699977,-1.6743136090673492,-5.377772334364709,0.08918118457834771,-0.7581677817499286,0.04749584389346925,3.110475702876709,-0.38801891008485967,-0.5215938727008265
2.6403307914733887,-0.6616500520882868,0.6605998640664897,0.13799500604236586,-1.3372287768192908,-1.3916815558561142,1.1309759541420825,-7.650664012566268,-1.832590123515508,-5.156049673620808,0.09372201913583666,-0.762471175772703,0.042784242601587245,3.110518618220947,-0.3880351225482386,-0.5216129461871546
2.6423590183258057,-0.6616623355298098,0.6605899075789732,0.1380304258831831,-1.3371731846449753,-1.3916911365184985,1.1309832419911354,-7.680655984000018,-2.108519498808282,-5.164278954146585,0.09280060784930141,-0.7606413842356793,0.03843047363013369,3.1105028825947265,-0.38801891008485967,-0.521585766469137
2.6443932056427,-0.6616532486162442,0.6605992852251599,0.13804379077993978,-1.337202196512678,-1.3916628718503963,1.1309754813104296,-7.776301894431732,-1.9786410181229719,-5.2983201220240606,0.08990349131151994,-0.7620194575006544,0.03703628705908063,3.1105004984089355,-0.38803130785097295,-0.5215542952166956
2.646434783935547,-0.661651851374588,0.6605969151611623,0.13802761530539256,-1.3372291652373125,-1.3916763477717748,1.131018788476138,-7.848868326525583,-1.9618593618779172,-5.102062124628973,0.09620041727239159,-0.7643040319478015,0.03331646689824692,3.11056296407666,-0.3880069891559046,-0.5215891043292444
2.6484627723693848,-0.6616568738016196,0.6605987373450729,0.1380838867497426,-1.3371931756324462,-1.391674450298493,1.1309603297528477,-7.996358621238341,-1.7893032403338816,-5.35449493141834,0.09395821680590576,-0.7599350931735019,0.03641244990141211,3.110555811519287,-0.3880394140826624,-0.5215728918658655
2.6504907608032227,-0.6616332298694261,0.660614153032836,0.138055195014809,-1.3373199433474805,-1.3916121486234183,1.1310055969797947,-8.054028560962005,-1.8293410144466418,-5.296010060177345,0.09260307292882147,-0.7577790729325178,0.03233781524802888,3.1105715471455078,-0.38804656664003545,-0.521519962941305
2.6525187492370605,-0.6616560089299748,0.6606072563300541,0.1380905878119635,-1.337280001897992,-1.3916543171963471,1.130961343949207,-8.058648636773572,-1.551341620606054,-5.228748590606524,0.09139354089817067,-0.7539829416559508,0.02871320389824563,3.110630674953125,-0.38807756105531865,-0.5215652624713343
2.6545469760894775,-0.6616700566030396,0.6605936280093133,0.13816283140820218,-1.3371614414395192,-1.3916719564363413,1.1309727933470146,-8.12343198068594,-1.8169221126020814,-5.295345943693376,0.09468582735603137,-0.748831392025698,0.02069594077550668,3.1106039720722656,-0.38803130785097295,-0.521527115498678
2.6565747261047363,-0.6616729447326215,0.6605850621032805,0.13813869295074685,-1.3372144156482653,-1.3916727910196216,1.1309973217551974,-8.072614732814937,-1.9140743483820672,-5.15577175479612,0.09816390719229409,-0.7564497016539296,0.02330574393136093,3.11062399923291,-0.3880427519427698,-0.5215342680560511
2.6586029529571533,-0.6616566349685316,0.6606025107733408,0.1381224545046645,-1.337326631987712,-1.391629889431464,1.1310312866475492,-8.38478065652177,-1.733545317879462,-4.932021951484774,0.09463435173334181,-0.7584720345110854,0.023062148829403984,3.110686941737793,-0.3880537191974085,-0.5215109030352991
2.660630941390991,-0.6616648469368036,0.6605930814787205,0.13817018677986803,-1.3372306508304652,-1.3916646690999528,1.131034878107441,-8.3910033760532,-1.4859429395366752,-5.282059119324983,0.09075443479576469,-0.7463020146544531,0.02348482649879686,3.11070363103833,-0.3880117575274866,-0.5215342680560511
2.6626672744750977,-0.6616534813926656,0.6606120194388516,0.13819946561992608,-1.3372721902377382,-1.3916287992294651,1.1309873441467855,-8.302747010266023,-1.7072147247067193,-5.035154907368204,0.09936071288753412,-0.7555481494754657,0.007141080474945658,3.1107169824787597,-0.3880551497088831,-0.5215061346637171
2.6646950244903564,-0.6616716794903733,0.6605912258952913,0.13819396993654398,-1.3372743852246245,-1.3916444940903212,1.131035922440395,-8.428558949502989,-1.62947946801359,-5.211708898570901,0.09804658258854644,-0.7489826501122122,0.0042992752702173485,3.1107241350361328,-0.3880427519427698,-0.5214908758746546
2.6667230129241943,-0.6616733588468061,0.6605943771188469,0.13823099393270877,-1.33725700464446,-1.391651103324278,1.1309869581816978,-8.372591463386021,-1.6670552116679431,-5.2649392536624955,0.09608447318609994,-0.7436160712031669,0.007312038920331669,3.1107441621967773,-0.3880704084979456,-0.5215061346637171
2.66878604888916,-0.6616900545795238,0.6605779285330577,0.1382171912193857,-1.3373003914923431,-1.391662356757865,1.1310555967775073,-8.288647224461862,-1.716682087483024,-5.258743010745482,0.09776226506182922,-0.7443440914170244,0.005810100206803099,3.1107989984699707,-0.38805896440614873,-0.5214980284320276
2.6708152294158936,-0.6616933620983468,0.6605825806722279,0.1382377547572193,-1.3372377734626488,-1.3916790896939486,1.130990397413978,-8.486425141189232,-1.586461602341769,-5.222871319062715,0.10096461231219002,-0.7451526459155734,0.00597561190512092,3.110771818751953,-0.38807756105531865,-0.5215209166156214
2.6728451251983643,-0.661694153346167,0.660583628474634,0.1382531289965548,-1.3373105636847065,-1.3916525002176368,1.1310098103725095,-8.445926966585887,-1.3505772755922132,-5.1794967912553105,0.09059149232583598,-0.7429208436535834,0.0026417173996054893,3.110816164607666,-0.388101879750387,-0.5214827696429651
2.6748759746551514,-0.6616933395767871,0.6605856084108083,0.13828340700378378,-1.337273800890596,-1.391647745111877,1.1310491719433875,-8.364038936059515,-1.5671073602582037,-5.008525561964579,0.10157330404415285,-0.7437551364503022,-0.0034254920317429525,3.1108319002338867,-0.3880551497088831,-0.5214546362506312
2.676907539367676,-0.6617002032321224,0.6605872185291648,0.1382878694300187,-1.337292411380106,-1.3916602838069876,1.131006787497079,-8.492683672201625,-1.3571238372704346,-5.17750287273131,0.09658076330387104,-0.745700111157155,-0.002325268870971611,3.1108667093464355,-0.3880985418902796,-0.5214861075030726
2.6789357662200928,-0.6617001248556929,0.6605826991839037,0.1382932020689765,-1.3372751048898943,-1.3916701880847286,1.131016566329187,-8.344563355847207,-1.4317963157695694,-5.4156249500283655,0.09270063329234976,-0.7426285306835351,-0.0075072958382052905,3.1108719545551757,-0.3880828062640589,-0.5214980284320276
2.6809639930725098,-0.6616970288660651,0.6605800619210804,0.13828675005512456,-1.3373190054188215,-1.3916663536576905,1.1310156358384102,-8.28721644969567,-1.4113147031267492,-5.1030937023599705,0.09554809544506981,-0.7481846295232318,-0.0010807888773446076,3.1108919817158203,-0.388101879750387,-0.5215089956866663
2.682993173599243,-0.6616878632685805,0.660601758832989,0.13835910948801006,-1.3372815399101456,-1.3916334187214958,1.130979217858671,-8.293224369032838,-1.236255372462662,-5.2733231753678504,0.09097391094534274,-0.7474971726250773,-0.005922969205401064,3.110895796413086,-0.388101879750387,-0.5214546362506312
2.685030698776245,-0.6616980411479201,0.6605847311508158,0.13835626571305826,-1.3372626758864365,-1.3916681486736628,1.1310146740748113,-8.261476905504695,-1.661309851005171,-5.076106711484503,0.10139958598226238,-0.746907621415419,-0.011693540462828214,3.1109320360371093,-0.38807565370668584,-0.5214932600604456
2.687070846557617,-0.6616987667248542,0.6605874887132632,0.13834310485110612,-1.337318767867909,-1.3916426254479488,1.1310511125223437,-8.26327758784472,-1.412304865903455,-5.123119609719708,0.09321575318562725,-0.7404954145009561,-0.010575059362778392,3.1109439569660644,-0.38807899156679326,-0.5214503447162073
2.6891021728515625,-0.6617241300831401,0.6605690577683698,0.13838020358397418,-1.3372658127545938,-1.3916746766279262,1.1310179716297672,-8.105943917547538,-1.6651726544517722,-5.192908984759565,0.10089142070474735,-0.7424828738244688,-0.015748322107168214,3.110940142268799,-0.38810569444765264,-0.521454159413473
2.691129684448242,-0.6617200896955837,0.660577818972607,0.13836842464742605,-1.3373092829437245,-1.3916642226656535,1.1310260527510987,-8.158347014403553,-1.5003726369787245,-4.992051958598071,0.09785953245999729,-0.7510181805205048,-0.012803200638037752,3.110976381892822,-0.3881138006793421,-0.5214574972735804
2.6931581497192383,-0.6617274014390575,0.660563257012692,0.13839250307296014,-1.337313354085796,-1.3916606594315961,1.131067328573232,-8.130429097414021,-1.5676299828397602,-5.135115097444832,0.10227279321089906,-0.7487026215482533,-0.015415542546976939,3.1109844881245117,-0.3880985418902796,-0.5214222113238733
2.6951868534088135,-0.6617177982067621,0.6605824040647409,0.13839656748273838,-1.3373329045386304,-1.3916429478326626,1.1310345524883283,-8.198789233779587,-1.5018281636393278,-5.007454920678145,0.10204957119084618,-0.7514822643738297,-0.010793805844107229,3.1110002237507324,-0.3881185690509241,-0.5214226881610315
2.6972148418426514,-0.6617271840994756,0.6605752014942564,0.13841211971418654,-1.3373307209981944,-1.3916618785019872,1.1310542365687428,-8.086377094705542,-1.3032495107992972,-5.294138509540262,0.09412405624304099,-0.7415848343430396,-0.010564870268526412,3.111055536861084,-0.38811046281923467,-0.5214412848102015
2.6992428302764893,-0.6617163086592581,0.6605800646023491,0.13841609771617314,-1.3373437836444728,-1.391633347051082,1.1310797445861465,-8.218444286414067,-1.3903521484452839,-5.08773054989558,0.0981585342836308,-0.7459284992004632,-0.011878764822791295,3.111032171840332,-0.38809091249574834,-0.5213983694659632
2.701270818710327,-0.6617269792992222,0.6605769546571609,0.1384149997939968,-1.3373557568379915,-1.3916510024499364,1.1310604459351559,-8.167182326510172,-1.607611384973065,-5.226842540296627,0.09363687010946428,-0.7530813137105339,-0.012447444609528357,3.111067457790039,-0.3881185690509241,-0.521426026021139
2.703298807144165,-0.6617382727875625,0.6605663729610867,0.13844880008807833,-1.3373288713728664,-1.3916614324807477,1.1310365472075685,-7.866577351900008,-1.6333649952612246,-5.1712279682933495,0.10233545110632072,-0.7486912309479312,-0.015369463903691974,3.111060305232666,-0.38813764253725225,-0.5214174429522913
2.7053263187408447,-0.6617295672803323,0.6605617691794013,0.13842929075048427,-1.3373230102527103,-1.3916690054279555,1.131108929683136,-7.902045960391374,-1.5748512316743275,-5.077670409304547,0.09630047607979039,-0.7530008417316305,-0.01096130187566398,3.1110803323933105,-0.3880718390094202,-0.521433178578512
2.7073538303375244,-0.6617133780484196,0.6605961390974637,0.13845695816253903,-1.3373888219393042,-1.3916174638417438,1.131024097972826,-8.032036692439261,-1.3528357898447978,-5.319657693501846,0.0962333150143381,-0.7493532909965018,-0.0069650381627876096,3.111099882716797,-0.3881467024432581,-0.5214021841632288
2.7093818187713623,-0.6617214048409772,0.6605908200608593,0.1384692214732012,-1.3373908107867942,-1.3916206463271223,1.1310656094570384,-7.971699806661731,-1.8172408996385454,-5.130257765688028,0.0984823918591402,-0.754586825479929,-0.008601891723516664,3.1111361223408203,-0.38812572160829717,-0.5213864485370081
2.7114098072052,-0.661734989389696,0.6605810414486163,0.1384755609380166,-1.3373616095539653,-1.3916479450384065,1.13106189327549,-7.99052985539427,-1.5294412904977917,-5.052492550860188,0.099332297705947,-0.7616944978129194,-0.002045666591146616,3.1111513811298828,-0.3881266752826136,-0.5214093367206019
2.7134387493133545,-0.6617427108115903,0.6605588162252494,0.13846628562769842,-1.3374140703852342,-1.391638886835463,1.131098693439912,-7.738119901553257,-1.455996729772275,-5.39342174627991,0.09445048527172198,-0.750460251585008,-0.0031059955323288063,3.1111323076435546,-0.3881414572345179,-0.521374527608053
2.715467929840088,-0.6617570064618745,0.6605566234112313,0.1385007388830842,-1.3373386712702307,-1.391662555198566,1.131081307485195,-7.6986041893805055,-1.8792061600436765,-5.259526080754887,0.09661974256973459,-0.7604867474141925,-0.009509528053913302,3.1111370760151367,-0.3881304899798792,-0.5213778654681605
2.7174956798553467,-0.6617407408318216,0.6605802920958325,0.13849539189894838,-1.3374348686023654,-1.3916295126111,1.131097276428404,-7.607997365669055,-1.3166630053118775,-5.415926949631526,0.09327341643384612,-0.7596576114491829,0.008972673629187019,3.111227198238037,-0.3881428877459925,-0.5213778654681605
2.7195236682891846,-0.6617534814882124,0.6605511509833035,0.13848856708243332,-1.337457973005229,-1.391641478030185,1.1311401186292545,-7.570886479415469,-1.955044051512365,-5.285252545647375,0.09553040148835254,-0.7603478219117289,-0.0014682561106477334,3.1112162309833984,-0.3881428877459925,-0.5213664213763636
2.7215769290924072,-0.6617371571060323,0.6605804279754345,0.1385106506007243,-1.3374369653657745,-1.3916214917772383,1.1311054969554728,-7.601158027901474,-1.8299512334053343,-5.409609087830937,0.09238068992052093,-0.7599189411348933,0.0028245592856348672,3.1112324434467773,-0.38813573518861944,-0.521364990864889
2.723604917526245,-0.6617566870465276,0.6605556651968819,0.1385298780500912,-1.3373673932502455,-1.3916602267246974,1.1311384552197572,-7.658305344473633,-1.7596900103120547,-5.3303775568800145,0.09502489759111597,-0.7691164615824083,0.008900953317884788,3.1112286287495117,-0.3881004492389124,-0.5213735739337366
2.725632905960083,-0.6617637026215558,0.6605563737296453,0.1385412382780254,-1.3374350945076063,-1.3916379107299952,1.13114314500317,-7.5796912782664165,-1.9326956344816493,-5.802313572141308,0.08973867223421883,-0.7646294012780729,0.011958168530061479,3.111264391536377,-0.38813907304872686,-0.5213349501239222
2.727660655975342,-0.6617477881255195,0.660587396653392,0.13856589511698122,-1.3374175224057367,-1.3916182219455313,1.1310689125472086,-7.73053881323956,-1.6876634320985155,-5.803328436772527,0.09230270427360367,-0.7811614590273709,0.03323596873197973,3.1112682062336425,-0.388162914906637,-0.5213421026812952
2.729689121246338,-0.6617705687855888,0.6605563486281203,0.1385625731453109,-1.3374433205170344,-1.3916311075951513,1.1311635977131418,-7.567011130465806,-1.8611548608543003,-5.6434065633748745,0.08961512027650825,-0.7824861290579486,0.034835976284519,3.11129538595166,-0.38813573518861944,-0.5213072935687464
2.7317168712615967,-0.6617647180497901,0.6605656860718246,0.1385435372967426,-1.3374694144104589,-1.3916358160521496,1.1311285972839134,-7.66207050515208,-1.8390091198844427,-5.33525209150438,0.09105583677357738,-0.7754016179657466,0.03193214850677037,3.111316366786621,-0.388162914906637,-0.5213492552386683
2.7337448596954346,-0.6617464114589171,0.6605914088230682,0.1385723593415569,-1.3375036758946632,-1.3915932471128898,1.1310880466785134,-7.685461813140686,-1.612716900518132,-5.09281716428899,0.08787579922113552,-0.7554198455507825,0.020252881461671625,3.111328287715576,-0.3881896177874964,-0.5213182608233851
2.7357728481292725,-0.6617638881491734,0.6605647223368617,0.13857417727800736,-1.337470766603222,-1.3916203683928188,1.1311283684939275,-7.651533750974543,-1.44870700988699,-5.1052472823923125,0.08767524485692496,-0.74837798741674,0.014619353946711017,3.1113125520893554,-0.38816672960390264,-0.5213149229632776
2.7378008365631104,-0.6617510555013668,0.6605935697488693,0.13860244495723742,-1.3374731651905065,-1.391606131367895,1.131064313499537,-7.1622669798964536,-1.931449657729062,-5.347443309472844,0.09304047780287339,-0.7631236567107923,0.01802313772126768,3.1113554674335937,-0.3881943861590784,-0.5213335196124476
2.7398428916931152,-0.6617603566970127,0.6605652473693907,0.13860192684844744,-1.337450932226415,-1.3916239428280164,1.131151252858588,-7.3068776653992975,-2.17221117468349,-5.846160003487219,0.08971840581777246,-0.7804114561300339,0.044676340145493966,3.1113483148762207,-0.38813573518861944,-0.5213182608233851
2.741870880126953,-0.6617623010682927,0.6605688014930156,0.1385848929112103,-1.3375295414213864,-1.3916092976040917,1.131166998524873,-7.393869478373457,-2.537013468694109,-5.997196831024157,0.09102838915017963,-0.7966903649986995,0.057297222979724755,3.1113955217548828,-0.388162914906637,-0.5213101545916956
2.743898868560791,-0.6617518318456359,0.660590244315444,0.13860776432750202,-1.337488997283448,-1.3916042721246134,1.1311029200433618,-7.380451294969019,-2.103289284583154,-5.9179905444657885,0.08907718157291597,-0.7917994352489257,0.057626293433440515,3.1113883691975097,-0.3881748358355921,-0.5213254133807581
2.745926856994629,-0.6617737548941105,0.660568938578484,0.13863147323795807,-1.3374989561993178,-1.3916129279591365,1.1311259553290292,-7.445732057514835,-1.7968422583254213,-5.344145888305634,0.08745978123582351,-0.7828958912169117,0.03676426968955564,3.111403627986572,-0.3881905714618128,-0.5212939421283167
2.7479538917541504,-0.6617643286855467,0.6605766077091416,0.13862549396266638,-1.3375244687154872,-1.3916029657298443,1.1311526375136227,-7.55876694213967,-1.5718316628856288,-5.106291911370985,0.09233054544965459,-0.7744366791305094,0.023195014111681386,3.1114365297504882,-0.38817149797548467,-0.5212972799884241
2.7499818801879883,-0.6617844639334289,0.6605684819650297,0.1386410696916542,-1.337551634675637,-1.3915987759723654,1.1311760174949501,-7.427491958555355,-1.5253053055100838,-5.38608586718468,0.08433552901586501,-0.767797689404092,0.02325644154985338,3.1114675241657714,-0.3881905714618128,-0.5212543646441858
2.752009868621826,-0.6617744815142275,0.6605709817512743,0.13865637111814708,-1.3375299025557736,-1.3915961082710975,1.131149119979022,-7.284743947317875,-1.9454713694184866,-5.669221753669263,0.08680436261332515,-0.7772931727627765,0.03597144292029577,3.1114446359821777,-0.3881905714618128,-0.5212629477130335
2.754037857055664,-0.6617792242937299,0.6605663789081707,0.13867416209238329,-1.3374860116922387,-1.3916213047288262,1.1311238424867636,-7.131725936464604,-2.500365823975762,-5.662505268534159,0.09281188264343972,-0.7946989113812594,0.052423542577032356,3.111452742213867,-0.3881905714618128,-0.5212972799884241
2.756065607070923,-0.6617837833579008,0.6605657296603348,0.13864330717031065,-1.337566605452114,-1.391597698368706,1.1311907646309636,-7.098013822222248,-2.386867764632011,-5.672248927226034,0.09270692134487349,-0.795389921495558,0.06346257372021004,3.1114842134663085,-0.38818675676454717,-0.5212543646441858
2.75809383392334,-0.6617774271416181,0.6605797711520314,0.13867979476118644,-1.337546208778177,-1.3915850227416835,1.1311560950226163,-7.241169387503558,-2.063927622202846,-5.622224338844617,0.08677481643018597,-0.7881283170979714,0.061035759694626976,3.111492796535156,-0.3881943861590784,-0.521242920552389
2.7601218223571777,-0.661766087608185,0.660578806203685,0.13867151750306433,-1.337586484305073,-1.3915839073405916,1.131154689356548,-7.139509100768177,-1.8563752040362698,-5.5419579147721745,0.08685829166988929,-0.777974639534478,0.04599360428793848,3.1115166383930664,-0.3882024923907679,-0.5212739149676722
2.7621498107910156,-0.6617794540172419,0.660571509391822,0.13868499387766564,-1.3375787602447946,-1.3915916898407528,1.1311536416748724,-7.32851171480206,-1.5735802839692228,-5.168155235351407,0.08232617613762855,-0.7869090581205903,0.04559180048460453,3.1115237909504394,-0.38821441331972295,-0.5212615172015589
2.7641777992248535,-0.6617870714496644,0.6605657038545028,0.1387130969781291,-1.3375195557779027,-1.3916029705046908,1.1311694036934201,-7.081814248588044,-1.6954129124954893,-5.834038739862086,0.08831616679067653,-0.7845467594196801,0.04885460804932715,3.1115166383930664,-0.38818341890443975,-0.5212462584124964
2.7662057876586914,-0.6617858874747105,0.6605726287612615,0.13873946429367223,-1.337513864790559,-1.3915934160911931,1.131153967615722,-7.0984728793320135,-2.047985601138966,-5.752564471941801,0.08497472118391916,-0.8003950898303701,0.05461783864778649,3.1115285593220214,-0.3881905714618128,-0.5212309996234339
2.76823353767395,-0.6617854569277285,0.660566298115971,0.13871915335042911,-1.3375866271224501,-1.391583120347315,1.1312284330794766,-7.017300959365535,-2.021256605216479,-5.952859463938461,0.07773196507853863,-0.7913215133724838,0.06637234571457905,3.111583872432373,-0.38817149797548467,-0.5212190786944788
2.7702620029449463,-0.6617818289636486,0.6605778777634371,0.13872236185905573,-1.3376085723133686,-1.3915752369135705,1.1311757138976573,-7.128539391810376,-2.357467606198986,-5.507540033487599,0.08278441216359014,-0.797045075593105,0.06386038202801125,3.1115915018269042,-0.38821441331972295,-0.5212309996234339
2.772289752960205,-0.6617865455303084,0.6605807169627043,0.13874864439478682,-1.3375423629676049,-1.3915816772920655,1.131129758771379,-7.002214568968599,-2.238535639784515,-5.5662570809679774,0.08540474163941598,-0.7963950800439977,0.056948698280027646,3.111549063319824,-0.388221565877096,-0.5212224165545862
2.7743327617645264,-0.6617988397887682,0.6605654923762959,0.13875639246368204,-1.337595519863494,-1.3915795645960798,1.131195892793139,-6.993232239876947,-1.8403223777818463,-5.61876098477735,0.08848015115516084,-0.7863379860728489,0.06123739167059945,3.111607714290283,-0.38821441331972295,-0.5211957136737269
2.7763655185699463,-0.6617871184201878,0.6605769766281082,0.1387545124058551,-1.337597142713728,-1.391576169442929,1.1311544090096413,-7.017756898705309,-2.297656832792898,-5.757569246925483,0.08571687401476072,-0.7851277927149076,0.04906641640418074,3.1116043764301757,-0.38823062578310186,-0.5212224165545862
2.7784130573272705,-0.6618090515235483,0.6605547006693209,0.13877060922870202,-1.337571549709961,-1.3916025149365934,1.1311938308903289,-7.056533929794732,-1.8896820400003613,-5.620984735145882,0.08422159878570303,-0.7930822387764151,0.05803135507289818,3.1116244035908203,-0.38821441331972295,-0.5212152639972132
2.7804410457611084,-0.6617896001842465,0.6605791031067159,0.13879245574159704,-1.3375893700004184,-1.3915747233559541,1.1311734989052924,-6.998044771846599,-1.9915034545590709,-5.582070330069869,0.08595567833584365,-0.7968931047309695,0.04985065448559017,3.1116558748432617,-0.38821441331972295,-0.521210018788473
2.782468795776367,-0.6618008469698701,0.6605670079800738,0.13876311745039835,-1.3376895055474651,-1.3915584537418269,1.131197090251224,-6.965598756588423,-1.9199465583943716,-5.823017100113443,0.0827148132395735,-0.789766543376941,0.05187593884051881,3.1116677957722167,-0.38826162019838506,-0.5211790243731897
2.784497022628784,-0.6617981757367484,0.6605772195145343,0.13880088575943503,-1.337640656572159,-1.3915752246969646,1.1311533019563254,-6.836087148186018,-2.1275139705318895,-5.606998112448568,0.08905468718460274,-0.7938473719142712,0.04767464056527107,3.11170403539624,-0.38826162019838506,-0.521217171345846
2.786524772644043,-0.6618000503522706,0.6605703826448762,0.13880745443787157,-1.3375849228961418,-1.3915861068563027,1.1311788792976196,-7.053106432595445,-2.1937823941270267,-5.5781603716875185,0.08688744782314439,-0.8006051063254513,0.05008800717432949,3.1116763788410644,-0.3882196585284632,-0.521210018788473
2.78855299949646,-0.6617989060190382,0.6605730620397963,0.1388390678005727,-1.3375429181209137,-1.391577176621261,1.1311701671483192,-7.010009776407985,-2.1644482171373904,-5.5435045088198205,0.08819325578925644,-0.7978747297380414,0.05052573631295692,3.111649675960205,-0.3882072607623499,-0.5211790243731897
2.7905807495117188,-0.6617873944771706,0.6605972760269391,0.1388637301023221,-1.337572911032873,-1.3915637918091972,1.1311219546383462,-6.835402279854434,-1.8828388871805828,-5.770688693963276,0.0841833148274634,-0.7919543174791539,0.05049483999445043,3.1117159563251953,-0.3882382551776331,-0.5212019125567835
2.7926077842712402,-0.6618040928497912,0.6605669844989782,0.13883106501246995,-1.3376469593711593,-1.391563521477588,1.1312049574861551,-6.935070751718792,-2.026214088591736,-5.638662727633877,0.08669428028728787,-0.7931425126576086,0.04540036152201542,3.1117207246967773,-0.3882382551776331,-0.5211675802813929
2.7946360111236572,-0.6617897399985632,0.6605822884934391,0.1388599724298886,-1.3376202022226558,-1.3915609744183859,1.1311822396851055,-6.950404399309813,-2.0254553027226834,-5.426842974102934,0.09209156214706576,-0.7949636985171861,0.04133610936343724,3.111748381251953,-0.3882229963885706,-0.5211895147906702
2.796663761138916,-0.6618017805793861,0.6605793357303753,0.13888438692604899,-1.3375800700506797,-1.3915740388447446,1.131156791901697,-6.9155374353296715,-2.2269385045608394,-5.636461211288733,0.0891478061243352,-0.7939899073782641,0.03483910998346044,3.1117445665546875,-0.3882344404803675,-0.5211861769305628
2.798691749572754,-0.6618144750020931,0.6605606439625733,0.1388773288088478,-1.337574498394471,-1.391600603678027,1.1311918841420034,-6.930827573533731,-1.9848068498357971,-5.656622077244339,0.09121702604574733,-0.794631854453338,0.04156144739624084,3.11176507055249,-0.3882196585284632,-0.5212057272540491
2.8007187843322754,-0.6618059012072355,0.6605764948938198,0.1388892269491384,-1.3376685399146264,-1.3915509228200613,1.1311966965155915,-7.142441245401048,-1.78293039434344,-5.543059602131137,0.08825052595743674,-0.7954405897977548,0.0484781105889377,3.1118036943623046,-0.388254467641012,-0.5211504141436976
2.8027467727661133,-0.6618051921290128,0.6605770985442952,0.13892052394593044,-1.3375835887383685,-1.3915772655029846,1.1311631487408258,-7.027759008817628,-1.972466220403165,-5.5988894584040745,0.0897780509199442,-0.7955755268993265,0.04457368412196401,3.1117965418049316,-0.3882344404803675,-0.5211861769305628
2.8047738075256348,-0.6618273910476049,0.6605511626709447,0.13891787921107324,-1.3376276592236152,-1.3915834035394652,1.1312355444003304,-7.056585174715215,-2.1225287617142126,-5.74080715733407,0.08754753031787538,-0.7967705606581462,0.039448679717041725,3.111828013057373,-0.38823110262026006,-0.5211504141436976
2.806805372238159,-0.6618148827741792,0.6605726840495296,0.13894244788320428,-1.3376628798291619,-1.3915534924337667,1.131201599527392,-7.336600131305627,-1.96389348794278,-5.575308352441793,0.0882442641757257,-0.7983862944187976,0.03916023618042756,3.1118599611469726,-0.38825780550111944,-0.5211351553546351
2.808832883834839,-0.661827852893857,0.6605659749200237,0.13897376191778657,-1.337610323034471,-1.3915734077315023,1.1311995621083948,-7.268136855507101,-1.8504162265224313,-5.650659986876795,0.08551482749991639,-0.7966206429287618,0.04207541955171439,3.1118718820759277,-0.38824683824648076,-0.5211351553546351
2.8108608722686768,-0.6618286825109871,0.6605635192670917,0.13898795023606483,-1.3376190652638573,-1.3915673853428927,1.131188062128243,-7.215767199490128,-1.8687252429723893,-5.58287667728904,0.08517043682434156,-0.793888754906687,0.042391952328293854,3.1118685442158203,-0.38826257387270147,-0.52112323442568
2.812889337539673,-0.6618223249060254,0.6605619376272438,0.13899345320715856,-1.3376154990804476,-1.391570737328554,1.1311929084025247,-7.364222710276994,-2.0260477396516565,-5.4412926694388,0.09017326996690814,-0.7889729228992353,0.03985432375747565,3.1118766504475097,-0.3882506529437464,-0.5211384932147425
2.8149170875549316,-0.661840797925038,0.660565728977777,0.13902839964508742,-1.3375831132711393,-1.391589425624505,1.1311794403962663,-7.323391848420729,-2.0060322912125494,-5.828321252219292,0.08862713781920109,-0.784422876639032,0.04325030446110028,3.111935778255127,-0.38825875917543584,-0.5211423079120081
2.8169448375701904,-0.6618291377086931,0.6605696052299616,0.13904573894064304,-1.3375538364387567,-1.3915815978859924,1.1311625663225444,-7.3723012233284475,-1.9840093090830517,-5.65412206012966,0.08677139034920608,-0.7920030149008194,0.04388254606440076,3.1119047838398437,-0.38824683824648076,-0.5211384932147425
2.8189728260040283,-0.6618243257236649,0.6605796074846249,0.1390462482075013,-1.3376070222816452,-1.3915631161955526,1.1311619011739331,-7.270377932075924,-1.9849132868767727,-5.5963353411398025,0.08763807795981185,-0.7900881409863029,0.03899316227718194,3.1119438844868164,-0.3882663885699671,-0.521130386983053
2.821000814437866,-0.6618470280752992,0.6605451278772768,0.1390762802320905,-1.3375316153608758,-1.3916100030702423,1.131203285031918,-7.431523970650107,-1.4192998855911942,-5.597319956973094,0.08381614495214068,-0.7897610981172114,0.04776276457696403,3.1119438844868164,-0.38822728792299444,-0.5211423079120081
2.823028564453125,-0.661850010802878,0.6605659197706397,0.13909734363209802,-1.3375428810143457,-1.3915900097463583,1.1311461964981377,-7.509466158608884,-1.6722562561265122,-5.600879530363871,0.08526858589522167,-0.787612972967309,0.03965273477960753,3.111957235927246,-0.38827449480165654,-0.5211179892169397
2.8250572681427,-0.6618496986220006,0.6605563494848128,0.13910850225644852,-1.3375952968286529,-1.391580331245189,1.1311898095066748,-7.53821642009046,-1.654978606215353,-5.3229475862348465,0.08433025430035476,-0.7878144681215067,0.03551810446546573,3.1120006281086425,-0.3882706801043909,-0.521102253590719
2.827101945877075,-0.6618350702758091,0.660582373040122,0.1391003799386481,-1.337680529540758,-1.3915256881289502,1.1311776178175885,-7.53148103270706,-1.7010571883535845,-5.635485002370915,0.08728288091061483,-0.7805446223130451,0.037331439777278486,3.1120125490375976,-0.38830548921693975,-0.5210521856891077
2.829130172729492,-0.6618569526842139,0.6605548895378198,0.13913651043387415,-1.3375906577027181,-1.3915793974208963,1.1311975973848012,-7.441745059974169,-1.8318065608772118,-5.468292619131952,0.09089467477189697,-0.7854028954808491,0.03657634652690732,3.1120282846638183,-0.3882706801043909,-0.5210836569415491
2.8311588764190674,-0.6618356318072747,0.6605823217104836,0.13915244970699667,-1.337597191538872,-1.3915557223522184,1.1311652086008535,-7.626253731061256,-1.817727695097162,-5.441111862740078,0.09196505853562698,-0.7859252582092977,0.03012045212973459,3.1120521265217285,-0.3882706801043909,-0.5210908094989222
2.8331871032714844,-0.6618597069520533,0.6605612762588234,0.13919612584633756,-1.3375182973828046,-1.3915916417300978,1.1311550340075747,-7.631791713769126,-1.8067676407464308,-5.427921624376341,0.08837863855466636,-0.7885900876264256,0.02834070795666887,3.1120449739643554,-0.3882673422442835,-0.5210908094989222
2.8352150917053223,-0.6618564089567671,0.6605644032352542,0.13915115998862376,-1.337679414388952,-1.3915548856320399,1.1312002992316845,-7.487382725215778,-1.9949167186497283,-5.625147448943664,0.0948151649095009,-0.788666454826761,0.024060499326690528,3.1121079164692382,-0.3883093039142054,-0.5210664908038538
2.837242841720581,-0.6618680524921119,0.6605488774529166,0.13920188380834392,-1.337566456212592,-1.3915767923782247,1.1311852005305223,-7.73614428130046,-1.636739189993572,-5.6274338212799195,0.0926197959804145,-0.7841774028674182,0.023248660366925418,3.1120497423359375,-0.3882830778705042,-0.5210474173175257
2.839270830154419,-0.6618909541139534,0.6605443735981402,0.13921605439292475,-1.3375298797050228,-1.391624629359655,1.13113514973833,-7.686570495857696,-1.6751482900832932,-5.719176298709961,0.09115302344245844,-0.7842274386433992,0.016038353573841438,3.112105055446289,-0.38831788698305303,-0.5211094061480921
2.841298818588257,-0.6618536639535454,0.6605790772722757,0.13924139984480866,-1.3375759068455415,-1.391559297434138,1.1311088201151136,-7.749883539423607,-1.5580044229037584,-5.786213277352687,0.09254103900840642,-0.7769610778691497,0.014404862476588615,3.1121012407490234,-0.38832170168031865,-0.5210664908038538
2.8433268070220947,-0.6618619543173778,0.660563668443668,0.1392299671672215,-1.3376089342073332,-1.3915678414035568,1.1311811814687551,-7.689206705188456,-1.7887437072063694,-5.392078581869918,0.09187401305956341,-0.7846335352590204,0.015926436175964696,3.112145109767578,-0.3882945219623011,-0.5210626761065882
2.8453550338745117,-0.6618616358084434,0.6605663588680717,0.13925535586126364,-1.3375514523001917,-1.3915891490917247,1.131121859155733,-7.873857078918982,-1.6174908314933867,-5.333531076865256,0.09252329135709268,-0.7815093623970064,0.01781396810987491,3.112137480373047,-0.38830691972841436,-0.5211017767535608
2.8474388122558594,-0.6618738637047221,0.6605547522421193,0.1392436003126251,-1.3376543697779026,-1.3915630428218946,1.1311991535477968,-7.787384102860079,-1.4373327991674925,-5.435520446425066,0.09261326423335682,-0.7784617305497049,0.015167787402613412,3.1121842104145507,-0.38831788698305303,-0.5210393110858362
2.8494670391082764,-0.6618621319070188,0.6605678451173032,0.13927684128808393,-1.3376134243199769,-1.3915648174967439,1.1311657019919752,-7.8548512491632,-1.3904470713438415,-5.515598794542891,0.09055182727244696,-0.7754791387253613,0.013105032889696775,3.1121999460407714,-0.38830691972841436,-0.5210617224322718
2.8514952659606934,-0.66187462384391,0.6605672556578662,0.13929371984032587,-1.337593640456419,-1.3915781917067438,1.1311458134822454,-7.779818610265714,-1.8150048111582882,-5.441173364762747,0.09317716310622819,-0.7768725163227017,0.0025000680657363654,3.112219973201416,-0.38832265535463506,-0.5210664908038538
2.853557586669922,-0.6618958955072322,0.6605489928595053,0.13934444296778803,-1.3375369463347657,-1.3916029877912126,1.1311424664465344,-7.966177516113016,-1.8113326547398185,-5.331277375454565,0.09555599668262671,-0.7811650705345866,-0.0013641072137505292,3.112229033107422,-0.38832265535463506,-0.5210545698748987
2.8555824756622314,-0.6618944257543035,0.6605575356886062,0.13934683418146662,-1.337598475407321,-1.3915787002730022,1.1311589177873238,-7.883328913128404,-1.484027071352389,-5.432402607492222,0.08784176972026095,-0.7720993628767335,0.0006393789328974653,3.11227194845166,-0.38833839098085576,-0.521026913319723
2.8576080799102783,-0.6619012672410955,0.660543706317457,0.13935093950800684,-1.3376089326456901,-1.3915752390107645,1.1311987066969351,-7.91306701681851,-1.4217996087780667,-5.24498634822371,0.09563449395431961,-0.7715724629719046,0.0009779629075665434,3.112264795894287,-0.3883264700519007,-0.5209959189044397
2.8596370220184326,-0.6619013434412603,0.6605429999345234,0.13938298803463423,-1.3375656668357203,-1.3915920505652533,1.131172981697849,-7.911394576345543,-1.6647426604354534,-5.169066321355077,0.09698943374200372,-0.773040414289819,-0.0067566418651613305,3.1122800546833496,-0.38832265535463506,-0.5210216681109827
2.861665964126587,-0.6618933942902399,0.6605620081728287,0.1393960686964148,-1.3376045740028846,-1.391554769130358,1.131175924910631,-8.054839309390966,-1.5358430737540216,-5.502068230610088,0.09770402488760782,-0.7757039403864966,-0.0026607137104892997,3.1123010355183105,-0.3883307615863245,-0.5209758917437952
2.8636937141418457,-0.6619007057583542,0.660558129633678,0.13939787952789875,-1.3375704763652057,-1.3915921519914387,1.1311297764820354,-7.9383013873652555,-1.4711974460268344,-5.6535147220127895,0.09400468202960306,-0.7716845467127346,0.001973310033093289,3.1123201090046386,-0.38835031190981084,-0.521041218434469
2.8657219409942627,-0.6618950129805733,0.6605620887212537,0.13943525897408807,-1.3375220079651604,-1.3915818879362247,1.1311405213596861,-8.0027683857914,-1.6710588489929463,-5.410706433822459,0.09402873212049248,-0.7764052901046913,-9.510924188022019e-05,3.1123053270527343,-0.388315502797262,-0.5210102240191858
2.86775279045105,-0.6619014642277224,0.6605669965189281,0.13943520452771457,-1.3376108261804507,-1.3915587446259041,1.1311277678733276,-8.183616134592823,-1.7190278563038544,-5.345826930985294,0.1029880363611445,-0.7719166153235999,-0.010530403140986216,3.112349196071289,-0.3883746306048792,-0.5209839979754847
2.869781017303467,-0.6619143271879436,0.6605519577401125,0.13945238808357488,-1.3375681866217377,-1.3915870930616732,1.1311719543887135,-8.336897221243296,-1.2863740642580823,-5.177677354946772,0.09928354987818158,-0.7706653704559647,-0.009114618958652291,3.112380190486572,-0.38833457628359014,-0.5209944883929651
2.8718090057373047,-0.6618980802997055,0.6605742676773424,0.13944604368081068,-1.3376602201728676,-1.3915381281350354,1.1311598290154878,-8.170601707385279,-1.2308196746411433,-5.267763794806065,0.09743050525462024,-0.7620254768048202,-0.009442988010037519,3.1124040323444824,-0.3883708159076136,-0.5209601561175745
2.8738367557525635,-0.6619055495714785,0.66055782906671,0.13946548805868686,-1.3375867535769077,-1.3915771838511228,1.1311645392684675,-8.143191356081257,-1.6325626793353516,-5.134954457524103,0.10287411272214834,-0.7669946875729547,-0.011483336671227331,3.1124016481586914,-0.38833934465517217,-0.5209983030902308
2.8758647441864014,-0.6619332389331318,0.6605500583761384,0.13951394508752987,-1.3375444250264046,-1.3915907088185955,1.1311509459368714,-8.232827348113634,-1.479120109750335,-5.2872450409320715,0.09526804168346187,-0.7638464202838662,-0.01060336507861379,3.1124211984821777,-0.3883584181415003,-0.5209634939776819
2.8778927326202393,-0.6619397397362169,0.6605375691597737,0.13949915030127633,-1.3375802055849413,-1.3915911784621067,1.1311926121447922,-8.14638201895733,-1.660450918861601,-5.285484774113431,0.10001834442660576,-0.7707887830136916,-0.010905691217744306,3.1124331194111328,-0.38835460344423467,-0.5209520498858851
2.879956007003784,-0.6619488547076466,0.6605347381289104,0.1395208567423697,-1.3375889132035488,-1.391593209635879,1.1311644522679702,-8.05744465858425,-1.7188367667640825,-5.406965650343515,0.09805418579466404,-0.7670693544206078,-0.011124905293698905,3.1124483782001953,-0.3883894125567835,-0.5209468046771448
2.881983995437622,-0.6619428945414496,0.66053799234192,0.1395452678658681,-1.3375638192487238,-1.391596794890134,1.1311795278909849,-8.160796478589353,-1.4529005790002247,-5.256190892500786,0.09915708199500692,-0.7669335704258784,-0.011984566390975336,3.1124774652668457,-0.3883584181415003,-0.5209553877459925
2.884011745452881,-0.6619250179040473,0.6605692075732058,0.1395549334828096,-1.3376253578475337,-1.3915457628486307,1.131123324443618,-8.175675289734722,-1.2994963900426706,-5.345538203309581,0.09729796266622141,-0.764229745991398,-0.014188789768535971,3.1124812799641113,-0.38840943971742803,-0.5209205786334437
2.886039972305298,-0.6619487139325784,0.6605495640464771,0.1395787233106314,-1.3375587759061998,-1.3915876859792866,1.131149006605275,-8.306632722499431,-1.498611852315457,-5.148162853314838,0.09428381956881196,-0.7698584873595681,-0.015959925283247127,3.1125051218220214,-0.38838225999941045,-0.5209348837481897
2.8880677223205566,-0.6619401315007648,0.6605658226428441,0.13959628295823429,-1.3375860101249555,-1.3915655865013155,1.1311464367841653,-8.176647888482856,-1.0333873656474224,-5.2815873192961496,0.09107163200366045,-0.7619753014203554,-0.012177438366953437,3.1125446993061523,-0.3883860746966761,-0.5209196249591272
2.8900957107543945,-0.6619467486188119,0.6605526035497208,0.1396072120529203,-1.3375436392209372,-1.391587339213182,1.131140616333654,-8.048615023051568,-1.7012149852517415,-5.12739200130641,0.10040650729286925,-0.7636419731239877,-0.024648042681185027,3.112525148982666,-0.3883784453021448,-0.5209348837481897
2.8921239376068115,-0.6619514188136749,0.6605392558883971,0.13962904650210806,-1.337584829018028,-1.3915694153830354,1.1312199456113499,-8.114343977155814,-1.3627062966801495,-5.209446725776449,0.09845598887662355,-0.7617507998580522,-0.017854816903652777,3.1125613886066894,-0.38835126558412725,-0.5208795706378382
2.8941519260406494,-0.6619605308944361,0.6605545224417937,0.13964787033815615,-1.3375464420290473,-1.391578315990333,1.1311457522243025,-8.1150887033919,-1.3739117912110919,-5.186871243672857,0.0969707067721989,-0.7657583897697742,-0.020469254696180182,3.112565203303955,-0.3883908430682581,-0.5208919684039515
2.8961799144744873,-0.6619572668639386,0.6605491513154774,0.13961135057420748,-1.3376310399953457,-1.3915731368704276,1.1311815198221664,-8.213631963749187,-1.4248393323781006,-5.061868211974504,0.10082867409460504,-0.7722155862827024,-0.013400578637418798,3.1126043039509277,-0.3884018103228968,-0.5209077040301722
2.898207902908325,-0.6619588903726701,0.6605328000854043,0.1396309224284147,-1.3376168676556028,-1.3915730634912162,1.1312397335858224,-8.24458854628141,-1.1966793538812672,-5.501209630776072,0.09325234514190757,-0.7626656097444527,-0.01826046540128206,3.1126009660908203,-0.3883598486529749,-0.5208795706378382
2.900235652923584,-0.6619975814688243,0.6605125985331123,0.1396589107122587,-1.337555279811902,-1.3916265706725037,1.1312028441496347,-8.283755040543483,-1.5600935499692454,-5.131125654415247,0.10587053030523552,-0.7708719655790646,-0.019612835577558375,3.1126252847858886,-0.38839465776552373,-0.5209062735186976
2.902263879776001,-0.6619669198832874,0.660548407322966,0.13966542042478952,-1.3375994711988193,-1.3915690354721606,1.1311656714874772,-8.143599402194285,-1.2138617299395456,-5.448485048259011,0.09006786818399673,-0.7621705413273434,-0.0177432119227141,3.11261431753125,-0.38841039339174444,-0.5208719412433069
2.904291868209839,-0.6619666023644948,0.6605513886606945,0.13968937369967338,-1.3375789185961948,-1.3915867850375785,1.131171377787917,-8.170805331231081,-1.4741836074639512,-5.29813014375022,0.10063080246372436,-0.7648629250239737,-0.02013383549506964,3.1126767831989746,-0.3883908430682581,-0.5209062735186976
2.9063198566436768,-0.6619859159080727,0.6605397231008178,0.1396998345754656,-1.3375885990572212,-1.3915939904374806,1.1311450186611784,-8.163876957820179,-1.4860194633676447,-5.2150046328285775,0.09817603337308704,-0.7631685312681461,-0.01926339065077352,3.1126696306416015,-0.388437573109762,-0.5208900610553187
2.9083478450775146,-0.661987732881738,0.6605425522513851,0.1397148358338579,-1.3376208750806249,-1.3915798943928832,1.1311787221689553,-7.987590456289926,-1.4308415735250455,-5.336906227043821,0.0942357888409732,-0.7665202924397317,-0.017415198972958408,3.1127163606831054,-0.38843042055238897,-0.5208628813373011
2.9103989601135254,-0.6619868324184841,0.6605450300586432,0.1397385857365742,-1.3376088550558758,-1.3915812845062825,1.1311892010242215,-7.998743898178291,-1.58806835910545,-5.497559837351594,0.09649605556468652,-0.7703757878670705,-0.01620258035918367,3.1127487856098632,-0.38841468492616826,-0.5208628813373011
2.9124302864074707,-0.6619862537867257,0.6605492764510454,0.1397427720708034,-1.3376151219116714,-1.3915730931285877,1.1312081926418645,-7.964232256577326,-1.4770971996734623,-5.300370389532343,0.09168128265904159,-0.7785678156381821,-0.009278535139665162,3.112764521236084,-0.3884027639972132,-0.5208471457110804
2.9144577980041504,-0.6620091917233946,0.6605272256306255,0.13975750168483805,-1.3376097881267448,-1.3915934652273065,1.1312253889554629,-7.772152430937317,-1.2723556203902748,-5.479566989707272,0.0940751606524149,-0.7669914947217022,-0.007928246165429385,3.112776442165039,-0.38841468492616826,-0.5208357016192835
2.9164860248565674,-0.6619902633431429,0.6605517060676214,0.13977527826327396,-1.3375682847588448,-1.3915759179617289,1.131178401717679,-7.919186891947922,-1.4526297495791172,-5.306298089997456,0.10047169317599379,-0.7735668225604333,-0.00864847172118282,3.1127497392841796,-0.3884065786944788,-0.5208357016192835
2.918513774871826,-0.6620029395747286,0.6605393551522262,0.13977827150551903,-1.337615918003065,-1.3915849975741765,1.1312113557149355,-7.721090202378824,-1.2012008510434586,-5.547812241861832,0.09379858586557044,-0.7666062650798436,-0.003465527814483166,3.1128122049519042,-0.3884184996234339,-0.5208390394793909
2.920541763305664,-0.6620180429240927,0.6605263388636193,0.13978938151515669,-1.3376056516148214,-1.3915899434485723,1.1312152425955926,-7.680668163785555,-1.3459098958053886,-5.214845313206756,0.0954145016072698,-0.7726221522373888,-0.0021792832132500606,3.1127936083027343,-0.38843042055238897,-0.5208118597613733
2.922569990158081,-0.6619973628263006,0.6605587352426621,0.13981484802260927,-1.3376155293018404,-1.3915528850615988,1.1311821467042966,-7.60579443802026,-1.3464746355404973,-5.254467129236749,0.09621567588076604,-0.7737942870422289,0.0020394693248232017,3.112813635463379,-0.3884342352496546,-0.5207918326007288
2.92459774017334,-0.6620082240448939,0.6605561252070442,0.13982256141964589,-1.3376245301963694,-1.3915637643677514,1.1311631710833987,-7.591366025725744,-1.5032888805855715,-5.378024532931941,0.09248389546030023,-0.7759490427130933,-0.002984852456919906,3.1128412920185546,-0.3884618918048304,-0.5208027998553675
2.926625967025757,-0.6619978671626991,0.6605553577132234,0.1398148289753714,-1.3376586165217066,-1.3915526881960227,1.1311897674807703,-7.355715400905029,-1.4617159702772682,-5.398867751742896,0.09496123836106501,-0.777779356929927,0.005020749445887866,3.1128532129475097,-0.3884494940387171,-0.5208027998553675
2.9286537170410156,-0.6620048167506289,0.6605546169471026,0.1398320140578918,-1.3376299378182723,-1.3915671126369304,1.1312081352835002,-7.549279243216052,-1.8790763568150382,-5.354698139642156,0.10011527587747354,-0.7828398564441955,0.004286971849465814,3.112889452571533,-0.38842660585512334,-0.5208099524127405
2.9306817054748535,-0.6620157122035981,0.6605499545778273,0.13985622436480075,-1.337598436555943,-1.3915721834212669,1.1311891224605508,-7.431295560766037,-1.524506655437921,-5.568389978647183,0.09218488839625427,-0.7805250018117162,0.014050443360688766,3.1128737169453125,-0.3884385267840784,-0.5207913557635706
2.9327428340911865,-0.6620253077180132,0.66054195232781,0.13982686589381718,-1.3377025068318298,-1.3915502909435906,1.1312534672659829,-7.241967849041963,-1.962415012813334,-5.420179655488842,0.09038912482680646,-0.7841933356675079,0.012370197718484506,3.1129132944294433,-0.3884547392474573,-0.5207479635821741
2.9347708225250244,-0.6620243750656051,0.660552966593035,0.13987652373141554,-1.3376439604915524,-1.3915600510346355,1.1311878025447262,-7.4026425392436135,-1.6396526672870655,-5.37609241417571,0.0897816809906559,-0.784946706432416,0.018932285446292843,3.1129252153583984,-0.3884699980365198,-0.5207675139056605
2.9367988109588623,-0.6620142365339563,0.6605575285945093,0.13985466963443238,-1.3376500292544464,-1.39155290070531,1.1312031105409137,-7.0786980194141815,-1.7745446804593379,-5.673195376717485,0.09232724368831444,-0.7793431571381451,0.02165850241163157,3.1129094797321777,-0.3884509245501917,-0.5207713286029261
2.9388270378112793,-0.6620346718885883,0.660546669959559,0.13987219463677258,-1.3376691756785388,-1.391562195892065,1.1311983972869462,-7.115638923911013,-1.7079397953977837,-5.330610580618275,0.08596925335229438,-0.7887336714229705,0.027417990691216268,3.1129419046589355,-0.38848573366274053,-0.5207584539996546
2.940854787826538,-0.6620315536296175,0.6605592060808847,0.13990815167182868,-1.3376140695925078,-1.3915560262965123,1.1311824937328645,-7.239408452700252,-1.8891638559844555,-5.409751467302645,0.09306430118240999,-0.7941434582996996,0.03373509713140256,3.1129376131245117,-0.3884661833392542,-0.5207398573504847
2.942882776260376,-0.6620464393767422,0.6605435486087503,0.1399070785247434,-1.3376779441045978,-1.3915471029912685,1.13125147834234,-7.008120642014124,-2.021305184954896,-5.779245874961505,0.08657622868172021,-0.7908402877149386,0.03396311836881466,3.1129814821430664,-0.3884661833392542,-0.5206964651690882
2.944910764694214,-0.6620666066181682,0.6605279851616789,0.13991673211737413,-1.3376595822230557,-1.3915771647580584,1.1312392837594598,-7.0422039178513725,-1.9060962732525548,-5.683016113579961,0.08440199630103008,-0.7927571071444227,0.039968289668001616,3.1129976946064453,-0.38848668733705694,-0.5207160154925745
2.9469387531280518,-0.662068624489531,0.6605256262012247,0.1399499360304411,-1.3375712305724496,-1.391607138467723,1.1312179514444525,-6.883579675536376,-1.8458802116709476,-5.587843709734324,0.08778048836208925,-0.7955375345934229,0.04435728144521487,3.1129976946064453,-0.38845903078188115,-0.5207503477679651
2.9489669799804688,-0.6620735148219363,0.6605213840840962,0.13994561546895556,-1.337620151954379,-1.39159860291742,1.1312583775387857,-6.925503181715264,-1.8166820029074124,-5.504492655529013,0.0852854266441849,-0.7943782839380309,0.047790581711330174,3.113036795253418,-0.38845903078188115,-0.520731274281637
2.9509949684143066,-0.6620695782344485,0.6605335478997393,0.13994330376479897,-1.3376603691106494,-1.3915732672344394,1.1312523727323067,-6.793478058043897,-2.1854152674063982,-5.620903286218313,0.08336648566204308,-0.7918373108266048,0.045159777464510935,3.1130453783222656,-0.3884785811053675,-0.5207036177264612
2.953023672103882,-0.6620521536991133,0.6605507356941609,0.1399384686285696,-1.3376978057283133,-1.3915459329477198,1.1312554773806964,-6.808806504963721,-2.1023999278483023,-5.698333801864008,0.0848077243587217,-0.7954795673897066,0.05017128988633929,3.1130611139484863,-0.38847476640810186,-0.5206950346576136
2.9550721645355225,-0.6620818627042978,0.6605303447539418,0.1399936339179149,-1.337598793094198,-1.39159220305817,1.1312119390120445,-6.649500548136212,-1.9277775169590599,-5.553557408858264,0.08487367355964437,-0.8018566429867464,0.059220842575894474,3.1130539613911132,-0.38849050203432256,-0.5207074324237269
2.957099676132202,-0.6620782837694448,0.6605476436339466,0.13999919692759882,-1.3376147019641726,-1.391572120230374,1.1311673156554165,-6.657370320034314,-1.9898026020615227,-5.620848837462427,0.08479560468169155,-0.7955326522387136,0.05940852672955958,3.1130501466938476,-0.3885253111468714,-0.5206916967975062
2.9591219425201416,-0.6620450798265881,0.6605731370734572,0.1399714461019693,-1.3377240615719226,-1.3915238592080148,1.1312349913055573,-6.512598782013174,-2.2765764692842096,-5.550859044589191,0.08420776736546484,-0.7982736099642758,0.061272730022337664,3.1131250101276855,-0.38849050203432256,-0.5206835905658167
2.96114444732666,-0.6620893067843339,0.660528294767597,0.14000554643845617,-1.337629234221226,-1.391585568236566,1.1312479962845197,-6.606993364592167,-2.343219792765925,-5.4008617293586845,0.08577803581993243,-0.8030952154716765,0.0641442294395348,3.1131016451069335,-0.38848668733705694,-0.5206835905658167
2.9631690979003906,-0.6620898732998047,0.6605393528543944,0.13998828516799897,-1.337689842174326,-1.391566992003698,1.1312383788894216,-6.505603665634151,-2.111579413718197,-5.738283516748658,0.08436017797163507,-0.7981008579235288,0.0706183465252752,3.113125963802002,-0.38852149644960576,-0.5206711927997034
2.9651989936828613,-0.662084378889171,0.6605534131771704,0.14004904279557873,-1.3376248954627292,-1.3915727406795162,1.1312267898377246,-6.497954355341826,-2.0103907502685776,-5.464292462387991,0.08435012038716015,-0.8009526907995691,0.07716066284190432,3.1131765085407714,-0.38848811784853154,-0.5206802527057093
2.9672281742095947,-0.6620772631451263,0.6605570410121059,0.1400323338929823,-1.3376691841725452,-1.3915568463933674,1.1312276204319762,-6.4893821819188275,-2.0041864002782606,-5.571916816028614,0.08288421908945208,-0.8013998402418295,0.08295871627622567,3.1131741243549804,-0.38850242296327764,-0.5206745306598108
2.9692559242248535,-0.6620907849369064,0.6605446814994678,0.14004603478045963,-1.3376615926118396,-1.3915679482397512,1.131249402008139,-6.522725532936903,-2.0832664814802713,-5.647158804220306,0.0820489542755809,-0.7979734278515889,0.08479173233010892,3.113189383144043,-0.388498608266012,-0.5206626097308558
2.9712839126586914,-0.662068972043218,0.6605673152297691,0.1400485214491106,-1.3376541808566909,-1.391557927897441,1.1311907247024235,-6.487343918888431,-2.2819660004503755,-5.6893846592445945,0.08336038142009841,-0.7992590290823203,0.08079109692878654,3.1131855684467773,-0.3885105291949671,-0.5206978956805628
2.9733119010925293,-0.6620880768281223,0.6605544364188959,0.14005894269101626,-1.3377099902111347,-1.3915347855320326,1.1312427720169735,-6.5032791763374025,-2.4290892196555207,-5.61439934039201,0.08465303805030534,-0.8086166096360811,0.08937494836106709,3.1131979662128906,-0.3885262648211878,-0.5206163565265101
2.975339889526367,-0.6620894445737564,0.6605600290643575,0.14007016466503805,-1.337699468356801,-1.3915466086786878,1.1312219013984453,-6.459796922717276,-2.5378384005992403,-5.564118280481928,0.08477938111021596,-0.809225730664008,0.09037120488593174,3.1132327753254394,-0.38853341737856084,-0.5206440130816858
2.977367639541626,-0.6620995499815141,0.6605514282213465,0.1400600912893382,-1.3376786342943248,-1.3915515839235217,1.1312568600689932,-6.550767876854994,-2.170294503186038,-5.426500529329914,0.07795301388451555,-0.8064511870747143,0.09529952711664526,3.1132098871418457,-0.3885105291949671,-0.5206196943866175
2.979395866394043,-0.6620927661464908,0.6605634354182434,0.14008900448005152,-1.3377145975610596,-1.3915378628988682,1.1312612691384967,-6.71434961479901,-2.2757979783933666,-5.440974290485755,0.07644948323768089,-0.8052362798831505,0.09680868930848416,3.1132847505756835,-0.3885143438922327,-0.5206196943866175
2.981423854827881,-0.6620894218477682,0.6605762361785059,0.14014514106967557,-1.3376331167028854,-1.391547728724795,1.131177187621896,-6.329139435295703,-2.4249726647152343,-5.66989809045447,0.0782533845234087,-0.7987984260628502,0.09440541186684692,3.113273783321045,-0.3885300795184534,-0.5206392447101038
2.9834518432617188,-0.6620984087825934,0.660566721792304,0.14013549562389022,-1.3376646653424153,-1.3915426206037036,1.1311983495908844,-6.241212035874352,-2.297382210968185,-5.778344437233251,0.07620661475404908,-0.7959877913480312,0.10229895059193826,3.1132699686237792,-0.3885424772845667,-0.5206144491778772
2.9854938983917236,-0.662103153660407,0.6605649897313709,0.14011400396158452,-1.3377232081102164,-1.3915359689217532,1.1312228588294024,-6.3409342926463745,-2.5546635635074226,-5.601319852629128,0.07612851435266399,-0.8049640543694713,0.10149552755677459,3.1133009630390625,-0.388557259236471,-0.5206077734576624
2.9875218868255615,-0.6621131482697635,0.6605497369582397,0.1401472286535753,-1.3376776162205106,-1.391545289596524,1.1312764122806853,-6.317679415628057,-2.4894738830464287,-5.763125073010221,0.08128721304105707,-0.8062625951132668,0.10667721996330337,3.1133057314106445,-0.3885105291949671,-0.5205767790423792
2.9895501136779785,-0.6621131687319963,0.6605612393976277,0.14015789592465477,-1.3376609053092938,-1.3915541206978839,1.131245953656592,-6.372400962764232,-2.541211204534169,-5.500329040487188,0.08376075171312033,-0.8048733958451548,0.10482465650588972,3.113337202663086,-0.38851911226381475,-0.5206030050860804
2.9915781021118164,-0.6621177822681513,0.6605648754671385,0.1401727670945067,-1.3376752979109519,-1.3915494699121558,1.1312188505028942,-6.2520170709250475,-2.542548250695484,-5.3860752452944265,0.07697657064044311,-0.8028867823970686,0.10530850128052119,3.1133529382893066,-0.38855010667909795,-0.5205963293658655
2.9936068058013916,-0.6621018865407169,0.6605770954095045,0.1402075193584937,-1.3376759464271597,-1.391517934664852,1.1312060217344595,-6.152721566302972,-2.601625945539997,-5.778609822028511,0.07712330919356053,-0.7973398560166978,0.10678317964452057,3.113341971034668,-0.3885462919818323,-0.5205610434161585
2.9956347942352295,-0.6621121908047426,0.6605755312303656,0.14022233188032535,-1.3376426434107436,-1.3915405626810775,1.1311936609314637,-6.213161523129938,-2.1138468297511075,-5.579439689357995,0.07738215033742518,-0.8006884815210057,0.11828864825037894,3.1133696275898437,-0.3885462919818323,-0.5205839315997522
2.9976632595062256,-0.6621195789680276,0.6605708983686596,0.14023299196817762,-1.3376420617602933,-1.3915399538902329,1.131184375099671,-6.3391247621585185,-2.422100048164265,-5.230864652360978,0.0760666537269055,-0.804763563810928,0.11475830577175469,3.1133619981953125,-0.38856250444521123,-0.5205681959735315
2.9996910095214844,-0.6621329508656946,0.660556757690253,0.14023240076218002,-1.337586440055921,-1.3915840001602446,1.131174536338821,-6.309912784950973,-2.5629425025079957,-5.351913987122226,0.0787803477554985,-0.8013742295977446,0.11692619953734636,3.113365812892578,-0.3885539213763636,-0.5206182638751429
3.0017189979553223,-0.6621244799998449,0.6605788199651299,0.14024732128382858,-1.337637507735364,-1.3915474024694634,1.1311611285596408,-6.1769509963750755,-2.331444944029761,-5.681416125464601,0.07587075809503459,-0.7976081006699203,0.12266846896853499,3.1134020525166015,-0.38857776323427373,-0.5205839315997522
3.003746747970581,-0.662113065896226,0.660589396537702,0.1402816531530292,-1.3376116925486374,-1.3915441036495964,1.131150743006927,-6.331166928647727,-2.443122701245368,-5.615818888539237,0.0715246997567707,-0.7981440049761284,0.11475381664146396,3.1134297090717773,-0.3885586897479456,-0.5205944220172327
3.0057737827301025,-0.6621455777370449,0.6605626307738659,0.1402791074067731,-1.3375897709645603,-1.391571790384804,1.1311873350655204,-6.382115176100296,-2.6006679103186094,-5.536744094490029,0.07545239857136725,-0.7957742296413297,0.11531758238520692,3.113422079677246,-0.3885586897479456,-0.520571533833639
3.007801055908203,-0.66213274499791,0.6605800505328063,0.14027371913980877,-1.3376462882330507,-1.3915444012455525,1.1311824237018349,-6.240564707641049,-2.838922264819419,-5.3401560737112135,0.07487086368106224,-0.8000586650755623,0.11036901767639891,3.1134535509296875,-0.3885739485370081,-0.5205634276019495
3.009835720062256,-0.6621527514572605,0.660559703138401,0.14031139564734238,-1.3376050126324965,-1.3915724218143024,1.1311917308761839,-6.379520016640104,-2.735622133190596,-5.431886570694272,0.0780073949214493,-0.8001759648002128,0.11250825019044461,3.113473101253174,-0.3885701338397425,-0.5205634276019495
3.011864423751831,-0.662136725296594,0.6605825935888944,0.14032078153158378,-1.337626605369152,-1.3915504020018652,1.1311672228677336,-6.324744333886375,-2.7864359915005465,-5.6824218401476285,0.07446816530802393,-0.8004619158495032,0.11625331278998259,3.113501711482666,-0.38857776323427373,-0.5205667654620569
3.013911247253418,-0.6621297433150579,0.6605895410527589,0.14035245948050817,-1.337579888671181,-1.3915469700939063,1.1311323967729139,-6.2162077543884,-3.0873759722737137,-5.564554892623263,0.07963241436686641,-0.7972674818719726,0.12318015906452102,3.113478823299072,-0.3885739485370081,-0.5205634276019495
3.0159730911254883,-0.6621446921077985,0.6605860453222917,0.14033628967319084,-1.3376939958324572,-1.3915297732679643,1.1311696267805689,-6.06960165948061,-2.6874187792042283,-5.662235811656744,0.07866424897106955,-0.7983373292349633,0.1251443618200174,3.113553209895752,-0.3886173407184046,-0.5205324331866663
3.018002986907959,-0.6621465636334241,0.6605737416838119,0.1403502559890524,-1.3376177508272071,-1.391559485629552,1.1312064837288516,-6.101906798302874,-2.612729048175854,-5.766220541611845,0.07619187603589497,-0.7974200535347031,0.11861218145670283,3.1135498720356445,-0.3885553518878382,-0.5205553213702601
3.0200281143188477,-0.6621560137830326,0.6605806110425435,0.14039684080069487,-1.33758668909463,-1.3915602555589364,1.131145821328433,-6.098216355042614,-2.6565020238228967,-5.517807147018504,0.0671568807616182,-0.8075895447632262,0.12969401681766926,3.113557978267334,-0.38859349886049444,-0.520543400441305
3.0220491886138916,-0.6621561012769523,0.660584219298726,0.14041393341096095,-1.337571424826323,-1.3915664871832611,1.1311169577173485,-6.080867174278613,-2.9833624551517883,-5.65940434376138,0.07520490116602646,-0.8090255357598855,0.12901690892901144,3.113569899196289,-0.3886054197894495,-0.5205586592303675
3.024076461791992,-0.6621784347182611,0.6605546952310316,0.1404127231956832,-1.3375711763635205,-1.3915903975888728,1.131221630098609,-6.010062545097043,-2.989854645932135,-5.8130403931945365,0.07380018430007386,-0.8073050254145508,0.126879886426639,3.113609953517578,-0.3885553518878382,-0.5205395857440394
3.026110887527466,-0.6621621578717984,0.6605755099135453,0.14042694630511887,-1.3376135058599519,-1.3915512542892343,1.1311846267161463,-6.229140645688594,-2.8119447134416227,-5.6598557267191945,0.07349466184149374,-0.815097942974763,0.13392986443973084,3.113609953517578,-0.3885863463031214,-0.5205124060260218
3.028135299682617,-0.6621669695087282,0.6605833575649703,0.1404366002264027,-1.3376154715365707,-1.3915658047943438,1.131162230847633,-6.23277465141941,-2.947269222226171,-5.436196674884549,0.07701127819008938,-0.8241196975483095,0.14182878512292704,3.1136690813251953,-0.3886020819293421,-0.5205467383014124
3.0301616191864014,-0.6621769539168008,0.6605665156673701,0.14045329549280594,-1.3375737086076436,-1.3915845067449224,1.1311800106849488,-6.175042039916053,-2.6365411404671915,-5.837085875135669,0.06844282820024344,-0.8094356758565753,0.14564961880206456,3.113654299373291,-0.38858253160585576,-0.520543400441305
3.0321924686431885,-0.6621765663867567,0.6605842775934434,0.1404860335903096,-1.337573429540265,-1.3915686515537493,1.1311282107255334,-6.122861659504563,-3.1323397707086436,-5.728193419371626,0.07234464752419381,-0.8123129725274764,0.1397872880580431,3.113673372859619,-0.3886173407184046,-0.5205271879779261
3.03422212600708,-0.662183432677796,0.6605783814184139,0.14049028761578952,-1.3376274448312284,-1.3915581885058972,1.1311542092559543,-6.154245956854498,-2.9737156307856822,-5.83026299704377,0.06797532879410406,-0.8094904211322062,0.14464674659344834,3.1137096124836425,-0.3886335531817835,-0.5205033461200159
3.036249876022339,-0.662173769448266,0.6605897087041095,0.14051915284069771,-1.337596684779494,-1.3915493248154782,1.1311245384173831,-6.348641184790758,-3.1730801499591976,-5.760320549629421,0.07707504759852582,-0.8051240976061693,0.14480984475820877,3.1137024599262695,-0.3886297384845179,-0.5205000082599085
3.0383028984069824,-0.6621768422152299,0.6605968637793037,0.14055351936536026,-1.3375891583767316,-1.3915443442779998,1.1311259500358746,-6.012182668460464,-2.9546167913798658,-5.60309184949163,0.06753785975765107,-0.8079160841626573,0.1410790937866813,3.1137453752705078,-0.38862640062441045,-0.520484749470846
3.040330648422241,-0.6621839246615078,0.6605859405047471,0.14056721815604423,-1.3375796244429459,-1.3915511902305566,1.1311385208932023,-6.170247347563729,-2.8697626428403273,-5.6091880291969405,0.06490269259568913,-0.8128617561202935,0.14931692338963296,3.1137453752705078,-0.3886225859271448,-0.5204756895648401
3.042358875274658,-0.6622015646920302,0.6605773240620975,0.14059025121729446,-1.3375400672400024,-1.391568065642095,1.1311380052430628,-6.063252964201428,-2.9758474876879344,-5.589435321713287,0.06804480272699161,-0.8121563261277864,0.1523008319052379,3.11375014364209,-0.3886225859271448,-0.5204642454730433
3.0443952083587646,-0.6622006359337684,0.6605814176069087,0.1406041437694914,-1.3375115125917354,-1.3915763933699412,1.1311218309301645,-6.18042151615531,-2.959456959319019,-5.55929760435454,0.07251955118217017,-0.814390592085189,0.15331306244833512,3.1137587267109375,-0.3886173407184046,-0.5204795042621058
3.046473741531372,-0.6621985172258164,0.660585413763012,0.14059186431956966,-1.3375647478942418,-1.3915654251627763,1.1311498329797214,-6.099211104146234,-3.249315014092544,-5.445969160139445,0.0756588899289049,-0.8179758565357401,0.14830654899627893,3.113802118892334,-0.3886187712298792,-0.5204756895648401
3.0485010147094727,-0.662200006328013,0.6605881072619568,0.14063092569752678,-1.3375301010037826,-1.3915734563713522,1.131133244444278,-6.290229048967593,-2.8221913800243708,-5.682469965108241,0.06683040040880625,-0.8076492411558855,0.15301437731038653,3.1138292986103515,-0.38861400285829717,-0.5204828421222132
3.0505290031433105,-0.6622061069271836,0.6605813061100211,0.14067148560799878,-1.3374955061448006,-1.391574963441944,1.1310973382071252,-6.288379527632583,-2.923359581433712,-5.6731060662677235,0.07384277294138802,-0.8065058619007308,0.15177774221655244,3.1138030725666503,-0.3886340300189417,-0.5204642454730433
3.0525569915771484,-0.6622141604301754,0.6605852010856187,0.14069956293244773,-1.337454641801234,-1.3915814664382091,1.1310796166700268,-6.456124683872325,-2.698430580264737,-5.742659374794816,0.0608113116705691,-0.8089548297643071,0.15232887625681082,3.11381117879834,-0.3886340300189417,-0.5204556624041956
3.0545849800109863,-0.6621864306694372,0.6606130471562497,0.14070157318351525,-1.3374965126979999,-1.3915503326708405,1.131061699645956,-6.462127108434055,-2.9356424617024053,-5.3569258061115175,0.07381154870488525,-0.8156796872964339,0.14938761371151058,3.113846464748047,-0.3886340300189417,-0.5204675833331507
3.0566182136535645,-0.6622320257262463,0.6605671249612992,0.1407070695891795,-1.3375074948912078,-1.391596944049452,1.1311343347941425,-6.539053891419339,-2.689981677389309,-5.457431905324198,0.06517492101607482,-0.8149331254070862,0.1505299230465864,3.1138979631611328,-0.3886378447162073,-0.5204594771014612
3.058659791946411,-0.6622319098538082,0.660582778916174,0.1407627208529831,-1.3374348612424778,-1.3915908700324193,1.1310893577238756,-6.47358355123082,-2.7395728698251207,-5.705496086580102,0.06776244193549863,-0.8084609279484921,0.15645883448806577,3.1138903337666015,-0.3886340300189417,-0.5204361120807093
3.0606868267059326,-0.6622178059012596,0.6605906801026218,0.14074074166019276,-1.3375003885862158,-1.3915665781412423,1.1311221358771901,-6.433276035038338,-2.8490472543443253,-5.5887777892822506,0.06773462224515259,-0.8031347869306983,0.14777507906732723,3.11391465246167,-0.38862687746156865,-0.520428482686178
3.0627148151397705,-0.6622264844550169,0.6605870354191874,0.140781037673026,-1.337474550049519,-1.391578742256083,1.131106694682761,-6.524011149111753,-2.8404204398993596,-5.512906938495305,0.07327379654024542,-0.8081216043221097,0.14855738963317752,3.1139461237141113,-0.3886340300189417,-0.5204318205462855
3.0647428035736084,-0.6622408191248333,0.6605699935059739,0.1407624631599965,-1.3375304988574768,-1.3915817386808067,1.131156004543316,-6.4959924593524025,-2.9448343649800464,-5.460399547293899,0.07648457318742083,-0.7974822177797372,0.140993551061798,3.113973780269287,-0.38864261308778936,-0.5204160849200647
3.0667848587036133,-0.6622365289416783,0.6605848681967302,0.14082114100922938,-1.337493926826342,-1.3915783680372584,1.1310843227341691,-6.479468994520088,-2.4886753139532756,-5.309988475712876,0.06805368626333257,-0.7872190481131227,0.12113949264216553,3.11399428426709,-0.38867026964296514,-0.5204227606402796
3.0688130855560303,-0.6622270232463887,0.6606041188030563,0.1408328790452094,-1.3375358143868459,-1.3915596437970539,1.1310662060128607,-6.371106286479218,-3.169849494587432,-5.58783282401168,0.0730880353904886,-0.7980960558091417,0.11730671065533783,3.1140495973774414,-0.38868934312929326,-0.5204265753375452
3.0708417892456055,-0.6622405402830647,0.6605874576770653,0.14084875309083167,-1.3375544812815565,-1.3915523208149687,1.1311268783750725,-6.412650778113487,-2.8246638840661817,-5.829921442687722,0.07615589536669518,-0.8113579353877289,0.13007420018814278,3.1140615183063964,-0.38867408434023076,-0.5203731695758265
3.0728697776794434,-0.6622438579175931,0.6605814889775186,0.1408853450967627,-1.337489233910742,-1.3915705772760276,1.131111425555505,-6.421099515118062,-3.201420096225032,-5.91611869565901,0.07662829609997152,-0.8236066961855423,0.13238129458777706,3.1140543657490234,-0.38865787187685186,-0.5203836599933069
3.0748977661132812,-0.6622588387160188,0.6605674384684781,0.1408582614271108,-1.3375546488590073,-1.3915776436465566,1.131168720759861,-6.5905140614404925,-2.951486364193827,-5.621418801348625,0.0820423184687032,-0.8204240744129919,0.12979741576712908,3.1141058641621093,-0.3886631170855921,-0.5203803221331995
3.0769259929656982,-0.6622640318790816,0.6605793234391016,0.14091416832233628,-1.3375166104159382,-1.3915677413976937,1.1311032835649564,-6.791358588211175,-2.214844494141185,-5.390693887622262,0.07323861662079648,-0.8058176340682375,0.12241210097158495,3.114102526302002,-0.3886979261981409,-0.5203526655780237
3.078953981399536,-0.6622636338694792,0.6605756933365966,0.14092822652998516,-1.3375071130884035,-1.3915743875113653,1.1310664742288574,-6.723396406743826,-2.0737635727004586,-5.230983791570675,0.07407523173832266,-0.7951813789512123,0.10185503642422716,3.1140915590473632,-0.38872081438173467,-0.5203684012042444
3.080981969833374,-0.6622648245810898,0.660566221507692,0.1409355369425444,-1.3375017833100464,-1.391589689107173,1.1311257178583853,-6.698057072363689,-2.121684371648649,-5.132357087673956,0.07987584992880231,-0.7934874868644364,0.09588388050434969,3.1141416269489746,-0.38867503801454717,-0.5203836599933069
3.083009719848633,-0.6622570026130685,0.6605753212603505,0.14093719910090335,-1.337539730639452,-1.391564750895624,1.1311247588193045,-6.768637725847073,-2.175065420768189,-5.1627827645358,0.0791411757198534,-0.7973585091439802,0.09743244712725337,3.114146872157715,-0.38868695894350225,-0.5203598181353968
3.08503794670105,-0.6622698588281297,0.6605643007204113,0.14094587132593078,-1.3375167785639288,-1.3915827386566182,1.1311242459137678,-6.5608860207457536,-2.3925676916068968,-5.555687379829134,0.07928146391403944,-0.7985408545781468,0.10472995987597614,3.114146872157715,-0.38869029680360967,-0.5203636328326624
3.0870656967163086,-0.6622720334788066,0.6605743997919838,0.14097440867043526,-1.3375140504202037,-1.3915803261244504,1.131099603860332,-6.597199270712898,-2.462870865788317,-5.493356835171805,0.08070724117840511,-0.8078922771836803,0.10569879321028966,3.1141864496418457,-0.3887060324298304,-0.5203636328326624
3.0890941619873047,-0.6622808034627559,0.6605689477023303,0.14099083774194493,-1.337547776666099,-1.3915718722187533,1.1311367068074878,-6.686642010902671,-2.521497860139333,-5.808214258939556,0.08168895432507269,-0.8092883986201341,0.10633025641321417,3.114229364986084,-0.3887060324298304,-0.520332161580221
3.091139793395996,-0.6622877906767204,0.6605754047655598,0.14102369746531912,-1.3374949101829,-1.3915882254449867,1.131080553195907,-6.68154102779068,-2.385774028113187,-5.716917507933154,0.08566466650407434,-0.8086554777899688,0.09742279260767321,3.1142379480549316,-0.3887251059161585,-0.5203512350665491
3.093167781829834,-0.6622915301091818,0.6605628559944388,0.14103094796906596,-1.3375156917302868,-1.3915853353493506,1.1311149629386303,-6.597053915153747,-2.101148661393481,-5.643474379857302,0.08283516129316304,-0.8066255121474434,0.09029927666653659,3.1142465311237792,-0.38871795335878545,-0.520332161580221
3.095196008682251,-0.6623070537670173,0.6605507584633113,0.14102248921200355,-1.337527278645955,-1.3916000977905731,1.1311186598502918,-6.70154464057372,-1.9425869082744662,-5.4936096410905275,0.08153439328708259,-0.8020735298483845,0.08572932460545334,3.1142546373554687,-0.3887375036822718,-0.5203354994403284
3.0972237586975098,-0.6622924849506612,0.6605821627730707,0.14106986369973684,-1.3375502721791845,-1.3915536288753318,1.1310991314597165,-6.706439763683626,-1.8615247234135253,-5.47643786116306,0.07912689422693982,-0.8014752966814793,0.08776083267114944,3.114298029536865,-0.38874560991396123,-0.5202854315387171
3.0992519855499268,-0.662285139472566,0.6605803334879037,0.14108927888420536,-1.3375104335871657,-1.391571239003687,1.1310659411280994,-6.7055603574717555,-2.0637863363781515,-5.691998648820733,0.07645078967206288,-0.8014925837869368,0.08139421270455398,3.1142946916767578,-0.3887417952166956,-0.520327393208639
3.1012799739837646,-0.6623007874712363,0.6605775203569746,0.14110707226892133,-1.3375043241821778,-1.3915764929843173,1.131068493337178,-6.6920963689584045,-1.9674991249301343,-5.745695537133891,0.07418058259788667,-0.8098075358920747,0.0886395853268681,3.114318533534668,-0.3887527624713343,-0.5203083197223108
3.1033077239990234,-0.6623102764599235,0.6605651236819425,0.14110282857233114,-1.3375203752283475,-1.3915857964380787,1.1310875280933488,-6.739062852873528,-2.24586535425067,-5.806094963194519,0.07900520913422658,-0.8101408679442385,0.08832138058736937,3.114330454463623,-0.3887580076800745,-0.5203083197223108
3.1053357124328613,-0.6623192687243393,0.6605466090317207,0.14108784647201178,-1.3375262942672248,-1.3916064505445425,1.1311281801491246,-6.574195882795462,-2.3244267014879423,-5.629904577786334,0.08451628449258061,-0.8187703187516259,0.09003763662658659,3.114342375392578,-0.3887417952166956,-0.5203240553485315
3.107363700866699,-0.6623161878430088,0.6605712803299578,0.14114867385472274,-1.3374739049626119,-1.3915916785515954,1.1310579445774565,-6.669202491779191,-2.3635375751827876,-5.56520728287618,0.08601559765958847,-0.8173844658467817,0.08954597063043268,3.1143509584614257,-0.38876134554018194,-0.5203030745135706
3.109391689300537,-0.662307428733403,0.6605674052661314,0.1411572995999365,-1.3374989430602429,-1.3915829941364635,1.1311117953650498,-6.777260826058103,-2.1635781925020927,-5.6466061534617635,0.0819653126869094,-0.8168577927082622,0.08452414269935696,3.114386721248291,-0.3887265364276331,-0.5202959219561976
3.111419916152954,-0.662307338335893,0.6605737874481732,0.141143316575779,-1.3375612106909216,-1.39156800604565,1.131118141459366,-6.692890041360546,-2.163560091088656,-5.667981413426853,0.07742854618446757,-0.8121623189743304,0.07771729528620841,3.11442153036084,-0.38875037828554326,-0.5202878157245081
3.1134469509124756,-0.6623195334322465,0.6605647444522355,0.1411862568809108,-1.337524405163732,-1.391578185311245,1.1311304951015861,-6.765642373595466,-1.89067890565672,-5.47020234797977,0.08333912020899614,-0.8140618369018962,0.08051557937654971,3.1144420343586425,-0.38873798051943,-0.52026874223818
3.1154751777648926,-0.6623262717294602,0.6605598028887769,0.14119520245222275,-1.3375225992154889,-1.3915903265252523,1.1311093235923793,-6.667065044281408,-2.0741740592385884,-5.698427565197162,0.08244499257511564,-0.8111094037286802,0.07652801479769333,3.1144539552875976,-0.3887589613543909,-0.5202844778644007
3.1175026893615723,-0.6623412342812149,0.6605465508421248,0.14120690571953143,-1.3374692583466015,-1.3916210659975754,1.1311275164752144,-6.5597197086027865,-2.398269498953661,-5.897515755816485,0.08446772062126484,-0.8175050965436474,0.07838856192834642,3.1144625383564453,-0.38873464265932256,-0.5202983061419886
3.1195309162139893,-0.6623302382033438,0.6605631591337167,0.14122342231071747,-1.3375276900328663,-1.391590762808532,1.131105815631626,-6.645774300808542,-2.238016053520466,-5.895082991737974,0.08361817045537903,-0.825913544935658,0.08654391807538679,3.114502115840576,-0.38876611391176397,-0.5202830473529261
3.121558666229248,-0.6623254690582037,0.6605679157808437,0.141236280554551,-1.3375325792804957,-1.3915800931212665,1.1311080249562349,-6.443501247779967,-2.339150602581144,-6.078121139164194,0.08198199530813081,-0.8246822159176465,0.08870442549683002,3.114510698909424,-0.38876229921449834,-0.520271126423971
3.123586654663086,-0.662348737066375,0.6605467090083832,0.14123099581876183,-1.3375763250531032,-1.3915933885968905,1.1311672715617522,-6.587609154086239,-2.0312422912458934,-5.979293228822143,0.07808206197203027,-0.8224507675210577,0.08738959655663367,3.1145621973225097,-0.38876611391176397,-0.5202549139605921
3.125614881515503,-0.662349636132739,0.6605500969931954,0.14125015304336247,-1.3375415754697149,-1.3915953693055418,1.1311403150597323,-6.523338765094911,-2.164429214780295,-5.666374862660841,0.08372326786944778,-0.8212900912217288,0.07895838401092628,3.114546461696289,-0.3887699286090296,-0.5202515761004847
3.1276416778564453,-0.6623336492303558,0.6605700147147076,0.14129087959126113,-1.3375173230861206,-1.3915793558854583,1.131103420629855,-6.576622728425652,-2.3395535977205593,-5.681102531377576,0.08329514867565983,-0.8165833308565197,0.06812857494678434,3.1145621973225097,-0.38876611391176397,-0.5202515761004847
3.1296699047088623,-0.6623355280480171,0.6605789029237018,0.14129107115518913,-1.3375902288213042,-1.3915524621406856,1.131095702018994,-6.634006691908692,-2.149061870204418,-5.813327454099083,0.08496057083132558,-0.8140404485233261,0.07314671875962094,3.1145946222492675,-0.38880902925600225,-0.5202205816852015
3.1316978931427,-0.6623497631098856,0.660555530085812,0.14130595894818893,-1.33750737948432,-1.391595455942818,1.1311312492800805,-6.485906218359045,-2.367729524269659,-5.552029234744597,0.0847892128413156,-0.821453272352077,0.07855350143907337,3.1145869928547363,-0.3887589613543909,-0.5202434698687952
3.1337249279022217,-0.6623654692233371,0.6605493048868094,0.14131190879662708,-1.3375303571507065,-1.3915976871912348,1.1311223299219575,-6.666992087451802,-2.239459542010406,-5.529835950250224,0.0797330568595154,-0.8252456511824964,0.08185915647317481,3.114602728480957,-0.38879377046693975,-0.5202277342425745
3.1357529163360596,-0.6623582762790136,0.6605590962948783,0.1413257760951273,-1.3375946611167742,-1.3915629486774415,1.1311561201261138,-6.43275076394741,-2.2575908169858354,-6.012392054816292,0.07645603309239965,-0.8240532480844958,0.07959429955350984,3.114649935359619,-0.38879377046693975,-0.5201848188983362
3.1377809047698975,-0.6623353801387204,0.6605802757286678,0.1413205136988148,-1.3375936066180607,-1.3915500351592105,1.1311274696781224,-6.513232706518778,-2.300022757464973,-5.815483549167224,0.08285381793432695,-0.8345167011675881,0.08050031163387919,3.1146508890339355,-0.3887861410724085,-0.5202119986163538
3.1398088932037354,-0.6623594357004269,0.6605674376223415,0.1413520810892273,-1.3375593467951052,-1.3915704612493256,1.1311043459115526,-6.337719189557205,-2.1926733966570753,-5.9832956643516315,0.08120634465208959,-0.8264849374822074,0.08106966302305726,3.114654703731201,-0.3888128439532679,-0.5202005545245569
3.141836643218994,-0.6623629578141113,0.6605544736514646,0.14138854608138213,-1.337505437576433,-1.3915913465766219,1.1310918338727822,-6.358855099342351,-2.2284900600500945,-5.9663336415526,0.08318581453308076,-0.8281097305582812,0.08034749029411624,3.11464707433667,-0.3888018766986292,-0.5202158133136194
3.143878936767578,-0.6623786372059386,0.6605442107370404,0.1413654499307951,-1.3375770190530571,-1.3915833252150998,1.1311792313970213,-6.365927657580354,-2.0334248428238193,-5.792947412285357,0.08423182525058295,-0.8260154063635871,0.0782510914203849,3.1147028642841796,-0.3887899557696741,-0.5201767126666468
3.145906925201416,-0.6623867003727262,0.6605391606892911,0.1413940584495478,-1.33755626048082,-1.3915902069550612,1.1311673256055639,-6.172957435290968,-2.147570627483193,-5.711190919148361,0.08476125278849739,-0.8272039555950667,0.08049236817706343,3.114710970515869,-0.3887980620013636,-0.5201695601092737
3.147934913635254,-0.6623666730964626,0.6605656575522715,0.14139295730539123,-1.337613690077498,-1.3915541520231012,1.1311592754363913,-6.354607937859976,-2.238096230712837,-5.837948017712913,0.0809439907970908,-0.8270293914466424,0.08378349064325273,3.114750548,-0.38880712190736944,-0.5201605002032679
3.1499626636505127,-0.662364636994233,0.6605727480177995,0.14143140579762198,-1.337507601276641,-1.3915897272695006,1.131106177416177,-6.2094699955575186,-2.083106343539025,-5.932925336047861,0.0785917322443034,-0.8266891777426921,0.0921631745077141,3.1147591310688476,-0.3887861410724085,-0.5202191511737269
3.1519906520843506,-0.6623686811932629,0.6605642243987695,0.14141678502037752,-1.337578627457097,-1.391569554277406,1.1311691084283364,-6.194706166732737,-2.5299117716176225,-5.767017049879544,0.08581121011615178,-0.8331606775831385,0.08824482987494456,3.1147820192524414,-0.3887828032123011,-0.5201767126666468
3.1540186405181885,-0.6623909475468323,0.6605382613196922,0.14144897776040727,-1.337511145417281,-1.3916052756300403,1.13116168322237,-6.211901813673206,-2.1422583854694905,-5.9047512310660455,0.0817765841072588,-0.8341559755069629,0.09139390724910343,3.114760084743164,-0.3887828032123011,-0.5201800505267542
3.1560468673706055,-0.6623864380021915,0.6605633184141417,0.14145779818538493,-1.3375723470502119,-1.3915698408144221,1.1311380161371893,-6.276401447369145,-2.1540840461064406,-5.928949873592133,0.07922143324668401,-0.8322934085650405,0.08692563921732144,3.1148058611103515,-0.38882142702211553,-0.520149056111471
3.1580748558044434,-0.6623758044924294,0.6605576906028913,0.14146155295743965,-1.3375414302364474,-1.391583587086602,1.1311350873258317,-6.336097318708875,-2.010131286897709,-5.964022638810412,0.0793745141771341,-0.8359791758526086,0.08979486885608592,3.114791079158447,-0.3887980620013636,-0.5201838652240198
3.160101890563965,-0.6623974347629238,0.6605436251824081,0.1414717077572273,-1.337549834911141,-1.391593183430497,1.1311571437137038,-6.31987387692689,-2.494474324536172,-5.809481056192167,0.08293029014869002,-0.8390426115723554,0.08614576209746798,3.114812059993408,-0.38881045976747686,-0.5201595465289515
3.1621298789978027,-0.6623838345425077,0.6605600709718121,0.14145838689657098,-1.3376211822521396,-1.3915699912457369,1.1311490335788357,-6.1394008407400875,-2.289962072599712,-5.778788509149657,0.08669886997564695,-0.8351245570789159,0.09233692933653985,3.1148549753376464,-0.3888333479510706,-0.5201676527606409
3.1641578674316406,-0.6623766967094467,0.6605713732670911,0.14150384190922335,-1.3375854927959887,-1.3915557684906574,1.131153031387204,-6.108604122625406,-2.4106760137675893,-6.0328313534050055,0.07817478644198227,-0.8291745329374226,0.09211463036455013,3.114870710963867,-0.3888056913958948,-0.5201404730426233
3.1661858558654785,-0.6623940308282932,0.6605583145862662,0.14150768212423467,-1.3375813258813818,-1.391572010839029,1.1311390718835317,-6.3100482372801645,-2.457724945652409,-5.832642710662515,0.08553795923912186,-0.8396297750197192,0.09486453454041646,3.1148668962666015,-0.3888333479510706,-0.5201404730426233
3.16821551322937,-0.6623947712418363,0.6605562755706448,0.14149722251387842,-1.3375763996581422,-1.3915898089883245,1.1311515791218576,-6.143021014426891,-2.461090272109108,-5.967652987717326,0.07780729375133807,-0.8405270389975127,0.0915709593436297,3.1148950296589355,-0.3888190428363245,-0.520174805318014
3.1702518463134766,-0.6623966298195849,0.6605593477431315,0.14149415481698055,-1.3376370496565666,-1.3915690871057373,1.1311599802577785,-6.059686129818416,-2.3151718466893465,-6.164079947165991,0.0769971266186166,-0.8366552563043154,0.09162580850811865,3.1149188715168457,-0.3888452688800257,-0.5201471487628382
3.1722798347473145,-0.6624037825478519,0.6605534243132769,0.141529834556676,-1.3375979786632988,-1.3915698945823574,1.1311745169406184,-6.1747350428709495,-2.482108026819813,-6.316114858523859,0.07444457239163771,-0.8410491373004103,0.09383392229447228,3.11491505681958,-0.38882619539369756,-0.520116154347555
3.1743078231811523,-0.6623930778190349,0.6605683457416549,0.1415186745077096,-1.33764979388139,-1.3915503174638064,1.131163546243762,-6.130876243540458,-2.5392932619233086,-6.160049068135594,0.08015631106614701,-0.8448745258086483,0.0954400022733149,3.114943190211914,-0.3888452688800257,-0.5201199690448206
3.1763358116149902,-0.6624030779807956,0.6605595326730418,0.14155160450462026,-1.337610533960147,-1.3915651028156644,1.1311415681648487,-6.233273132685559,-2.43528379005592,-6.220914507474718,0.0804404525595459,-0.8396996111948299,0.10126661908476056,3.1149393755146484,-0.38885432878603154,-0.5201199690448206
3.178363800048828,-0.6624053545505254,0.6605557354572433,0.14157494360940487,-1.3375762625985645,-1.3915754238927949,1.1311697241005487,-6.3485652300450965,-2.332243320767188,-6.049875632886329,0.07540200744615955,-0.8395440138939267,0.10099626664652271,3.1149632173725585,-0.3888190428363245,-0.5201199690448206
3.180392026901245,-0.6624043771874665,0.6605595522193086,0.1415760537351887,-1.337588802612278,-1.3915682579509474,1.1311456555992008,-6.291569178221452,-2.641157864003225,-5.871213103638472,0.08148115752763022,-0.8408148159034843,0.09596656401178001,3.1149560648151855,-0.38884193101991826,-0.520116154347555
3.182433605194092,-0.6624001108050798,0.6605714615072182,0.14160007611766184,-1.3375751913824157,-1.3915675318466727,1.1311512474973753,-6.167811164168154,-2.5653599463120607,-5.980306431954617,0.07719081071834083,-0.8392718749703059,0.09696166647498533,3.115006132716797,-0.38882238069643194,-0.520123306904928
3.1844606399536133,-0.6624154531520656,0.6605436805420195,0.1415852948691697,-1.3376288554949476,-1.3915731887432408,1.1312263794669135,-6.115911150192963,-2.674815556940506,-6.1498745915099375,0.07555897339154041,-0.8396065143644427,0.10176680989480696,3.1150271135517578,-0.3888152281390589,-0.5200999418841761
3.1864891052246094,-0.6624069871011569,0.6605567855541501,0.1415977443239881,-1.3375886741173861,-1.3915675770469351,1.1311966813462606,-6.169019936962103,-2.4794426061319466,-5.977053766108465,0.07448711610670464,-0.8441829041867885,0.10589548822163582,3.115004225368164,-0.38880712190736944,-0.5200999418841761
3.188516855239868,-0.6624142239458579,0.6605645133276953,0.14161973901876926,-1.3375980217554773,-1.3915693117502947,1.131124655936847,-6.094756305919343,-2.4598915137440804,-6.1053560325122955,0.07533902371435915,-0.8401608794033003,0.10507061098881464,3.115023298854492,-0.38886911073793584,-0.520111385975973
3.190552234649658,-0.6624216491345482,0.660563703786474,0.1416257553255454,-1.3376583585822848,-1.391556218532468,1.1311898078500742,-6.072760343997867,-2.341974986351462,-6.402915008394686,0.0721362144755042,-0.8373034427427299,0.10610739417737297,3.1151015001484375,-0.38885766664613897,-0.5200799147235315
3.1925809383392334,-0.662422583178674,0.6605527420941613,0.1415984392306744,-1.3376635476336698,-1.3915634523617009,1.1312075826317578,-6.085254461385331,-2.455148491573422,-5.7570719465501865,0.08234011149933285,-0.8496026202925759,0.10318610925848234,3.1150714594074707,-0.3888505140887659,-0.5200870672809046
3.194610118865967,-0.6624275739797043,0.6605618794989587,0.1416468916313676,-1.3376320386343858,-1.391559008574039,1.1311670124814974,-5.905488973558393,-2.5133158747294493,-5.871563370606572,0.07400962949604992,-0.838026427959038,0.09986716773857911,3.1150871950336914,-0.38886911073793584,-0.5200689474688929
3.196655035018921,-0.6624225874468941,0.6605705905084995,0.1416678170991227,-1.3376241183262638,-1.3915534920254162,1.131135983211973,-6.0276996203580016,-2.2157490951642136,-6.047133785411688,0.07165001187255478,-0.8403743748577375,0.11017141962823662,3.115095301265381,-0.3888815085040491,-0.5200722853290003
3.198683023452759,-0.6624352409705194,0.6605526362800476,0.14165894120407307,-1.3376315689491813,-1.391571450560278,1.131182320339513,-6.077896329798717,-2.6301240357056797,-5.979758507948926,0.07937170898919672,-0.848133162718956,0.10557189248747423,3.1151153284260253,-0.3888657728778284,-0.5200756231891077
3.2007110118865967,-0.6624245645506193,0.66057497463715,0.14169520380923117,-1.3376587876955,-1.3915417418101315,1.131164453906121,-6.008005451565563,-2.441795325271727,-5.842743396095996,0.0763621488574477,-0.8463645476891803,0.11163761054614366,3.115166350001953,-0.3888781706439417,-0.520052735005514
3.2027387619018555,-0.6624443328529508,0.6605546249983205,0.14171686817449433,-1.3376508231678663,-1.3915526446583786,1.1311791694060958,-5.968143712632457,-2.494996340790607,-5.9563097503673985,0.07479930978923935,-0.8432323410425673,0.10403369317205263,3.115163488979004,-0.3888891378985804,-0.5200255552874964
3.2047669887542725,-0.6624562341036849,0.6605439652301383,0.14172122505771068,-1.3376183604379985,-1.3915837773119515,1.1311863204853634,-5.9809559891972,-2.2536330742905237,-5.926122446742431,0.07328048163229985,-0.8431422165304031,0.11470005724049565,3.1151863771625976,-0.3888781706439417,-0.5200565497027796
3.2067947387695312,-0.6624361462991464,0.660560095993065,0.14170593352138253,-1.3376584265127331,-1.3915615563584418,1.131218020915694,-6.039664954575465,-2.7239245585406957,-5.889230994219664,0.0775834111583382,-0.8479447942911607,0.10820260975787391,3.1152192789265136,-0.3888505140887659,-0.520059887562887
3.208822727203369,-0.6624454067439212,0.6605720774843414,0.14175051559767204,-1.3375868679551637,-1.391579881793805,1.131097708188411,-5.86045180023004,-2.386613146256246,-6.1706960493049525,0.07583689019555843,-0.8414120801293825,0.11678340028489605,3.115203543300293,-0.3889091650592249,-0.5200865904437464
3.210850715637207,-0.6624693974251022,0.6605374925774491,0.1417637616993991,-1.3375711898305787,-1.3916032439807282,1.131194526506757,-5.867114939336994,-2.816340741266403,-6.377484235754867,0.07410601877454814,-0.8410989373957116,0.10863070902071761,3.1152235704609375,-0.3888619581805628,-0.5200555960284632
3.212878704071045,-0.6624450842310546,0.6605694006916806,0.14176286787197306,-1.3376433067789475,-1.3915543994234536,1.1311494425720914,-5.9141201730733055,-2.7577444387052963,-5.927942756942672,0.07898083479116655,-0.854878946013012,0.11565905358664978,3.115239306087158,-0.38890201250185186,-0.5200393835650843
3.214906692504883,-0.662436160479754,0.660571565260161,0.14177329643719658,-1.337647966091223,-1.3915454371395304,1.131199901315423,-5.697368512353853,-2.6137797737344854,-6.157531804790286,0.07993511621594247,-0.8425982599330055,0.11666756386401848,3.1152707773395996,-0.38885814348329717,-0.5200288931476038
3.2169349193573,-0.6624532631543558,0.6605546948488936,0.14177467075286243,-1.33765490966288,-1.3915614807965115,1.1312044318219021,-5.891565502850172,-2.477510879149352,-5.832688148076724,0.0749217938533278,-0.8499201857678157,0.11253064885659889,3.1152755457111816,-0.3888781706439417,-0.5200274626361292
3.2189676761627197,-0.6624573672069146,0.6605663521890301,0.14181041827230062,-1.3376554048226816,-1.3915529504342823,1.131201759276157,-5.7124902239457835,-2.380135960356082,-6.0919741206693105,0.07900766696939439,-0.8419951800367611,0.1120942313592116,3.115330858821533,-0.3888815085040491,-0.5200088659869593
3.2210350036621094,-0.6624749341524003,0.6605412855732395,0.1418343247426008,-1.337569862999437,-1.391601549197936,1.1311968527407188,-5.79563119938533,-2.222969827018201,-6.32366030135729,0.07234769397361276,-0.8421578268744532,0.11580493392102309,3.1153151231953125,-0.3888633886920374,-0.5200431982623499
3.2230629920959473,-0.6624681873254317,0.6605550376863468,0.14182163024811714,-1.337599530866615,-1.3915790450878054,1.1311906031877013,-6.047109901790018,-2.5546985297942806,-6.009039962774618,0.07653486877046915,-0.8506496910037892,0.11618174396368254,3.115311308498047,-0.3888743559466761,-0.5200241247760218
3.225090980529785,-0.6624645916707432,0.6605570075906971,0.14183659108181948,-1.3375888130678844,-1.391585705106861,1.1311659161419663,-5.933671474253931,-2.420382946401677,-6.119027659417492,0.0793519348055091,-0.8419288574378381,0.12132474282066093,3.11532370626416,-0.3888819853412073,-0.5200465361224573
3.227118730545044,-0.6624542461499145,0.6605701302319714,0.14183217209093293,-1.3377074957380541,-1.3915238007598796,1.1312225980506287,-5.897423928842114,-2.292377493383263,-6.073151182489033,0.0783170165568587,-0.8427083648709922,0.11631152217370781,3.115363283748291,-0.3888910452472132,-0.5199654738055628
3.229146957397461,-0.6624575211470232,0.660578021742583,0.1418554730206522,-1.3377140125458764,-1.3915287625215587,1.1311847582943295,-5.89463376124562,-2.626123528200822,-5.970123398986118,0.08303885288219715,-0.8473300701205084,0.10802832087842343,3.115410013789795,-0.38892108598818,-0.5199845472918909
3.231175184249878,-0.6624824008832558,0.660542122011556,0.1418527305245884,-1.337640268971215,-1.3915740574406994,1.1312102967005266,-5.941650106190486,-2.608884699948232,-6.155628692021299,0.07333142203183068,-0.8427254279655967,0.1077824476977679,3.1153556543537597,-0.38889819780458623,-0.519991699849264
3.2332029342651367,-0.6624701211416519,0.6605579529758316,0.14188725084975295,-1.3376335859014272,-1.3915649210237733,1.1311786496423408,-5.905983906542349,-2.3853319666139012,-5.95970209443906,0.07199671966880253,-0.8478508571767646,0.11398389695424958,3.115391417140625,-0.38890201250185186,-0.5200040976153772
3.2352309226989746,-0.6624744877950969,0.6605591141660013,0.14189422628171636,-1.337610282331328,-1.3915711823258046,1.131173163885911,-6.039525291861031,-2.4290146332276494,-5.96562748394421,0.0816859464571,-0.8443410211504673,0.10916701638811702,3.115391417140625,-0.38889819780458623,-0.5200040976153772
3.2372586727142334,-0.662476742091557,0.6605693402941147,0.14190599766853343,-1.337643961755404,-1.3915524456496826,1.1311754417641469,-6.132864887830669,-2.029397192442401,-6.002533295291808,0.0735361839335661,-0.8423903087890563,0.1137732714868384,3.115426703090332,-0.38891393343080694,-0.5199759642230433
3.2392866611480713,-0.6624820824165268,0.6605551842017399,0.1419287919686045,-1.3375998786399501,-1.3915693691933482,1.131201074632337,-6.195040009980386,-2.296765516943403,-6.01083677914287,0.07662226700660726,-0.844830998423197,0.11485298853860523,3.115424318904541,-0.3888819853412073,-0.5199759642230433
3.2413148880004883,-0.6624956540872812,0.6605450287422692,0.1419459351178405,-1.337613079470335,-1.3915831629635786,1.1311855639126738,-6.126812509262607,-2.6227394403283677,-6.111909925686581,0.07730414646627326,-0.8374272314288713,0.10857635804729535,3.115455313319824,-0.38891393343080694,-0.5199850241290491
3.243342876434326,-0.6624847131996312,0.66056415902987,0.14193264924768664,-1.3376617963851178,-1.3915593223369371,1.1311861120744053,-6.235752510870217,-2.387504124842416,-6.028135026726631,0.07447757960092251,-0.8394544964127176,0.11570195113428194,3.1154867845722656,-0.3889220396624964,-0.5199793020831507
3.245370864868164,-0.6625024355152547,0.6605439405192004,0.14196963223627312,-1.3375920467963445,-1.3915901087314266,1.1312157810829595,-6.264009165773602,-2.7697957731887386,-5.880448596257883,0.08166564018323565,-0.8453067528365713,0.10768028828070435,3.1154953676411132,-0.38888723054994756,-0.5199759642230433
3.247398853302002,-0.6624915018259551,0.6605678927050773,0.14196689678693727,-1.3376481311668817,-1.3915587468408888,1.1311596645077846,-6.196563860112315,-2.3815830069602266,-6.241636017772377,0.07406881356601774,-0.830397350285243,0.10953552984596528,3.1155072885700683,-0.3889411131488245,-0.5199678579913538
3.2494606971740723,-0.6624893687276368,0.6605624219201918,0.1419670679784161,-1.3376431861126212,-1.3915642168097293,1.1311550995060249,-6.223633445303028,-2.5706234379591812,-6.059244122455033,0.07642204357002116,-0.8324615519632457,0.1025214229808567,3.1154963213154296,-0.3889411131488245,-0.5199793020831507
3.2514889240264893,-0.6625164779282818,0.6605404518146206,0.14201191062533722,-1.3375447341721178,-1.3916096236025617,1.1311766756922061,-6.193862361749483,-2.5216620944031036,-6.057060157117487,0.0814551228063599,-0.8370785368116741,0.10479235218228819,3.115511580104492,-0.3889063040362757,-0.5199831167804163
3.253516674041748,-0.6625109899931616,0.6605414386316973,0.14204236189767408,-1.3375407482948207,-1.391607502817316,1.1311761784406875,-6.243259520380356,-2.4073334190607056,-6.030931711066214,0.0799137265724579,-0.8386255983390386,0.10583245621266704,3.115539713496826,-0.38889915147890264,-0.5199864546405237
3.255544662475586,-0.6625159322792187,0.6605504134317317,0.14206131401732178,-1.3375333908313003,-1.391591726195629,1.1311532443749355,-6.312801137383456,-2.5347297368732304,-5.846410512653884,0.07866477564619555,-0.8347654262526659,0.10749826755798572,3.1155287462421875,-0.38891822496523076,-0.5199487845050257
3.257573366165161,-0.6625083941194125,0.6605636957910939,0.1420722764948153,-1.337604784231787,-1.3915629521916337,1.1311660378111745,-6.121793849504096,-2.7672545287649957,-5.827771441496817,0.08707712551348946,-0.8324497653200061,0.10530213753486783,3.1155916887470703,-0.38893396059145147,-0.519928280507223
3.2596018314361572,-0.6625265207499033,0.6605582624402322,0.1421033517701778,-1.3375574477793073,-1.3915867759636178,1.131132223971678,-6.132722517948923,-2.6007588176212852,-5.933945103633672,0.0785924946780159,-0.8315839830393367,0.10303096550559676,3.1156036096760253,-0.3889530340777796,-0.5199363867389124
3.2616257667541504,-0.6625043164301259,0.6605702340373752,0.14209172993324087,-1.3375615515463393,-1.3915748410653008,1.1311325566837558,-6.380466303648397,-2.3850818999310954,-5.705469291278658,0.07909996057000088,-0.8356190956255867,0.10673552979453059,3.115595980281494,-0.38893014589418584,-0.5199559370623987
3.263648509979248,-0.6625401730099867,0.6605454552995179,0.14214486908592294,-1.3375218405411513,-1.391595575274912,1.1311478812750784,-6.256933183487152,-2.3746130043207243,-5.799286918975493,0.07456903861757955,-0.8316181723247961,0.10515466004308767,3.115611715907715,-0.3889420668231409,-0.5199092070208948
3.265669584274292,-0.6625294255639,0.6605571108490693,0.14213728283991867,-1.3375774134036693,-1.3915694412991286,1.1311581041887016,-6.335511930446593,-2.3027402577346705,-6.051983280767366,0.0755093795883128,-0.8331602489656837,0.10685992441414598,3.115635557765625,-0.38894969621767217,-0.5198939482318323
3.2676901817321777,-0.6625156997900392,0.6605831952349644,0.14216994967200086,-1.3376056198654924,-1.3915433487995235,1.1310779113829865,-6.359242284849233,-2.273029047673995,-5.9211204661556565,0.07372710775862008,-0.835740514834498,0.10536698380426475,3.115663691157959,-0.3890040556537073,-0.5198972860919397
3.269710063934326,-0.6625257441149386,0.6605557191087926,0.14215188408870827,-1.337584247114654,-1.3915839423043344,1.131152969674642,-6.4589089386895875,-2.689988943004533,-5.855994242342851,0.07972006836148574,-0.8302866150683448,0.0997113164571962,3.115687533015869,-0.38894969621767217,-0.519935433064596
3.271732807159424,-0.6625232199244989,0.6605598961153685,0.1421780070380303,-1.3375546518793904,-1.3915715926331356,1.1311690371420697,-6.388181329309965,-2.7321298868338766,-6.078050996446514,0.0836713054214942,-0.8291077576857937,0.096439447308374,3.1156789499470214,-0.3889229933368128,-0.5199006239520472
3.273759603500366,-0.6625237278977749,0.660576221465135,0.1422058226695755,-1.3375537166257176,-1.3915658286416788,1.1310903398702805,-6.4049889912007005,-2.4068881209308652,-6.100499836853082,0.07404400778558434,-0.8278772912022563,0.10299339034870142,3.1156956392475585,-0.38897687593568975,-0.5199092070208948
3.2757880687713623,-0.662535040161049,0.6605533454902416,0.14220777086570482,-1.3375617474180763,-1.3915789191894967,1.1311899075848655,-6.544815627773902,-2.553699699578749,-5.82918051491804,0.08215399696410895,-0.83538866613457,0.101285951133592,3.1157356935688476,-0.3889229933368128,-0.5198920408831995
3.277815818786621,-0.662522909224488,0.6605737114599105,0.1422503853647022,-1.3375298180468544,-1.3915778570331427,1.131113166195893,-6.528577419793616,-2.732367948730866,-6.0098280453144595,0.07935228563013434,-0.8275931998475843,0.09327934692814877,3.1157595354267578,-0.38894588152040654,-0.5199235121356409
3.2798430919647217,-0.6625362378265695,0.6605674764239722,0.14225953637714528,-1.3375322847421147,-1.3915838534586475,1.1311124078310195,-6.754938810811505,-2.3514568699539264,-5.809142478559717,0.08085189509139254,-0.8266029596977726,0.09733617050676006,3.115771456355713,-0.38896209398378545,-0.5199115912066858
3.2818710803985596,-0.6625466574601964,0.6605681903352458,0.1422946471417879,-1.3374778039550195,-1.3915835207409823,1.1310893707223464,-6.625015770597197,-2.1540356110190166,-5.895236162260184,0.07620279038072571,-0.827467889441689,0.09756517786769274,3.1157447534748535,-0.3889654318438929,-0.5198772589312952
3.2838988304138184,-0.662543077959443,0.6605622813109536,0.14227589408496197,-1.3375774468046502,-1.3915712807898812,1.1311352172378548,-6.480712677015004,-2.526391026976363,-5.906852149988765,0.07947749333370555,-0.8282679226965352,0.08798758409443548,3.1158076959797363,-0.38897687593568975,-0.5198805967914026
3.2859268188476562,-0.6625652801449553,0.6605410905878982,0.14229470621275805,-1.3375182468993445,-1.391606119453414,1.1311550585260628,-6.462190986403269,-2.50993534837586,-6.152872958107336,0.07848942940460125,-0.8275932367329141,0.09197217336705223,3.1158076959797363,-0.3889582792865198,-0.5198839346515101
3.287954807281494,-0.6625545138133067,0.6605672014283067,0.14232865695354494,-1.3375241879758382,-1.3915922517530182,1.1310927464823861,-6.776701260210158,-2.1711729372439152,-6.099873775476958,0.08120053648831545,-0.8325157399537646,0.1013201448048617,3.115855856532715,-0.38898927370180303,-0.5198991934405726
3.289982557296753,-0.6625469252103872,0.6605725307215727,0.14235824307384187,-1.3375154541757575,-1.3915786621407025,1.1310949783387017,-6.612790330278766,-2.3683638298342373,-6.007863953206354,0.07993538837756956,-0.8387141733348822,0.0953577528136946,3.1158639627644042,-0.38897687593568975,-0.5198805967914026
3.2920098304748535,-0.6625659154336059,0.6605490042159035,0.1423660588817771,-1.33750530662052,-1.391598387047089,1.1311550655823568,-6.5769478286371905,-2.139084720216065,-6.237096593851168,0.07493737969162578,-0.8294166313174073,0.08940750954800902,3.1158830362507324,-0.3889511267291468,-0.5198648611651819
3.2940380573272705,-0.6625510044408962,0.6605734262506547,0.1423979018486814,-1.3375124910890488,-1.3915764082157667,1.1310915071624272,-6.60988642404133,-2.3417224626658153,-6.1702907715018025,0.07813840999754432,-0.8257177863917217,0.08142074933140916,3.115903540248535,-0.38898212114443,-0.5198681990252894
3.2960658073425293,-0.6625628100011416,0.6605598483210932,0.1423904417995516,-1.3375657593450008,-1.3915705046771487,1.1311430098911335,-6.774993471639743,-2.04469872876207,-5.9173572891838155,0.07788333208567763,-0.8325465921271515,0.08779363543298015,3.1159307199665527,-0.3889859358416956,-0.5198372046100062
3.298093795776367,-0.6625816783170321,0.6605414809266205,0.1424340923211055,-1.337460158856239,-1.3916075853847412,1.1311551246048357,-6.889569298285031,-2.306330289776184,-5.986771028394511,0.07993217467545155,-0.835118156099421,0.0861463482934331,3.115919752711914,-0.38894731203188115,-0.5198372046100062
3.3001208305358887,-0.6625603202362131,0.6605684700072555,0.14246689093037465,-1.3374449340290677,-1.3915956257522368,1.1310650617302935,-6.845663410944347,-2.4069814871917457,-6.188889841464917,0.08155748529520569,-0.8314915396261718,0.08420371579308501,3.1159321504780273,-0.38897830644716436,-0.519872013722555
3.3021838665008545,-0.6625747552846192,0.6605693219559966,0.14246557194353737,-1.3375043558102417,-1.3915855235395178,1.1310804476594432,-6.871880124221662,-2.106769876216136,-6.313621090381623,0.07998281371795933,-0.8288102109275722,0.08618643122393126,3.115983172053955,-0.38900977769960576,-0.5198443571673792
3.3042118549346924,-0.6625951600190534,0.6605386741573862,0.14249088622352896,-1.3375108092312116,-1.391589871770611,1.1311317929205724,-7.126095591956968,-1.8921060259325642,-5.852737098341751,0.08072727786271902,-0.8310232965752187,0.08216647241043384,3.11597649633374,-0.38900596300234014,-0.5197938124286097
3.3062398433685303,-0.6625727239111685,0.6605670930895654,0.14251740456864292,-1.337503725978059,-1.3915803990530295,1.1311098854222514,-7.185851716064137,-1.6404150123607208,-5.695409230033057,0.08313723116518645,-0.8330817937228598,0.0790109323629206,3.1160427766987304,-0.388986889516012,-0.5198290983783167
3.308267593383789,-0.662582140688831,0.6605541763968492,0.14253660559202877,-1.3374657516988813,-1.3915915042552363,1.1311035199732336,-7.028705182153022,-2.365029681674421,-5.756591936783343,0.0840242472328357,-0.8336109762220897,0.06283282407867369,3.1160127359577636,-0.388986889516012,-0.5198171774493616
3.310295820236206,-0.6625934421340016,0.660547091031343,0.14254578528860778,-1.3374700464891138,-1.3916021937245202,1.1311170926946923,-7.0462287433755595,-2.0831290707775434,-6.144297365528928,0.08502375363213374,-0.8302428786027121,0.07271561829644879,3.116044207210205,-0.38899022737611944,-0.5198171774493616
3.312323808670044,-0.6626121046677076,0.6605465966591684,0.14259904217545372,-1.337432397229344,-1.3916206723984765,1.1310719925842134,-7.204022446485946,-2.3760594255011234,-6.242189965053386,0.08246751869258367,-0.8418558682174604,0.06959388313285475,3.1160871225544433,-0.38902169862856084,-0.519820515309469
3.314351797103882,-0.6626013151087368,0.6605539614587002,0.14258811896784007,-1.3374997905663188,-1.3915971111949155,1.1311108528791811,-7.224656494293409,-2.3937561016744757,-6.261609425783223,0.08602069580891542,-0.8356712430932708,0.06625611511887314,3.116130991572998,-0.3890140692340296,-0.5198081175433558
3.316392421722412,-0.6625950771229009,0.660562980127005,0.14260954953280056,-1.337419827131187,-1.3916148109303208,1.131064835005827,-7.202741930593866,-1.997600427199278,-6.018672162702931,0.08608846351812804,-0.8362108948072674,0.06823594293715755,3.116112394923828,-0.3889988104449671,-0.5198429266559046
3.3184337615966797,-0.6626107824740851,0.660548745569966,0.14263242348096333,-1.3374840698350232,-1.3916025482214471,1.131079501043802,-7.197434964544421,-1.9866487091318332,-5.888740577401738,0.08524796364440455,-0.832922080779391,0.059242553151223454,3.116147204036377,-0.38904077211488897,-0.5198000113116663
3.3204617500305176,-0.662611572150711,0.6605525252989356,0.14268619850658643,-1.3373839804861614,-1.3916196751487138,1.1310489597809408,-7.339201380360143,-1.8433856910432915,-5.830063885404307,0.08480922656028768,-0.8315636411998494,0.0533141306439729,3.116140051479004,-0.3890140692340296,-0.5198081175433558
3.3224899768829346,-0.66261699832836,0.6605474758542179,0.14269543015280248,-1.3374232528653984,-1.391614862422608,1.1310834809637793,-7.478854836562066,-1.7387070330372552,-5.8856197943402355,0.07931454064943225,-0.8295951202396877,0.054318457609934846,3.1161882120319824,-0.3890140692340296,-0.5197933355914515
3.3245177268981934,-0.6626329413980849,0.6605454168185181,0.1426890127475138,-1.3374851509450292,-1.3916074971007606,1.1310923690804602,-7.383551640567157,-1.9718773265245804,-5.854405774807445,0.08633080221474158,-0.8290284114316507,0.05441174099970126,3.1162301737019042,-0.38905364671816045,-0.5197694937335413
3.3265459537506104,-0.6626217571164164,0.6605562875444446,0.14271149841208974,-1.337482641227189,-1.3915971544373305,1.1310995091289335,-7.419518399567599,-2.1659636583566475,-5.995325598545332,0.08856244603650375,-0.8286231113291195,0.051823775335672825,3.1162630754658203,-0.3890336195575159,-0.5197694937335413
3.3285739421844482,-0.6626224583611312,0.6605560849734599,0.14275167118044538,-1.3374021593550043,-1.391617338919279,1.131056412930801,-7.423507204846612,-2.319197396484289,-5.891280785924302,0.09259197624973053,-0.8385863619437947,0.05048913284700333,3.116248293513916,-0.38902599016298467,-0.5197914282428187
3.330601930618286,-0.6626212218040417,0.6605583898732907,0.1427552477935015,-1.3374137243108213,-1.391596084557525,1.1310406289409243,-7.51483273938783,-2.081885939842789,-6.08467894417891,0.08732306227525038,-0.8422768868416759,0.056209869978004735,3.1162091928669433,-0.3890460173236292,-0.5197532812701624
3.332629680633545,-0.6626419100872647,0.6605420188314375,0.14277675830266742,-1.3374011646953308,-1.391632599692066,1.1310793502258978,-7.557710662648453,-1.9865863146186373,-6.12506569085957,0.08570796530924187,-0.8334555359318652,0.045243057956289724,3.1162912088581542,-0.3890298048602503,-0.5197799841510218
3.334657669067383,-0.662637142729142,0.6605442648829208,0.14275972619855082,-1.337454836646518,-1.39161152633571,1.1310837076903053,-7.320246885364493,-1.5287036042583635,-5.892785510030283,0.08847290312728563,-0.8281096909619229,0.045678993161205356,3.116284056300781,-0.3890498320208948,-0.5197604338275355
3.3366856575012207,-0.6626481793340226,0.6605416351441684,0.14281973578465504,-1.3374279121200834,-1.391619201139135,1.1310961059660447,-7.4994493228056625,-1.5275991138575153,-6.028723250260889,0.08909163556278626,-0.8200351144811565,0.03431629807313939,3.1163479524799804,-0.38903838792909795,-0.519745175038473
3.3387138843536377,-0.6626474201323264,0.6605440587608826,0.14284321030121538,-1.3374647602719534,-1.3915989670811568,1.1311014211252932,-7.5425215850574245,-1.836799249944339,-5.850680590422706,0.08291437778534885,-0.8303872973071321,0.036137530360057415,3.116375132197998,-0.38905364671816045,-0.5197141806231897
3.3407418727874756,-0.6626714602619651,0.6605274339966325,0.1428869753931743,-1.3373360872338327,-1.3916563864850664,1.1310684137497977,-7.498788022920968,-2.0711789143953556,-6.168932754254225,0.08694517847373875,-0.8270099780602972,0.03971134407442036,3.116367979640625,-0.38903838792909795,-0.5197518507586878
3.3427700996398926,-0.6626798599378683,0.6605385458846523,0.1428937422134274,-1.337416168966514,-1.3916373041277672,1.1310805513913733,-7.699420577755336,-1.972035571748525,-6.019556672529804,0.09362579408574667,-0.8302853753005452,0.03824614605599545,3.116455240840576,-0.3890731970416468,-0.5197284857379358
3.3447978496551514,-0.6626547756632922,0.6605439857413867,0.14288738419613953,-1.3374068870258633,-1.3916149029804312,1.131071681637863,-7.671033928463371,-1.6192824619440653,-5.856108917825952,0.08937513656168664,-0.8242269624140901,0.03483872878241831,3.1163884836384277,-0.38905364671816045,-0.5197213331805628
3.34682559967041,-0.6626757078031524,0.6605205778205314,0.14290907631668306,-1.3374123502030189,-1.3916341624558397,1.1311187804812235,-7.748094280941683,-1.7376441672939338,-5.719922459112626,0.09092208031051939,-0.823185956455866,0.029159035961138214,3.116431875819824,-0.3890464941607874,-0.5197089354144495
3.348853826522827,-0.6626451425845166,0.660574586358716,0.1429268190268877,-1.3374981030689315,-1.3915667156161367,1.1310625751992933,-7.582345009092271,-1.5478073551200948,-5.93676883991625,0.0878320954862702,-0.8209904285518758,0.03102090387589907,3.116495295161865,-0.3890898863421839,-0.5196817556964319
3.350881814956665,-0.6626638639576925,0.660546160872035,0.14291898395442548,-1.337473035390167,-1.3916025457914811,1.1310877991673296,-7.666896907444432,-1.5603580956289038,-5.784993321896497,0.08991586519476688,-0.8353961641692098,0.04147500655633819,3.11648337423291,-0.38908178011049444,-0.5197003523456019
3.352909803390503,-0.6626685726733093,0.6605473039874388,0.1429589093869366,-1.3374270480948864,-1.3916136140753312,1.1310725482682873,-7.572970555229534,-1.731427457741747,-6.013787024121754,0.0937863092499144,-0.8312169805456142,0.041446642462425534,3.116504355067871,-0.3890741507159632,-0.5197036902057093
3.354970693588257,-0.6626682880368158,0.6605556369429759,0.1430024682839485,-1.3373459609132885,-1.391620265804872,1.1310173725524097,-7.632536195983679,-1.9299745097538152,-6.123444419775941,0.09436721075190897,-0.8270399882019186,0.0382815070829205,3.1164771753498535,-0.3890741507159632,-0.5197036902057093
3.356998920440674,-0.6626861273220183,0.6605396247542079,0.14299490543885934,-1.3374186390077287,-1.3916225988753925,1.1310762579474318,-7.593218059770277,-1.991381020626508,-5.836659845711779,0.09169974576407862,-0.826166137277471,0.033069260078648244,3.1165434557148437,-0.38908607164491826,-0.5196855703936976
3.35902738571167,-0.6627118467895822,0.6605211532559432,0.14301949543916648,-1.337375789095233,-1.3916501933537344,1.131060662424134,-7.67592248126052,-1.8201894371703005,-5.873049083743985,0.0901568025530437,-0.8245511300103597,0.03278558892473707,3.1165363031574707,-0.3891056219684046,-0.5196798483477991
3.361083984375,-0.662699466723616,0.6605413452020605,0.14304379986960722,-1.3373957904669869,-1.391630426274369,1.131055839591103,-7.62476234483432,-1.7604949125454348,-6.018248484117121,0.0837984617166953,-0.8309952437833965,0.036840668776008736,3.116591616267822,-0.38910180727113897,-0.5196765104876917
3.3631105422973633,-0.6626843380378248,0.6605521202270285,0.14303780711945752,-1.3374285370071977,-1.3916021036518282,1.1310789396248697,-7.553243549440082,-1.822909801486174,-6.020616566638022,0.09478809699039396,-0.830358424864457,0.04331466544168733,3.1165925699421386,-0.38908607164491826,-0.5196526686297815
3.365133762359619,-0.6626960462831489,0.6605374608644625,0.1430638414683659,-1.3374074351477656,-1.39161877543802,1.1310839488856543,-7.5844311377595695,-1.8544608702476955,-6.002216942503562,0.0860018188394011,-0.8279669799099628,0.04329237609635477,3.1166044908710937,-0.38908654848207647,-0.5196526686297815
3.3671553134918213,-0.6627217386745918,0.6605220580240421,0.14306106253043102,-1.337420893922008,-1.3916416176875974,1.131086351427369,-7.558967750614133,-2.022010004902546,-5.803057750843006,0.0866212353816516,-0.833633449711159,0.0391437127041215,3.1166326242634277,-0.38911754289735967,-0.519656006489889
3.3691763877868652,-0.6626942318133775,0.660549686741817,0.1430921581822123,-1.337422944611468,-1.3915985022009754,1.1310907825233552,-7.4797294112360735,-1.83634860847094,-5.881941122482519,0.08955496719154342,-0.8232771924499289,0.03865641074791813,3.1166445451923828,-0.38908607164491826,-0.5196216742144983
3.3711998462677,-0.6627116918251146,0.6605285752709343,0.1431009373740563,-1.3374438471198884,-1.3916154435233332,1.131141912875647,-7.57367783005357,-1.6733783310067716,-5.887753819998292,0.0877415410137321,-0.822951226542733,0.04180238944082903,3.116691752071045,-0.3890789190875452,-0.5196164290057581
3.373227596282959,-0.6627178744908044,0.6605406374112286,0.14312720281073443,-1.3374283904713928,-1.3916153048034534,1.1310666664794837,-7.40219060384781,-1.717244722601049,-5.958053148074255,0.08908160369211213,-0.8263843850060422,0.044284555645113584,3.1166960436054687,-0.38912994066347295,-0.5196197668658655
3.375255823135376,-0.6627172946194813,0.6605427176650631,0.14313822719652386,-1.3374374914810798,-1.3916135754877577,1.131097031924628,-7.4464288693546425,-1.9738183839559091,-6.15962324599092,0.09046987202182405,-0.8248204807515896,0.04534534862377435,3.116739435786865,-0.3891099135028284,-0.5196164290057581
3.3772828578948975,-0.6627229877100358,0.6605392833636143,0.1431740534009989,-1.3373515097363666,-1.3916290001626264,1.131045667457483,-7.458337866139263,-2.0987137596481116,-6.2275048442873935,0.08561235674380448,-0.8275000091051884,0.0452429919307946,3.1166884142109375,-0.38911372820009404,-0.5196164290057581
3.3793108463287354,-0.6627326600427181,0.6605326408868385,0.14316657133955715,-1.337424478248652,-1.391622369413996,1.1310807787120891,-7.460007423104517,-1.9715816743843,-6.209688962745503,0.08721992704690643,-0.8295156972504546,0.04497838245236764,3.116744204158447,-0.3891337553607386,-0.5196016470538538
3.381337881088257,-0.6627360612274107,0.6605355781790405,0.14318221584836843,-1.3374636435353955,-1.3916148695956145,1.1310943897343737,-7.547699845622256,-2.0041025403823642,-5.78505038241717,0.08937507819424613,-0.8336291731366613,0.04156030018305225,3.1168033319660644,-0.38914472261537725,-0.519592587147848
3.383366107940674,-0.6627366997558617,0.6605352626122938,0.14319528761810982,-1.3374361656000804,-1.3916193637858878,1.131087171268346,-7.434448526189226,-1.8427078283747642,-6.078070861645625,0.08179244606182345,-0.8240966627130417,0.04791841048068518,3.116795702571533,-0.3891375700580042,-0.519592587147848
3.3853938579559326,-0.662739638551954,0.6605360408176641,0.14321916791231964,-1.3374009932440678,-1.3916232632640904,1.1310634655652028,-7.417220023298331,-1.76622245799249,-6.0612560239034945,0.08689874994210345,-0.8278903791855416,0.04963934023603077,3.1167847353168945,-0.3891413847552698,-0.5195878187762659
3.3874218463897705,-0.662727531506776,0.6605580248580452,0.14324343255122032,-1.3373947993023052,-1.391612716539196,1.1310396746829787,-7.4684964453873475,-1.552432884168385,-6.200097465796524,0.08204207892330533,-0.8267207074676561,0.056969500997517734,3.116828604335449,-0.3891375700580042,-0.519599739705221
3.3894498348236084,-0.6627331038550668,0.6605521184066091,0.14326352229010905,-1.3373685830070607,-1.3916140425149202,1.1310343701928798,-7.461415785552899,-2.071295023986664,-5.969255184951518,0.08665834793005772,-0.8313160512159905,0.04960528064925095,3.1168085771748046,-0.3891375700580042,-0.5195806662188929
3.3914780616760254,-0.6627578713990396,0.6605370907545886,0.1432705532736409,-1.3373872210558306,-1.391636808593051,1.1310578339907813,-7.524513189303614,-1.9860357529763064,-5.988764909072994,0.08668128693605603,-0.8287761533231816,0.0489102869114213,3.116867704982422,-0.3891537825213831,-0.5195840040790003
3.393505811691284,-0.662757611084004,0.6605278537277476,0.14328909876548934,-1.337402240959552,-1.391627658941095,1.1311157929754636,-7.444985934088286,-1.7730810511050257,-6.059978712430208,0.08719683156406748,-0.8275486080947297,0.05179628317703124,3.11689202367749,-0.3891223112689417,-0.5195534865008753
3.395533800125122,-0.6627662547766955,0.6605189994481637,0.14331494360212588,-1.3373603355031747,-1.3916463064487465,1.1311158378099406,-7.394996859725205,-1.8199160764430609,-6.1190648788909785,0.08787968406401947,-0.8307493872774881,0.052989512816157436,3.1169001299091796,-0.38911134401430303,-0.5195601622210901
3.39756178855896,-0.6627655960857806,0.6605316463900182,0.1433257601308811,-1.3373847113886015,-1.3916307057840451,1.1311019804963727,-7.409303107776936,-1.9053311132396364,-6.102124201894265,0.08726657156169615,-0.8328188575918132,0.05814603890714892,3.116928740138672,-0.38913041750063115,-0.5195449034320276
3.399590015411377,-0.6627670260413729,0.6605307462846044,0.14331952922535005,-1.3374682926938657,-1.3916046910905888,1.1311410752637505,-7.398908175032873,-1.7612191697229247,-5.875755663819687,0.08615530707658417,-0.8362778452913936,0.06228655784299476,3.1169673639484863,-0.38914615312685186,-0.5195067564593714
3.4016177654266357,-0.6627773640562302,0.6605292387614338,0.1433645124084861,-1.337364295082435,-1.3916318890659598,1.1310854450497931,-7.335024154819244,-2.1417094556052647,-5.779411598166658,0.09055986540906853,-0.8298516489655294,0.05507234250806775,3.116941137904785,-0.38914615312685186,-0.5195210615741175
3.4036459922790527,-0.6627765079249925,0.6605302494252547,0.14333639949939303,-1.3374578592625461,-1.3916189331899032,1.131127953573987,-7.318562792801652,-1.9784384837557987,-5.717975107048397,0.08718043489144833,-0.8320921901694395,0.05824458005488614,3.1170036035725097,-0.38915759721864873,-0.5195210615741175
3.4056739807128906,-0.6627565408034449,0.6605543649922223,0.1433727159948491,-1.3374219142370611,-1.3916003948374736,1.1310673458858327,-7.2072752192257,-1.7764590667924014,-5.875009302420321,0.0900540171645973,-0.8300591783598406,0.062410958916421705,3.116992636317871,-0.38916141191591436,-0.5195243994342249
3.4077377319335938,-0.662754094446488,0.660559462206277,0.14338861865305388,-1.337408704956785,-1.391603780819833,1.1310357760111034,-7.19629762953293,-2.017007921541679,-5.906827314791581,0.08452184761637442,-0.8345217359500763,0.061142294494509745,3.1170007425495605,-0.38917380968202764,-0.5195396582232874
3.4097657203674316,-0.6627861937551066,0.6605231666971219,0.14337408927653703,-1.337472960249615,-1.391616766111947,1.1311735145877533,-7.191715930710028,-2.2614285898867394,-6.045506692930348,0.08860730858353603,-0.8360471649951198,0.0618891400708994,3.1170684534260253,-0.38914281526674444,-0.5194929281817835
3.4117939472198486,-0.6627853524976038,0.6605366654110463,0.1434114456070419,-1.337445020418863,-1.391601323253329,1.1311216032422187,-7.277119421220655,-2.2859908743416923,-6.10824878553491,0.08468491344480622,-0.8394105245600472,0.06110483266339092,3.1170527177998046,-0.3891666571246546,-0.5194657484637659
3.4138219356536865,-0.662787114805736,0.6605353439374857,0.14340605616380364,-1.3374647165684517,-1.3916227966945527,1.1311147269242332,-7.287798420888069,-2.2445958631426333,-5.803852333799377,0.08475594585788031,-0.8377424469113636,0.06083875117773277,3.117111845607422,-0.38917762437929326,-0.5195191542254847
3.4158496856689453,-0.6627743041029532,0.6605606538248581,0.14342646247098806,-1.3374960593516598,-1.391590283932457,1.1310548314981947,-7.232632169958294,-2.076989407986527,-6.046522698933066,0.08511867608123416,-0.8250917385553408,0.062291181318153074,3.117123766536377,-0.38922101656068975,-0.5195038954364222
3.4178779125213623,-0.6627976930529996,0.6605345577952163,0.1434669952901178,-1.3374132367727343,-1.3916179904589747,1.1311000408897884,-7.225184570933849,-2.0081719905659186,-5.971067852221094,0.08319523688631175,-0.8360426839194285,0.06130547580700117,3.1171089845844726,-0.38917762437929326,-0.519472901021139
3.4199061393737793,-0.6627920885380224,0.6605317414569399,0.14347319522067353,-1.3374044960058933,-1.391617492651691,1.1311199630871278,-7.287601415451087,-1.9459692572637413,-6.022197474086402,0.08604358093319535,-0.8391839450525933,0.06499033241650222,3.1171089845844726,-0.3891542593585413,-0.519472901021139
3.4219489097595215,-0.6628084001342377,0.6605283172631696,0.1434403016079048,-1.3375056628288904,-1.3916053308821006,1.13116573455411,-7.200425648120503,-2.1211624291597615,-5.924489238385884,0.0848133865476865,-0.8374130258208031,0.06871030510166681,3.11716811239209,-0.3891857306109827,-0.5194452444659632
3.424014091491699,-0.662807653313646,0.6605367280893528,0.1434936607317547,-1.3374380994821926,-1.3916226076613665,1.131103463460297,-7.30154393131092,-2.345467067800062,-5.9300223512042525,0.08698830516389122,-0.8385833513392856,0.06140566004176236,3.1171886163898925,-0.38919383684267217,-0.5194762388812464
3.4260430335998535,-0.6628034041785636,0.6605352359470111,0.14351356603831872,-1.3374141931156454,-1.3916040187728937,1.1311314695612935,-7.2103662846446595,-2.399458016685757,-6.21320785460946,0.09197480911922246,-0.8347278123991666,0.05577989223898709,3.1171538072773437,-0.38916284242738897,-0.5194266478167933
3.4280669689178467,-0.6628083608609945,0.66054306485516,0.1434990807749518,-1.337483493398076,-1.3915962725335354,1.1311145867832442,-7.157068397583302,-2.0303382971342065,-6.231409382079081,0.08821492862453306,-0.8363060493574174,0.0625430449175752,3.117203875178955,-0.3892100493060511,-0.5194338003741663
3.4300880432128906,-0.6627791003347296,0.6605691866480851,0.14352509203368918,-1.3374655997657645,-1.3915737462330378,1.13105237522111,-7.2586685419338846,-1.950696963303185,-6.197496832286999,0.08236963228478844,-0.8322427046814034,0.06496167959302034,3.1171929079243164,-0.3892138640033167,-0.519451920186178
3.4321088790893555,-0.6628173758821891,0.6605402253039494,0.14353463983885162,-1.3374672618177421,-1.3915989139196365,1.1311079681465965,-7.168198660379602,-1.9596993096573752,-6.193000142927119,0.08370333236338463,-0.8301685931003775,0.06403123457970136,3.117224856013916,-0.3892172018634241,-0.5194175879107874
3.434128522872925,-0.6628155379907448,0.660535773580253,0.14354897455269633,-1.3374822262182322,-1.3915987514873713,1.1311159201983556,-7.0755154844962,-1.9915188178998762,-5.834503738701668,0.0879557256676389,-0.8378603676693467,0.06581685039701138,3.117248697871826,-0.3892176787005823,-0.519421402608053
3.4361484050750732,-0.6628196989628296,0.6605352128910217,0.14355680397855392,-1.3374455630664899,-1.391614757513937,1.1310950240214854,-6.9567958279861415,-2.3036009989529065,-5.983630860373426,0.08481509893202394,-0.8309507125874701,0.06271074042145457,3.1172448831745605,-0.3892176787005823,-0.5194404760943812
3.438170909881592,-0.6628209327899277,0.6605428445409529,0.14356006410358607,-1.3374490435469217,-1.391606148914844,1.1310758356526767,-6.971914716682136,-2.3198705272220477,-5.8569817986659345,0.08526075396201169,-0.8351962095606933,0.06419308401968536,3.1172420221516113,-0.38923389116396123,-0.5194280783282679
3.4401988983154297,-0.6628289594005794,0.6605374484012778,0.14357973790585707,-1.3374636309541559,-1.3916057959408796,1.1310885154918109,-7.14582792681291,-1.7724050783661767,-6.027351576262634,0.08145030547588619,-0.8320322198968187,0.07320544893071282,3.1172734934040527,-0.3892410437213343,-0.5194132963763636
3.4422268867492676,-0.6628258805909623,0.6605514858271941,0.14364223335121465,-1.337425087139877,-1.3916003599026265,1.13108603048186,-7.029064098759323,-2.16329627607297,-5.979424367551177,0.0848538153262668,-0.8309057638687605,0.06524471037088878,3.117333098048828,-0.3892176787005823,-0.5194008986102503
3.444254159927368,-0.6628349196146047,0.6605375122697276,0.1436164070841045,-1.3374648258559665,-1.3916023559722022,1.1311288069820735,-6.886207365621931,-2.2479898797912106,-5.987489862931463,0.0868858623646658,-0.8285217400273797,0.06349684032875826,3.1173364359089355,-0.3892176787005823,-0.5193889776812952
3.446281909942627,-0.662854032760977,0.6605225113531391,0.14363744046544763,-1.3374210998321558,-1.3916378829335614,1.1311201980748513,-6.819112212726857,-1.821575581692955,-6.028566546480712,0.08243783655143028,-0.8279400996844377,0.07121056802477312,3.1173569399067382,-0.38922149339784795,-0.5194132963763636
3.4483096599578857,-0.662852998629898,0.6605222684253914,0.14362254999512314,-1.3375010078475935,-1.3916152021320833,1.1311619599303833,-6.779565534124521,-2.0870302616720906,-5.900571398171477,0.0855313130832615,-0.8336496118209287,0.06720853048600542,3.1173927026936035,-0.3892300764666956,-0.5193856398211878
3.4503376483917236,-0.6628424077777856,0.6605384681753185,0.1436426526565741,-1.3374975522160704,-1.391602723572759,1.131110921960098,-6.917636541993552,-2.0291535652814248,-5.953386003685792,0.08374050717016812,-0.8295429420225936,0.06937809646045186,3.117396040553711,-0.38925248781313115,-0.5193923155414026
3.452392339706421,-0.6628607528934607,0.6605231919974333,0.14368238087534999,-1.3374118031398468,-1.3916266185972999,1.131115157256104,-6.7002479727175395,-2.1451087689256236,-6.054100753190839,0.0828510835334422,-0.8305629019533113,0.07241771772538598,3.117373152370117,-0.3892300764666956,-0.5193737188922327
3.454420804977417,-0.6628551548222233,0.6605355981610505,0.14365304821887925,-1.3375184667297437,-1.3915980761365667,1.1311363348636583,-6.792554713373821,-2.1285018630015036,-6.044412957224619,0.08416483168192497,-0.8329509900137563,0.0691032808496398,3.117428942317627,-0.3892577330218714,-0.5193617979632776
3.456454277038574,-0.6628569088771945,0.6605325485717214,0.14368011775405748,-1.3374548626431932,-1.391620062472254,1.1311322276905038,-6.73212796409998,-2.6010026268687545,-5.881548093505677,0.08844522231188146,-0.836350667982362,0.06146372980338543,3.1174370485493164,-0.3892300764666956,-0.5193842093097132
3.458481788635254,-0.6628554353913108,0.6605430945928418,0.14368353007617368,-1.3375046882183255,-1.3915961785532251,1.131136130519374,-6.60333385835706,-2.1980055980099733,-6.19377096039879,0.0837520983036265,-0.8286698761625257,0.06650184208542051,3.1174680429645996,-0.38924914995302373,-0.5193565527545374
3.4605331420898438,-0.6628715088664203,0.6605338940063451,0.14372023389275881,-1.3374537154118018,-1.3916148821981709,1.1310992019905346,-6.700640673341243,-2.1322569404708136,-5.913014032117131,0.08267916285069991,-0.837478084376887,0.06711279668169615,3.117457075709961,-0.38926965395082647,-0.51935321489443
3.462562084197998,-0.6628756318940405,0.6605333766745103,0.14375252390267335,-1.337460155342852,-1.3915984846508844,1.131124495893851,-6.692541141175202,-2.1405681282485465,-5.939164077100029,0.0872435275431601,-0.8346796459539176,0.07638634244323984,3.1174771028706054,-0.389261547719137,-0.5193064848529261
3.464590072631836,-0.662869682472372,0.6605383902474393,0.14373230897984265,-1.3375074488275647,-1.3916019473845758,1.1311297994365894,-6.572923062625563,-2.2364634384151776,-6.264026941352113,0.08602227728125919,-0.8308930723810258,0.07349093284150462,3.117528124446533,-0.38926965395082647,-0.5193441549884241
3.4666178226470947,-0.6628711084979343,0.6605323315068711,0.14375072218579257,-1.3374857734589232,-1.3915961091847773,1.131170784752663,-6.7143021060768335,-2.470133773544377,-6.114300228146988,0.08792064067178267,-0.834201724117836,0.06590051214410185,3.11752097188916,-0.38923436800111944,-0.5193098227130335
3.4686458110809326,-0.6628926230214196,0.6605306896757908,0.14378230447681206,-1.3374610840499317,-1.3916239188700683,1.131088843711122,-6.675551594432456,-2.245564926909057,-6.039397971505714,0.08300982160543405,-0.830614107288842,0.07113158693368805,3.117549105281494,-0.38930064836610967,-0.5193398634540003
3.470689296722412,-0.6628909795903758,0.6605249399345061,0.14377474401219836,-1.3375137523662803,-1.3915986971359118,1.131179519606081,-6.865891511950354,-2.372685334512888,-5.888739576972368,0.08401902338126736,-0.8460756728339343,0.07284786702533662,3.1175729471394042,-0.3892625013934534,-0.5192859808551233
3.472716808319092,-0.6628952082302995,0.6605237431392023,0.14383149202625065,-1.3374410101742746,-1.3916218346793159,1.1311507591980774,-6.757327217914978,-2.0901497187653946,-6.046376569205805,0.08524341671258975,-0.8431853530345437,0.07884548215668118,3.117600126857422,-0.38925058046449834,-0.5193083922015589
3.4747447967529297,-0.662903814779482,0.6605273267923497,0.14382498719635187,-1.3374909316548211,-1.3916040036236372,1.1311494051515263,-6.66532254506742,-2.3262129306401502,-6.251086705823196,0.07755379562951034,-0.8357306005944586,0.07624981761796377,3.117612524623535,-0.38928538957704717,-0.5192740599261683
3.4767727851867676,-0.6629030915230611,0.6605153655001789,0.14380670337205542,-1.3375016124509116,-1.3916109568832489,1.13116425549413,-6.746777632106998,-2.520837775815046,-6.045772369348397,0.08189478150158934,-0.8417625653454236,0.07724705774026601,3.117592974300049,-0.38928157487978154,-0.5192850271808069
3.4788014888763428,-0.6629054810462822,0.6605328039100341,0.1438433809792023,-1.3375325440554235,-1.3915955743666157,1.1311274928876838,-6.738737151616223,-2.5964393589705135,-6.10929719644173,0.08991438428901648,-0.8445108437961757,0.07530386195512755,3.1176602083393554,-0.3893216292010706,-0.5192740599261683
3.4808590412139893,-0.6629146629354531,0.6605208722877588,0.14387789078273291,-1.3374636513266016,-1.3916212185464472,1.131143975273677,-6.696657740645307,-2.019636446012047,-6.2280332157558504,0.08300766490910089,-0.8408077175351242,0.08805780277870837,3.117668791408203,-0.3892863432513636,-0.5192812124835413
3.482886791229248,-0.6629144077525313,0.6605451658750713,0.14387996177988926,-1.3374691160751944,-1.391619049246371,1.131057742397611,-6.695483165447319,-2.264131478632157,-6.0769009463622945,0.08011775897911738,-0.8370404067498824,0.08208951924940752,3.117689295406006,-0.38934404054750615,-0.5193083922015589
3.484914779663086,-0.6629208150099355,0.6605262133394355,0.143875888981902,-1.337507092972276,-1.3916111686171377,1.1311313160239462,-6.943707986056047,-2.2347385237880033,-6.031846796231305,0.08199751523781287,-0.8453430777805184,0.08271652191365048,3.117696447963379,-0.3893216292010706,-0.5192692915545862
3.486943006515503,-0.6628977109213179,0.6605510119033039,0.14391603070227985,-1.3374985671044157,-1.3915713124882119,1.131079627408663,-6.825929957932916,-2.4471078676736377,-6.251772426311449,0.08215433806035047,-0.8455685329072822,0.07311723337885899,3.117673559779785,-0.3893325964557093,-0.519238297139303
3.4889707565307617,-0.6629034746722764,0.6605483422495486,0.14392383265008496,-1.3374947118488791,-1.3915832582326624,1.1311236426599067,-6.884096430068064,-2.1534194494667185,-6.007946155285307,0.08200788604932563,-0.8452896084576812,0.08159677488384082,3.1177288728901367,-0.3893016020404261,-0.5192454496966761
3.4909987449645996,-0.6629233825501986,0.6605339524035393,0.14392309456507615,-1.3374856270798867,-1.391610908710137,1.1311130046776778,-7.126232890293307,-2.3963634517120203,-6.030396605850118,0.08161004089363408,-0.8460310604599407,0.08651070732093194,3.11774127065625,-0.38932496706117803,-0.519264046345846
3.4930267333984375,-0.6629318071492718,0.6605306526293991,0.1439292567151234,-1.337542765245441,-1.3916020740682724,1.1311099619332736,-6.907181463516814,-2.3116985579501543,-5.895496839378679,0.08317503816032487,-0.8527983489689207,0.08687628305609135,3.117777033443115,-0.3893645445453089,-0.5192487875567835
3.4950549602508545,-0.6629202130153999,0.6605350801177601,0.14394733466519094,-1.3375070099781328,-1.3915922569134167,1.1311257924656524,-6.798506832046986,-2.0020217131992264,-6.157258803657159,0.08016698848061057,-0.8419736059037661,0.08505233228078904,3.117757483119629,-0.38932544389833623,-0.5192330519305628
3.4970829486846924,-0.6629317092084438,0.6605331243497945,0.14396947042274308,-1.3375132982583433,-1.3915915762401783,1.1311194166223582,-7.017491828131754,-2.2099031249257592,-5.9162846218353025,0.08092751551712325,-0.8442765483229465,0.07694716866607064,3.117781324977539,-0.38934547105898076,-0.5192139784442347
3.4991109371185303,-0.6629224551966256,0.6605420362845609,0.14396469085964023,-1.3375596328577515,-1.3915671254656015,1.1311587436495703,-7.065240205464922,-2.162069715750989,-5.930833387390145,0.08629707177925935,-0.8424974297197689,0.08098836702502804,3.1178132730671386,-0.38932925859560186,-0.5191901365863245
3.5011391639709473,-0.6629210519830242,0.6605520635466613,0.1440094013088391,-1.3375002727363499,-1.3915779376498707,1.1310910033688015,-6.93868840521764,-2.0029158046075204,-6.303574366633047,0.08017996591727578,-0.8422030408091844,0.0816752599225538,3.1178175646015625,-0.38934547105898076,-0.5192125479327601
3.503166913986206,-0.6629431661802639,0.6605301430361618,0.1440038248728525,-1.3375277012443623,-1.3915850493908746,1.131168070928412,-6.9584745078768435,-2.1205820968491755,-6.275508949698075,0.08032938251314277,-0.8446412177429178,0.08559828890884151,3.1178452211567382,-0.38932925859560186,-0.519174877797262
3.505194902420044,-0.6629400754149155,0.6605390657195753,0.1440252487652932,-1.3375211373315101,-1.3915793826007539,1.131119473089468,-7.0116641590630495,-2.4962767381713378,-6.060979709146934,0.08126249314580061,-0.8473511518762277,0.07535197903705645,3.1178452211567382,-0.38935739198793584,-0.5191782156573694
3.507222890853882,-0.6629390378818067,0.660531000416799,0.1440033771558174,-1.3375733565256958,-1.3915729118391835,1.1311813657955851,-7.07712301461649,-2.3842386167218237,-6.223702443223594,0.08249123867919853,-0.8421916195366056,0.07585085781603447,3.117872877711914,-0.3893378416644495,-0.5191691557513636
3.509251356124878,-0.662950920108812,0.6605255759862761,0.14403463456938578,-1.3375309471760644,-1.3915944902565625,1.131162979229293,-6.981038181295204,-2.248846617989168,-6.271045180881285,0.08490842845786191,-0.8391900012933547,0.07728204821805375,3.1178933817097167,-0.38934165636171514,-0.5191820303546351
3.511281728744507,-0.662940886265711,0.660550327130035,0.14404549598523872,-1.3375684914091792,-1.3915594458009684,1.1311483646785574,-7.09683075311596,-2.2436920985640456,-6.020009361143499,0.08545343564883054,-0.8439112872736957,0.07496499418154721,3.1179215151020507,-0.38935739198793584,-0.5191510359393519
3.5133450031280518,-0.6629316485734053,0.6605605877242786,0.14408874008859615,-1.3374745548625138,-1.391575085216219,1.1310797457403332,-6.990507164119917,-2.1488214074426524,-6.101096872150583,0.08171212563255051,-0.838099513978162,0.07681543362904011,3.117898150081299,-0.3893497625934046,-0.5191853682147425
3.5153727531433105,-0.6629573383932121,0.6605418516622692,0.14409747921553792,-1.3375236260631687,-1.3915854886502208,1.1311144082063989,-7.034615482187579,-2.038741351935297,-6.304861014116061,0.08127922404548481,-0.8399365838783414,0.07770434947354968,3.117957277888916,-0.38937646547426397,-0.5191658178912562
3.5174007415771484,-0.6629501060497593,0.6605439763149067,0.14410602501019926,-1.3374615483232772,-1.3915969502700747,1.1310986944708596,-7.2152532413574475,-1.9269441589463763,-6.077518209126543,0.08631593582863573,-0.8467411627040945,0.07972815167986479,3.1179253297993164,-0.3893497625934046,-0.5191853682147425
3.5194287300109863,-0.6629652959258834,0.6605324165222201,0.14412019895047687,-1.3374960493351116,-1.3915963110643925,1.1311298967547523,-6.963647525609487,-2.3368972581028036,-6.243109968217422,0.08315175897324247,-0.8427576726998212,0.07083373413573302,3.1179653841206054,-0.38936168352235967,-0.5191581884967249
3.521456718444824,-0.6629631400025784,0.6605379058414225,0.14413717625100503,-1.3375221908650787,-1.3915819055498126,1.1311292454681843,-7.015740665587221,-2.080527366587168,-6.301491862853053,0.08125776046419003,-0.8442930340274393,0.07868816708287353,3.117993040675781,-0.38937265077699834,-0.519141976033346
3.523484945297241,-0.66295974493726,0.6605482140911407,0.14414055634287218,-1.3374941232709783,-1.391587156357805,1.1310957793848302,-7.07499946029643,-2.063902386349401,-6.388142211543439,0.08132978999526266,-0.8503587395550503,0.08193324104715702,3.1179892259785156,-0.38937646547426397,-0.5191615263568323
3.5255126953125,-0.662971890306828,0.6605337695800665,0.14416596261415035,-1.3375002298479237,-1.3915937865812962,1.1311141623217367,-7.059411916663531,-2.579359575446419,-6.1941618586543346,0.08952937006039033,-0.852927061957562,0.07369709485561035,3.118013544673584,-0.3893817106830042,-0.5191457907306116
3.527540683746338,-0.662970733441334,0.6605398654667066,0.14417701375147998,-1.3375254377575743,-1.3915761869972163,1.1311296366625652,-6.909622850366924,-1.9540596149971954,-6.0769496472057325,0.08012429152347428,-0.8499397592163339,0.08065207850861679,3.118037386531494,-0.3893817106830042,-0.5191181341754358
3.529568672180176,-0.6629700547222908,0.6605427778674243,0.14420629275077368,-1.337496090375328,-1.3915827697451058,1.1311288885005493,-7.006227525186483,-1.9522627867900382,-6.249576551250932,0.08004904188852012,-0.8443262150954653,0.0755533102108545,3.118065519923828,-0.3893654982196253,-0.5191252867328089
3.5315966606140137,-0.6629738034332892,0.6605434515095796,0.14419968780956205,-1.337503714183375,-1.3915980145203908,1.1311331114811023,-7.069194667119141,-2.341880101169483,-6.141900953215947,0.07973366673343957,-0.8431885277828803,0.0706388571118535,3.1181084352680664,-0.3893654982196253,-0.5191562811480921
3.5336246490478516,-0.6629940334763514,0.6605353923919387,0.14422091714968244,-1.33749919561138,-1.3916053140725166,1.1310969012982182,-7.066961889454182,-2.210438497114192,-6.158624922221913,0.08019852693632887,-0.8434099524946002,0.07756914349516467,3.1181046205708007,-0.3894127050982874,-0.5191376844989222
3.5356531143188477,-0.6629786183553772,0.6605382969928553,0.14423696254628177,-1.3375123704485308,-1.3915807450621063,1.1311457061044097,-6.9570882771958065,-1.9966716957884927,-6.365201515567266,0.0744220407446568,-0.8457937091310489,0.08306364196847879,3.1181132036396484,-0.38937074342836553,-0.5191062132464808
3.5376808643341064,-0.6629789708549279,0.6605466080299953,0.14423031871342484,-1.3375394051636902,-1.3915795561735036,1.1311225352971206,-6.957144963743912,-2.0986476617587573,-6.2805904208493315,0.08353922983809792,-0.8580064996643999,0.08921478712227361,3.118140860194824,-0.3893974463092249,-0.5191219488727015
3.5397088527679443,-0.6629788542525903,0.66055746823323,0.14425826447573134,-1.3375316981810537,-1.39157371090885,1.1310982973115682,-7.18357931407547,-2.3149031738363166,-6.256801415739928,0.08932153028838272,-0.8550278564696911,0.08185136159561734,3.11816851675,-0.3894088904010218,-0.5191167036639612
3.5417368412017822,-0.6629806052050481,0.6605527440795175,0.14426282386948777,-1.3375475259868155,-1.3915642926411753,1.1310788905029294,-7.226944270405556,-2.20232289182723,-6.12238046481719,0.08394584312672271,-0.8484237116171996,0.07111546651035755,3.1181418138691406,-0.38943654695619756,-0.5190981070147913
3.543764591217041,-0.6630113320210584,0.6605241579720011,0.14428955235573596,-1.337490963923669,-1.3916015800026875,1.131120587201212,-7.3178522528953165,-1.8573929282807033,-5.970666015510735,0.08127379505335941,-0.8553422987979389,0.07629804115015255,3.1181537347980957,-0.3894136587726038,-0.5190852324115198
3.545793056488037,-0.6630129706385899,0.6605374235970944,0.14432590113153998,-1.3374425308250717,-1.3916124655017577,1.131078075217379,-7.1712495275909625,-2.151777595530044,-6.2794403162712875,0.0838660739353637,-0.848842372807109,0.06710909261246839,3.1181856828876953,-0.38941747346986944,-0.5191047827350062
3.547820806503296,-0.6630065925158715,0.6605257407495931,0.14432407839895228,-1.3374299367127869,-1.3916271665250515,1.131084573833052,-7.308032421994046,-2.113256090601239,-6.173911397179302,0.08573658490028355,-0.8493079590366605,0.0734533034472538,3.1181747156330566,-0.38940173784364873,-0.5191357771502894
3.549848794937134,-0.6629943621769141,0.6605383379246994,0.14432854637080145,-1.3374904710037918,-1.3915865629026063,1.1311149293390559,-7.250299612163081,-2.182848368193923,-6.327488556296341,0.08560605747766051,-0.852487242822561,0.07777598163799522,3.1181976038166503,-0.3893979231463831,-0.5190890471087855
3.5518767833709717,-0.6630157589587362,0.6605336481863118,0.1443585209262018,-1.33748639581319,-1.3915943831239572,1.1311201137786844,-7.272794973926371,-2.4742289987731088,-6.184792828387404,0.08718871933171,-0.8573271645473323,0.07261430303375026,3.1182419496723632,-0.3894136587726038,-0.5190652052508753
3.553903818130493,-0.6629878793418194,0.6605523718025063,0.1443416262589728,-1.3375524968940913,-1.391564052286059,1.1311306273863826,-7.49581187842396,-2.1436778957479015,-6.1663565610644575,0.08654225627120843,-0.8515982326896199,0.07233385645151152,3.1182729440876464,-0.38940650621523076,-0.5190776030169886
3.55593204498291,-0.6630278635781595,0.6605197627377363,0.1443580856146981,-1.337514275848199,-1.3916065196941565,1.1311513031138984,-7.349074464647806,-2.0624055110429023,-6.10733398515581,0.08437995937938544,-0.8450885746492836,0.07308839941844379,3.118281527156494,-0.38941747346986944,-0.5190685431109827
3.557959794998169,-0.6630190555536448,0.6605314215440775,0.14439769576898615,-1.3375088298705657,-1.3915896665893208,1.1311493982743364,-7.306820829166937,-2.255027642635962,-6.103268097467971,0.08674476267760826,-0.8480596843906008,0.062492090210686885,3.1183129984089355,-0.38940650621523076,-0.519050423298971
3.5599875450134277,-0.6630181203320609,0.660543286911339,0.14440103963445586,-1.3374968677301773,-1.391592551744945,1.131108371359546,-7.213119224865312,-2.084533561675066,-6.102716738171518,0.08715163228270562,-0.8479281104283717,0.06356762437372243,3.1183206278034667,-0.3894255797015589,-0.5190685431109827
3.5620157718658447,-0.6630232254273322,0.6605459028553089,0.1444230434854904,-1.3374911110278818,-1.3915874195568876,1.1310707690548478,-7.4965772019973205,-1.9072420660861038,-5.937546692436669,0.08608093359719741,-0.8479227655118141,0.06666756287471294,3.1183134752460937,-0.3894565741168421,-0.5190537611590784
3.5640437602996826,-0.6630400358913986,0.6605190061301581,0.14442055921533822,-1.3375009797463382,-1.3915961310957834,1.1311774396893157,-7.450128735027166,-1.9454195919980728,-6.320779907498519,0.08429277693981549,-0.8438809268550841,0.06771143391323729,3.11833302556958,-0.38940650621523076,-0.5190141836749476
3.5661261081695557,-0.6630369248169257,0.6605378666048521,0.14447108652186047,-1.3374481914631597,-1.391596095589606,1.1310896696059292,-7.541616181998005,-2.1183052969362257,-5.888514240282829,0.0906142549017873,-0.8505353694344943,0.05677631811375486,3.118337793941162,-0.38943797746767217,-0.5190261046039026
3.5681540966033936,-0.6630506741095237,0.6605202637009169,0.14446756276069614,-1.3375033314325366,-1.3915976311124882,1.1311395234932808,-7.573742245893602,-1.6629872257643599,-6.024521115606619,0.08733687718551045,-0.8408636815702047,0.06100439377517087,3.118377371425293,-0.3894456068622034,-0.5190070311175745
3.5701818466186523,-0.6630510365497981,0.660523713777835,0.14451392935168597,-1.3373898527723724,-1.3916300699471482,1.131092064582527,-7.237018071755058,-1.855410441184531,-6.030199402142401,0.08455111000028731,-0.8405144082745574,0.060314840162336195,3.1183735567280273,-0.38942176500429326,-0.5190485159503382
3.5722098350524902,-0.6630490332553083,0.6605310246423833,0.14449918377202658,-1.3374653357312885,-1.3916066245268595,1.131120976276359,-7.663961390557086,-2.066214200283037,-5.842989246943976,0.08878679647472383,-0.8471553787833208,0.054247290520306496,3.118416948909424,-0.38943416277040654,-0.5190261046039026
3.574237823486328,-0.663058770511243,0.660522107951195,0.1445072021082754,-1.337464839110845,-1.391612728215623,1.1311214141203727,-7.474313612821649,-1.8386105004927098,-6.100889632679634,0.08381388340153667,-0.8402777814277511,0.05123358496483505,3.118416948909424,-0.3894456068622034,-0.519017521535055
3.576266050338745,-0.6630547517045766,0.6605308954739283,0.14451324084728218,-1.3374909843769596,-1.3915967866432102,1.131126574389825,-7.403297985682139,-1.9897999654405374,-6.020103849271687,0.08809987482184971,-0.8462038649831709,0.04528187960833475,3.118440790767334,-0.38944942155946904,-0.5190022627459925
3.578293800354004,-0.6630642823709151,0.6605278903645604,0.14452123806051642,-1.337512374565281,-1.3915877787752018,1.1311102980221277,-7.343683156028667,-2.0563360377987006,-6.241749310955723,0.08607680079099549,-0.8443491995192475,0.044254331371237285,3.118433638209961,-0.3894842306720179,-0.5189741293536585
3.580322027206421,-0.663073509873648,0.6605259837024053,0.1445388902214676,-1.3375138456699518,-1.3916017660331845,1.1311084280749972,-7.287212897550873,-1.8703439666390238,-6.209794486361379,0.08538280887353063,-0.8469525028118541,0.05433634311206037,3.118485613460205,-0.38949281374086553,-0.5189898649798792
3.5823497772216797,-0.6630760670431334,0.6605280587152706,0.14456460206154115,-1.3375129112063113,-1.39160501652672,1.1310879272629206,-7.4238677235383514,-2.010102908668558,-6.0536261655958485,0.08384767614220663,-0.8438481952552233,0.049181762987150386,3.1185170847126464,-0.38950854936708623,-0.5189970175372522
3.5843780040740967,-0.663076271496406,0.6605278204851076,0.1445887505579177,-1.33743898177158,-1.3916156770126702,1.1310880229230806,-7.379428085595282,-1.8436102275815314,-5.937650232479305,0.08350041932828342,-0.8508380756759714,0.05144564914931464,3.1184937196918945,-0.3894732634173792,-0.5189936796771448
3.5864198207855225,-0.6630576825893597,0.6605358174209311,0.14458253679123637,-1.3375121614630192,-1.3915825507920287,1.131158487207733,-7.458416866540371,-2.1013961987171585,-6.043268358979277,0.09225991091483782,-0.8548906660795519,0.05006569693995427,3.1185456949421386,-0.3894384543048304,-0.5189698378192347
3.5884478092193604,-0.6630749222234725,0.6605358500148443,0.14460497239275455,-1.337490969725983,-1.3915867022061066,1.1311101345876162,-7.290664684328748,-1.735019257376073,-6.285820159737493,0.08586557468341918,-0.8428039246994741,0.05574429397952109,3.1185337740131835,-0.38948184648622686,-0.5189502874957483
3.5904757976531982,-0.6630850799207486,0.6605259193590259,0.14460480232662737,-1.3375001753656715,-1.3915997852817352,1.1311252942160297,-7.224476970508314,-1.8035415515195532,-6.2626135263355405,0.08402931041504069,-0.8433599468156288,0.0576694673609075,3.1185576158710937,-0.3894856611834925,-0.5189574400531214
3.5925040245056152,-0.6630745574130704,0.6605307824119119,0.14461469503949229,-1.337538488545358,-1.391587117844821,1.1311607956144274,-7.2419627229824615,-2.1364652759072076,-6.231417588903795,0.08833867834530686,-0.8486115082499195,0.052983390227820164,3.1186129289814453,-0.38946611086000615,-0.5189574400531214
3.594531774520874,-0.6630928131599341,0.6605274918516264,0.14464382124716524,-1.3374946573850435,-1.3916062248669356,1.1310828621038775,-7.542964164057603,-1.803475597930344,-6.04603652655967,0.08942044409241154,-0.8545370235156541,0.05492609449793853,3.118593855495117,-0.3895204702960413,-0.5189645926104944
3.596559762954712,-0.6630942823007834,0.6605293136663235,0.14464230087922378,-1.33752577618688,-1.3915941003262815,1.1311155188590851,-7.402474487171076,-1.9781889108583464,-6.218744508559977,0.08222717139282139,-0.8456114637161106,0.05195793397768437,3.1186210352131347,-0.38951331773866826,-0.5189417044269007
3.59858775138855,-0.6630955694601718,0.6605317757872495,0.14470425662754993,-1.3374391335526956,-1.3916133099422017,1.1310631475085124,-7.486371276163089,-1.689015494470341,-5.998739295826597,0.07914393751742402,-0.847137550366099,0.05888371346089808,3.1186258035847167,-0.38950950304140264,-0.518961254750387
3.600615978240967,-0.6630908948272021,0.6605402366756549,0.14469891146955455,-1.3374778125613402,-1.391586494222896,1.1311203546506057,-7.429540593886451,-2.2911602716469446,-6.105131314506215,0.08442897648342151,-0.8512361791720665,0.05318157675184722,3.1186539369770507,-0.38948184648622686,-0.5189183394061487
3.6026439666748047,-0.6630956168164126,0.6605333370135004,0.1447137120984719,-1.3374597743422156,-1.3916026420933376,1.1311144464337906,-7.3995001015247475,-1.938551068676771,-6.152641222176836,0.08503571343602663,-0.8533513200225162,0.06457943510167408,3.1186691957661132,-0.38948184648622686,-0.5189369360553187
3.6046717166900635,-0.6631052076073126,0.6605296606454517,0.14472295179470596,-1.3374755528106734,-1.3916151216223744,1.1310926855857093,-7.250181852155348,-2.023434033564955,-6.18987882975397,0.08148503559628734,-0.8499702888024937,0.0599005160975081,3.1187049585529785,-0.38951331773866826,-0.5189560095416468
3.6066999435424805,-0.6631157712031592,0.6605241049116729,0.1447266069540844,-1.337512949631422,-1.3916025651760235,1.1311093685481493,-7.439093964945481,-1.84027949937215,-6.136191459515697,0.08617328817920675,-0.8559817504367039,0.07000153992017519,3.1187140184589843,-0.3895333448993128,-0.5189169088946741
3.6087276935577393,-0.6631157712031592,0.6605241049116729,0.1447266069540844,-1.337512949631422,-1.3916025651760235,1.1311093685481493,-7.439093964945481,-1.84027949937215,-6.136191459515697,0.08617328817920675,-0.8559817504367039,0.07000153992017519,3.1187140184589843,-0.3895333448993128,-0.5189169088946741
3.610755681991577,-0.6631147627385849,0.6605352849743583,0.1447662546801101,-1.3374915100140672,-1.3915875356308585,1.1311145954565738,-7.294687499665184,-1.80374942850083,-6.201322754253388,0.0786402493023503,-0.8472081826240242,0.0695983660781399,3.1187378603168945,-0.3895176092730921,-0.5188825766192835
3.6127827167510986,-0.6631191940795358,0.6605398947364324,0.1447773625380532,-1.337484726372486,-1.3916059788170434,1.1310977509517715,-7.3446629740472105,-2.0001180450253435,-6.307956341315269,0.07811002914598283,-0.8419385153422755,0.06570652439081763,3.118793173427246,-0.38952523866762334,-0.5189202467547815
3.6148107051849365,-0.6631252406114159,0.6605315364153591,0.1447743001326786,-1.337528771952019,-1.3915923277017994,1.1311205438408014,-7.252919221910516,-2.2485281818953777,-6.250132242079325,0.08407284215051347,-0.8486576929425301,0.07011495075937549,3.118793173427246,-0.38954049745668584,-0.5188859144793909
3.6168389320373535,-0.6631372637671468,0.6605137325197376,0.14479265945342934,-1.3374624433514906,-1.3916244599168395,1.131152505848443,-7.399739129318741,-2.00744038853383,-6.2420898969742415,0.07973080636130042,-0.8515455365938098,0.0741956514447521,3.1187941271015625,-0.38949853578676397,-0.518897835408346
3.6189017295837402,-0.6631497344984607,0.660509801643523,0.1447997229637729,-1.337480052310152,-1.391622203385118,1.131182398144014,-7.317174161486571,-1.8336153882928765,-5.954305405117486,0.08401482675575786,-0.8575838198981734,0.07934877360601825,3.1188251215168457,-0.38949853578676397,-0.5188706556903284
3.6209299564361572,-0.6631247850397193,0.6605452514978961,0.14481724010438374,-1.337549440473931,-1.3915701979901405,1.1311040236872085,-7.254262768872948,-2.121694441718548,-5.953429149525717,0.08239988295660143,-0.8519739514464044,0.07099043400341287,3.1188418108173828,-0.3895610014544886,-0.5188549200641077
3.622957706451416,-0.663133508494096,0.6605364042274223,0.14481352291031846,-1.3375371697025153,-1.3915958750529733,1.131120223452544,-7.143627123997488,-1.9788201211866303,-5.982997668244502,0.0768236279274524,-0.8482569208818276,0.07186034526229268,3.118873282069824,-0.3895495573626917,-0.5188859144793909
3.624985694885254,-0.6631442219027199,0.660518998338267,0.1448349446478866,-1.3374853143398855,-1.3916032014226503,1.1311484546633832,-7.322584915446415,-2.116285272127853,-6.167956022925907,0.08261901420330223,-0.8501739968491854,0.07078596242048409,3.118830843562744,-0.3895214239703577,-0.5188496748553675
3.62701678276062,-0.6631349459718793,0.6605422758526796,0.14482890904188728,-1.3375756422439342,-1.3915682123697297,1.1311402089178726,-7.226152411341825,-2.334678549372602,-6.0675322997247365,0.08824770528920015,-0.8540265803169613,0.06901353853186812,3.118894262904785,-0.38955718675722295,-0.5188348929034632
3.6290462017059326,-0.6631564600156105,0.6605157287955873,0.1448548595315856,-1.3375055707232688,-1.3916126455295903,1.1311644625954629,-7.181263530372403,-2.110941872581378,-5.93973065706999,0.08515875156257269,-0.8559751202713445,0.0750618418453511,3.1189018922993164,-0.38952953020204717,-0.5188530127154749
3.631072759628296,-0.6631569377665615,0.6605169701523121,0.14485177857768247,-1.3375259016230887,-1.391607019515677,1.131178202825365,-7.238946241518029,-1.8116812538747298,-6.143810980156422,0.08048804666445956,-0.84933901280595,0.08041710016333155,3.1189181047626953,-0.38952953020204717,-0.5188453833209437
3.633094549179077,-0.6631483975026736,0.6605409805213844,0.14488684735033158,-1.337521816743969,-1.3915856382464604,1.1311160032470262,-7.299373447556956,-2.1532033739667424,-6.053118051807238,0.0832124233005479,-0.8522086842830405,0.07537863158638111,3.1189333635517578,-0.3895610014544886,-0.5188348929034632
3.635115385055542,-0.6631431608627844,0.6605444368396554,0.14489373782299375,-1.337520780876143,-1.3915796028333693,1.1311083414578047,-7.115318054522215,-2.0875522487229925,-6.174031952954874,0.0873433299986523,-0.853046436252537,0.08348149688614898,3.1189300256916503,-0.3895610014544886,-0.5188329855548304
3.6371381282806396,-0.6631587138605113,0.6605395511294083,0.14493530798380405,-1.337473899090936,-1.3916030551670222,1.131096287548496,-7.087756345893589,-2.1485385348864243,-6.055983776893449,0.07806816232734011,-0.8562743731522602,0.0847413898643174,3.118969126338623,-0.3895610014544886,-0.518841568623678
3.6391658782958984,-0.6631607023485744,0.6605384104769702,0.1449398877304079,-1.3374658964548265,-1.391591056903344,1.1311284851147114,-7.015622781794781,-2.402534488841856,-6.10932251235383,0.08535828754046651,-0.8617572371536836,0.08042551888364019,3.1189538675495605,-0.38953859010805303,-0.5188019911395472
3.6411943435668945,-0.6631679512871442,0.6605303841385366,0.14489823780522587,-1.33752659559868,-1.3916021476571712,1.1311245142716713,-6.8913899706687145,-2.3911922574185227,-6.210231018215273,0.08377119559717652,-0.861757008408195,0.07623489788567837,3.1189705568500976,-0.3895767370807093,-0.5188329855548304
3.6432228088378906,-0.6631762527090181,0.6605351142361185,0.14493053408624482,-1.3375262376252175,-1.3916016668683504,1.1311212416294272,-6.778010264915373,-2.285405132375613,-6.486131920145205,0.079746652440017,-0.8603884677873348,0.08670665255442962,3.119021101588867,-0.38958532014955694,-0.5188210646258753
3.645249605178833,-0.663169086033734,0.6605395573364069,0.14495728844205635,-1.3375351827106159,-1.3915805671121533,1.1311468620820178,-6.718545805540189,-2.601819219583094,-6.035234025140736,0.08016546850576066,-0.8698131979507995,0.08515904005838963,3.1190382677265625,-0.3895657698260706,-0.5187867323504847
3.647278070449829,-0.6631822007637413,0.660524853676501,0.1449656215383747,-1.3374891924437784,-1.3916071614591148,1.1311368454369184,-6.718190784717791,-2.3635419829324933,-6.400658775649312,0.08059317054560142,-0.8623184887036791,0.09165166798186683,3.119018240565918,-0.3895657698260706,-0.5188005606280726
3.649305820465088,-0.6631769445073605,0.6605412112055792,0.14496530220104514,-1.3375316292690986,-1.391576897849748,1.1311094394601198,-6.670847205171456,-2.276663776453468,-6.291081337944217,0.08510627585791664,-0.8633999378496466,0.0952671871609196,3.119018240565918,-0.38960057893861944,-0.518770996724264
3.651333808898926,-0.6631777042958337,0.6605410595238231,0.14498068116317409,-1.3375388206439822,-1.3915806249465907,1.1311240593870868,-6.716887070892035,-2.0598756704965937,-6.287848985107598,0.07565402626128016,-0.8659954080709108,0.09749535813742673,3.1190621095844726,-0.38959247270693,-0.518778149281637
3.6533617973327637,-0.6631860303532242,0.6605291402855717,0.14498590797647554,-1.3375458849593032,-1.3915815281288797,1.1311651568449645,-6.680623745237841,-2.2470253965144513,-6.295450999268484,0.07998307186193218,-0.8655746729470943,0.09827017122636762,3.119070215816162,-0.3895776907550257,-0.5187543074237269
3.6553897857666016,-0.663173779258143,0.6605503520351835,0.14496129963119153,-1.3376383872063875,-1.391550863616836,1.1311756136848046,-6.58179562298486,-2.444368440161228,-6.358308536491464,0.07861493315173793,-0.8676090049730173,0.10131985198975643,3.1191293436237792,-0.389597241078512,-0.5187509695636194
3.6574180126190186,-0.6632065017643499,0.6605209037094789,0.14500865221156395,-1.3375242276254586,-1.3916019341505672,1.1311567181795676,-6.620451123861405,-2.3986806685072697,-6.1994238130709975,0.08119347719868686,-0.8758573670657358,0.10424868057108487,3.1190993028828125,-0.3895934263812464,-0.5187543074237269
3.6594460010528564,-0.6632054862399368,0.66052938331573,0.14502273129107793,-1.3375314870342072,-1.391601894006473,1.1311452914539624,-6.436921339504187,-2.441427079490903,-6.347378207704584,0.07770910686124162,-0.8683763885290715,0.10043854592414811,3.1191412645527343,-0.38960057893861944,-0.5187657515155237
3.661475658416748,-0.6631919921437717,0.6605410362623636,0.14501800966864803,-1.3375660224613755,-1.3915739755600218,1.1311438427896399,-6.374471754513413,-2.374682389525413,-6.345932499200032,0.08029017258586739,-0.8678617151108903,0.10091121836558209,3.1191341119953613,-0.38960534731020147,-0.518745247517721
3.6635494232177734,-0.6631982601293971,0.6605322782130922,0.14500616703529645,-1.337566740263256,-1.39158669987364,1.1311484295266558,-6.440501587064806,-2.6070943334175296,-6.23803677703647,0.0830647491452458,-0.8736006030178923,0.09618636275072001,3.1191302972980957,-0.3896091620074671,-0.5187576452838343
3.665576219558716,-0.6632058737805443,0.6605361151037641,0.14503974512212875,-1.33754801666124,-1.3915861038812518,1.131129581379599,-6.333108614422213,-2.328239546951414,-6.300403933134725,0.07614279395597048,-0.8776383106766429,0.10962646610892712,3.11915032445874,-0.38962108293642217,-0.5187419096576136
3.6675984859466553,-0.6632039738810911,0.6605315407035132,0.14502094840668825,-1.3375787676837463,-1.391586962598526,1.1311891761631259,-6.2490905108787285,-2.520900544977861,-6.385388104522001,0.0790681389064014,-0.8750164860657542,0.10480020756945044,3.119185610408447,-0.38958961168398076,-0.5187457243548792
3.669621229171753,-0.6632148527221612,0.6605311380865877,0.14504502006637704,-1.337602082609442,-1.3915703830316923,1.131181107152216,-6.3506080503405,-2.6466385431907207,-6.482438591919607,0.0857539420636702,-0.8786168840996399,0.11059144904426826,3.119194193477295,-0.38962108293642217,-0.5186989943133753
3.671680450439453,-0.6632054483550441,0.6605408686965685,0.14506991965508925,-1.337547844552556,-1.3915752565911987,1.1311452546357814,-6.320007479073343,-2.4825439425539377,-6.527199590239425,0.07767293467882133,-0.8775686871232804,0.10799981550893294,3.119183226222656,-0.3896091620074671,-0.5187180677997034
3.673708915710449,-0.6632308100527167,0.6605149311730238,0.14506741872210746,-1.3375642056237425,-1.3916015023201813,1.1311838657189848,-6.455512601058566,-2.5754896784870542,-6.0928000630524695,0.08397947604704986,-0.8877914214080254,0.10762188571959888,3.1192146974750976,-0.38961726823915654,-0.5187180677997034
3.675741195678711,-0.6632225795330453,0.6605304800391804,0.14505555501227402,-1.3376382184326614,-1.3915651399128635,1.1311785708754754,-6.424324986437037,-2.2212391374998655,-6.219509181313435,0.08186382587858367,-0.8750473564190276,0.10781093423790289,3.11922995626416,-0.38964826265443975,-0.5186870733844202
3.6777701377868652,-0.6632260619542579,0.6605278978391225,0.14508821158640578,-1.3375640665538193,-1.3915844007736256,1.13119014936631,-6.265270067250166,-2.625470501775734,-6.239754765911215,0.08626042144684488,-0.8792624133217375,0.10397308578131045,3.1192385393330078,-0.3896063009845179,-0.5186942259417933
3.6797990798950195,-0.6632161393628276,0.660537152607237,0.14510782240040115,-1.3375935024196315,-1.391566478701532,1.13116359496466,-6.279361171567869,-2.517104158929048,-6.446929546043682,0.08190275245876039,-0.8788366947959688,0.11304759662232193,3.119257612819336,-0.3896296660052698,-0.5186908880816858
3.6818270683288574,-0.6632372228774805,0.660519135356968,0.14508560039675886,-1.3375854987541578,-1.391597833257841,1.1311821251140588,-6.280498114318593,-2.5628422316115835,-6.337129355065454,0.07933911448629413,-0.8779176682440586,0.11722817481155108,3.119262381190918,-0.38963348070253545,-0.5187094847308558
3.683863401412964,-0.6632366432881911,0.6605287859774899,0.14513715845125624,-1.3375183988628698,-1.3915960182100053,1.1311215657785352,-6.407303103160998,-2.4253209308912616,-6.31298249276131,0.07754947492797844,-0.8834446854326805,0.11978968946741415,3.119239493007324,-0.3896449247943323,-0.5186975638019007
3.6859242916107178,-0.6632455177879447,0.6605155326688255,0.145109500874205,-1.3375732343481845,-1.3915942927994582,1.1311737820306484,-6.247011996729525,-2.5935480590320847,-6.282961174095568,0.07786731631166746,-0.8800423544179694,0.11020989085158811,3.119255228633545,-0.3896449247943323,-0.51868182817568
3.6879680156707764,-0.663244632422946,0.6605389908024258,0.14513931580557451,-1.3375952293776672,-1.3915773270835363,1.1311360607237797,-6.254261534873879,-2.835538086780889,-6.253706095503277,0.08066980490383516,-0.876537942879623,0.10712470194234779,3.1193176943012695,-0.38967639604677373,-0.5186737219439905
3.689995765686035,-0.6632263303591898,0.660543401868055,0.1451613842757015,-1.3375592638174023,-1.3915801641662724,1.1311537082461758,-6.322918422036611,-2.5330667642771694,-6.443946704333745,0.08019729218477939,-0.8712465885559685,0.11780939428254213,3.11933342992749,-0.3896258513080042,-0.5186975638019007
3.692023992538452,-0.663234437213421,0.6605436942825944,0.14516861053134575,-1.3375555082387633,-1.3915728925457294,1.131127920539185,-6.355543673535855,-2.7662409557205643,-6.256630015084797,0.0812639213926655,-0.881672557300367,0.11405501417782932,3.119306727046631,-0.38965350786318,-0.5186703840838831
3.69405198097229,-0.663242077021468,0.6605306170069309,0.14515004935414774,-1.337628563349373,-1.3915733477650893,1.1311673426870212,-6.117797694936677,-2.437756445675729,-6.331322696158735,0.07893507336148772,-0.8785197661312856,0.11914917471744696,3.1193501192280273,-0.3896692434894007,-0.5186703840838831
3.696079730987549,-0.6632553935316661,0.6605306598024424,0.14519057513482916,-1.337556914618783,-1.3915930209460996,1.1311224539929046,-6.2895795100202925,-2.473678308668554,-6.191289206256844,0.0818907591439736,-0.8797225001655709,0.11723351614278903,3.1193463045307617,-0.38967973390688115,-0.5186737219439905
3.6981077194213867,-0.6632502646674558,0.6605329928804371,0.14520880471937678,-1.337533334883149,-1.3915834585272788,1.1311640283325124,-6.149436523730668,-2.6716432064988584,-6.20682108923006,0.08063535799338978,-0.88229139033313,0.11605973909724109,3.119351549739502,-0.38963395753969365,-0.518646542225973
3.7001359462738037,-0.6632452056947343,0.660538843926475,0.1451851424350917,-1.3376369783977602,-1.3915652944145758,1.1311741374627289,-6.081426252041457,-2.6567561981881855,-6.436352632072751,0.07899657675589543,-0.8778781319123273,0.11762933681404444,3.119410200709961,-0.3896692434894007,-0.518653694783346
3.7021639347076416,-0.6632452726908589,0.6605490256106539,0.14523135160666137,-1.3375842900931196,-1.3915582053568312,1.1311351296249696,-6.165328330142625,-2.5355831993076476,-6.290948195646614,0.07889475029304234,-0.88354319518208,0.12650237491320795,3.119398279781006,-0.3896725813495081,-0.5186308065997522
3.7041919231414795,-0.663256486367467,0.6605388318375691,0.14525510973766742,-1.3375571039925047,-1.3915758832176497,1.1311432735593807,-6.037568699504422,-2.7165183631021703,-6.2961332404635595,0.08253024073912421,-0.8876953200069237,0.12375921430730352,3.1194187837788085,-0.38966542879213506,-0.5186341444598597
3.7062196731567383,-0.6632546903948439,0.6605345369767983,0.14525036339366396,-1.3375538644938916,-1.3915829508666968,1.1311807519332135,-6.03079901146302,-2.6162744772031945,-6.474015733670296,0.0811084801341431,-0.8856067468500398,0.12094602661198996,3.1194373804279785,-0.38963395753969365,-0.5186432043658655
3.708247661590576,-0.6632526181748915,0.6605389292528815,0.14525481428824843,-1.337565982754531,-1.391563132857658,1.1311423451085783,-6.159477785673493,-2.6876660504264587,-6.377797166637685,0.08040404130512563,-0.8956184728007779,0.1270674021144732,3.1193954187580566,-0.3896692434894007,-0.5186150709735315
3.710275650024414,-0.6632557530247819,0.6605370921830256,0.14526882273004144,-1.3375785006372816,-1.3915734369955166,1.1311563698581621,-6.090649999083741,-2.5048093644864218,-6.4635503961557745,0.07284936300027392,-0.8973450089040507,0.1266826986080069,3.119454546565674,-0.38966542879213506,-0.5186341444598597
3.712303876876831,-0.6632632589218754,0.6605274444581126,0.14527060051269025,-1.33758654588824,-1.3915743792814113,1.131217832360067,-5.926683173420724,-2.782584855241877,-6.673043051652886,0.07690142210998276,-0.8933724526447442,0.12279864291103075,3.119478865260742,-0.38963395753969365,-0.5186103026019495
3.714331865310669,-0.6632526806453101,0.6605385823416595,0.1452640225426616,-1.3376374544296221,-1.391553291381792,1.1312342600045318,-5.979003692911137,-2.808482041736386,-6.477256373790017,0.07711349983067724,-0.905709835073783,0.1254659855017469,3.119513674373291,-0.38963395753969365,-0.5186031500445765
3.7163589000701904,-0.6632636984381224,0.6605493068319128,0.14529945517912612,-1.3376235176473088,-1.3915567674221294,1.1311348963637162,-6.01276595429558,-2.6861563325897384,-6.626054101111902,0.08176663979542242,-0.9004794047092592,0.13251709460337088,3.1195217806049804,-0.38970834413637334,-0.5186103026019495
3.718435287475586,-0.663277957957763,0.6605293370504728,0.1453287201245913,-1.3375592026783336,-1.391584318790032,1.1311685424373268,-5.8940216196720385,-2.6812939767462325,-6.465948681246452,0.07628032013806359,-0.9041331853413955,0.1295234223869307,3.1195217806049804,-0.3896701971637171,-0.5186069647418421
3.7204678058624268,-0.6632758751746319,0.6605306776376043,0.14529882526720575,-1.337594763739089,-1.3915832614818975,1.131197277707716,-5.919202706708453,-2.455800299962159,-6.728191180824655,0.07855542527017699,-0.9018472835064535,0.13357283513747786,3.119542284602783,-0.38966209093202764,-0.5186174551593226
3.722489595413208,-0.6632638383530218,0.660545498354531,0.14531030223665853,-1.3376313409316527,-1.3915469764728279,1.1311650364488335,-6.095783194115536,-2.5338679200510583,-6.54489651596383,0.08205179606118214,-0.9085178586887042,0.1344166104499793,3.1195265489765625,-0.38969308534731084,-0.5185831228839319
3.7245309352874756,-0.6632785201400548,0.6605340133491464,0.14534250384441483,-1.337638665047592,-1.3915590834992126,1.1312067668144048,-6.042118694459603,-2.571168767468494,-6.6973455078098585,0.07953207671065898,-0.9056248553139858,0.133823415347909,3.1195975977131347,-0.38968116441835576,-0.5185740629779261
3.726550817489624,-0.6632867893173803,0.6605312624419176,0.14533681353760097,-1.3376309568859692,-1.3915706348489136,1.1311587495835291,-6.014293415733535,-2.6525727451440484,-6.85624410730694,0.0743300982115651,-0.9045215246488071,0.12925065800672578,3.119574709529541,-0.3897207419024866,-0.5185897986041468
3.728569507598877,-0.6632974659478099,0.660532908613069,0.14535547909852936,-1.33765248039738,-1.3915658324948685,1.1311753907978286,-6.114230071381523,-2.704225160531221,-6.6842392328952815,0.07884475390624066,-0.9096977354006205,0.12905242181775267,3.1196252542683105,-0.3897288481341761,-0.518566910420553
3.7305872440338135,-0.6632956441628226,0.6605195520751597,0.14535494904352886,-1.3376385765352226,-1.3915747386152728,1.1312109123085772,-6.020554886600954,-2.832172534928515,-6.947201983017933,0.07575626392275642,-0.9078131985423529,0.12857426978459652,3.119614287013672,-0.38969737688173467,-0.5185707251178187
3.732607841491699,-0.6632861489669944,0.6605238761936637,0.14539117507292756,-1.3375848197212135,-1.3915830128485938,1.1312021885091568,-6.050409527832474,-2.763073097239377,-6.619529533715514,0.07159443963552373,-0.9130723761183935,0.12942463029574441,3.119626684779785,-0.38966638246645147,-0.5185897986041468
3.734636068344116,-0.6632938707246756,0.6605274774559866,0.14537999060380685,-1.3376363895456986,-1.391569623006328,1.1311827657724873,-6.201233386953646,-2.83239082560502,-6.82682146436007,0.07600418681854801,-0.9129133677626826,0.12637943908087107,3.1196347910114746,-0.3897135893451136,-0.5185707251178187
3.736663818359375,-0.6632972842782294,0.6605249996803619,0.14539547189229496,-1.3375992949695517,-1.3915868507521862,1.1311775902761068,-6.170598495886249,-2.819475557397182,-6.746077287037657,0.07501881487222926,-0.9140307704047584,0.1298078305316938,3.1196467119404296,-0.3897011915790003,-0.5185897986041468
3.738692045211792,-0.6632981801745206,0.6605363985594617,0.14543873079083713,-1.3375884032084733,-1.3915747898021318,1.1311645069018663,-6.422282462725004,-2.48033136201462,-6.602347402870017,0.07194054441736437,-0.9185758667693396,0.13027671099615992,3.119682951564453,-0.3897050062762659,-0.5185659567462366
3.740719795227051,-0.6632815767456639,0.6605522798908015,0.14543723199363356,-1.3376361545886388,-1.391542477818071,1.13115051873853,-6.44235889441761,-2.4049276753752875,-6.835942113448875,0.07778733706914998,-0.908801652571613,0.13168903138416796,3.1196867662617187,-0.3897212187396448,-0.5185502211200159
3.7427480220794678,-0.6633040845274771,0.6605259987405944,0.14546873528646653,-1.3375846911411555,-1.391582641512296,1.1311616390683705,-6.551071335257525,-2.575005605351115,-6.737596451676259,0.07989117738158655,-0.9122988993654539,0.13057488793162492,3.1197029787250976,-0.3897135893451136,-0.5185659567462366
3.744777202606201,-0.6632844765184698,0.6605518762256478,0.14545766825544149,-1.3376472517032645,-1.3915461397212012,1.1311495455775684,-6.476929705302172,-2.6877925596402115,-6.562729714463734,0.08144259658187096,-0.9149864504506275,0.12585537806624444,3.1197306352802734,-0.3897288481341761,-0.518557373677389
3.74680495262146,-0.6633037771934445,0.66053403320817,0.1454759009784659,-1.3376163599369757,-1.3915669087103033,1.1311437663015809,-6.524851220499638,-2.7494258596038534,-6.616929234395249,0.07836190239301306,-0.9083257422963827,0.11845861236032734,3.1197187143513183,-0.38974124590028936,-0.5185502211200159
3.748833417892456,-0.6632942524157415,0.6605470943343903,0.14547776305917381,-1.337661134190914,-1.391548368870861,1.1311869719955694,-6.6557564308631125,-2.355155357734978,-6.714408046885714,0.07636768187429353,-0.9157023597055581,0.1241742216849197,3.119785948390625,-0.3897178808795374,-0.5185416380511683
3.7508621215820312,-0.6632990207295615,0.6605523237155521,0.1455348218032464,-1.3375586957237355,-1.3915615438547402,1.1311110180460804,-6.6630234404381685,-2.3854850684897606,-6.838073100729487,0.07998328597289056,-0.9115108170456772,0.12492567456049457,3.1197478014179687,-0.3897288481341761,-0.5185416380511683
3.7528908252716064,-0.6633379573150889,0.6605096581626112,0.145535075122967,-1.3375639563377804,-1.391608465479277,1.1311631231521648,-6.56455381035563,-2.6423392567648896,-6.607208648587178,0.08041569468530893,-0.9079666685805406,0.11748756296831692,3.119783564204834,-0.38973743120302373,-0.5185487906085413
3.7549188137054443,-0.6633373830467092,0.660516102001131,0.14554069937333508,-1.3376297787713491,-1.3915687288930385,1.131210279400833,-6.5939965458849,-2.409529214284301,-6.732558036333413,0.07945849406995703,-0.9045901959910279,0.1231436153146662,3.1198102670856933,-0.38973743120302373,-0.5184796492206019
3.7569468021392822,-0.6632959118439473,0.6605501001299566,0.14554820716979547,-1.3376539602449065,-1.3915287501879952,1.1311478113047406,-6.712141373949586,-2.377094687279284,-6.711865268074632,0.07835263204268847,-0.9079051215983712,0.116409923069491,3.1197992998310546,-0.3897488752948206,-0.5184991995440882
3.758974552154541,-0.6633303215031039,0.6605228367532469,0.14555150841027956,-1.3375837118053084,-1.3915880277500094,1.1311687122968221,-6.766296557981463,-2.414878943561565,-6.509390265328129,0.07859473577389701,-0.9077090651555101,0.11043956547791382,3.119814558620117,-0.3897336165057581,-0.5185297171222132
3.761003255844116,-0.6633382316866688,0.660511816545012,0.1455782621902046,-1.3376042507832748,-1.3915903162343761,1.1312127278891353,-6.839821973097454,-2.348760559082075,-6.529266318847367,0.07723413416155162,-0.9085632448086277,0.1138166807809452,3.119870348567627,-0.3897212187396448,-0.5185144583331507
3.763030767440796,-0.6633407263184518,0.6605182519526339,0.14562774398440434,-1.337517664298467,-1.3915907984706826,1.131161123264016,-6.747188803852293,-2.343038862076556,-6.844136676517957,0.0759549435635904,-0.9021991512274793,0.11211583019668972,3.1198269563862304,-0.3897212187396448,-0.5184920469867151
3.7650580406188965,-0.6633494772186477,0.6605073695517222,0.14563606909689097,-1.337503240450707,-1.3916251628490097,1.1311470297406814,-6.776378885593283,-2.4022392885215433,-6.613873473773185,0.08096927918323793,-0.9125194205665774,0.11340466789389039,3.1198670107075195,-0.3897302786456507,-0.5185454527484339
3.7671124935150146,-0.6633406986229402,0.660517475110307,0.1456509421497294,-1.3375483165765063,-1.3915856580985078,1.1311852302941923,-6.865286741765132,-2.1626355115605165,-6.800979900516449,0.08157051910462242,-0.9058016079323857,0.11082680517421835,3.119887037868164,-0.3897178808795374,-0.5184868017779749
3.769150972366333,-0.6633431945443122,0.6605257312047583,0.14566627512664926,-1.3375546646397614,-1.3915879251527847,1.1311407045111699,-6.717538789189951,-2.259770233424527,-6.845920452940923,0.07480277241741079,-0.9129350358641413,0.11002687619231474,3.11991469442334,-0.38975268999208623,-0.5185025374041956
3.7711760997772217,-0.6633613007702208,0.6605150096629211,0.14568501620005106,-1.3375285355335655,-1.3916125727245565,1.1311523877668106,-6.699674683746528,-2.416164125532871,-6.502525260205115,0.07928660577281522,-0.9154735907902799,0.10515274983483017,3.1199495035358886,-0.3897488752948206,-0.5185096899615687
3.773200035095215,-0.6633591241250226,0.6605162573528568,0.14569390178878605,-1.3375445363086231,-1.3915925717615714,1.1311696385380692,-6.609935762440124,-2.3593754529381297,-6.794051117802886,0.07984510639879314,-0.9078200684859501,0.09948438586744826,3.1199418741413574,-0.389745060597555,-0.5184715429889124
3.7752225399017334,-0.6633599492084842,0.6605210724281705,0.145745175172175,-1.3374944905815787,-1.391599880516844,1.1311237622445276,-6.7171657330488905,-1.9941020220005647,-6.793481337037993,0.07705403433421282,-0.9119005279193434,0.10067703877994043,3.1199542719074707,-0.38975412050356084,-0.5184786955462855
3.777261734008789,-0.663367399376649,0.6605105440729298,0.1457324306653391,-1.3375153835263058,-1.3916127010920878,1.1311174153457082,-6.777048782839207,-2.0758371963638655,-6.802839139378079,0.08209263843552729,-0.9102266053731326,0.09722703666255035,3.1199590402790527,-0.3897770086871546,-0.5184972921954554
3.779305934906006,-0.6633549791224956,0.660526190500388,0.14575635191542277,-1.3375174454583094,-1.3915845510763705,1.1311281499894499,-6.879266570058765,-2.13439504372325,-6.648239102113553,0.08076368203004912,-0.9075539045980918,0.0942864003876409,3.1199709612080078,-0.38975745836366826,-0.5184629599200647
3.781360149383545,-0.6633483699064058,0.6605428086146746,0.14576698419140824,-1.3375409675240666,-1.3915657349566193,1.131104027352982,-6.819252508564873,-2.390130226328971,-6.875475713603825,0.08214213792110647,-0.9046677826999332,0.08395846385273859,3.119994803065918,-0.3897770086871546,-0.5184543768512171
3.7833893299102783,-0.6633808828519081,0.6605038495787817,0.14574411594105252,-1.337590047885971,-1.3915921366653108,1.131210334101362,-6.923352222441019,-2.3256943954918605,-6.785875877832521,0.08246037645218099,-0.9135857520129103,0.08894356172752921,3.12004200994458,-0.3897612730609339,-0.518435303364889
3.7854132652282715,-0.6633820577262324,0.660511368819144,0.14578755795944923,-1.337538419371157,-1.3916035228331305,1.1311524404868811,-6.917835889554844,-2.0666340171759803,-6.885270566605625,0.07877196793226285,-0.9071474486838292,0.09563037534644155,3.120053930873535,-0.3897770086871546,-0.5184543768512171
3.7874345779418945,-0.6633884301167783,0.6605019190467152,0.14581063712589104,-1.3375208282004414,-1.3916048647471497,1.131144436613832,-6.949946772243579,-2.2490106889543586,-6.81159634378998,0.08433351921474497,-0.9118153057565628,0.08885569420659836,3.120034857387207,-0.38978511491884404,-0.518435303364889
3.789454698562622,-0.6633797176375393,0.6605157453703573,0.14581474816772513,-1.3375544121292184,-1.3915981033578748,1.131151968002863,-7.200835444350966,-2.0628819329348684,-6.708987692009402,0.08847058616933133,-0.9092516094204692,0.08464137799278916,3.1201020914265136,-0.3897813002215784,-0.5184543768512171
3.7914748191833496,-0.6633780986560892,0.6605259156257607,0.1458392097610881,-1.3375232714246976,-1.3915868479491655,1.1310984289612267,-7.163992992294093,-1.784349546705214,-6.4555678083465144,0.0808507132952479,-0.9038623793753711,0.08045911973209949,3.120067282313965,-0.3898046652423304,-0.518435303364889
3.7934987545013428,-0.6633951533055025,0.6605038150348732,0.1458785276221241,-1.3374455108688115,-1.3916180522331087,1.1311240242354734,-7.110104100186657,-1.783597226583474,-6.7063836531784204,0.07961102636388499,-0.9014748527738478,0.07753877568600416,3.120063467616699,-0.38976937929262334,-0.5184305349933069
3.7955315113067627,-0.6633758653112072,0.6605359552305421,0.14587497728438598,-1.3375456741541243,-1.3915799134530529,1.1310681695736136,-7.0433857305385015,-2.214986135819773,-6.9149871993967595,0.08612439200829908,-0.9030423518921508,0.07285450108239204,3.12012688695874,-0.38983232179750615,-0.518442455922262
3.7975733280181885,-0.6633977303496501,0.660518387240935,0.14591479361198165,-1.3374347355232865,-1.3916208382918518,1.1310745241283628,-7.268461405115554,-2.3202351422768785,-6.852299264763108,0.08654290212133091,-0.908271949410091,0.08156393936580303,3.120114966029785,-0.3897975126849573,-0.5184457937823694
3.799603223800659,-0.6634158259232935,0.6605028507587151,0.14591497334475398,-1.337485219755059,-1.3916205479376378,1.131121853139564,-7.311488885780801,-2.2187406180262066,-6.759098126892974,0.08752635194408952,-0.9060588806153955,0.0797780397895278,3.120155020351074,-0.3898089567767542,-0.5184152762042444
3.8016319274902344,-0.663405105016782,0.660511456240136,0.1459353843414804,-1.3374753041757723,-1.3916199292403477,1.1310968305664368,-7.329211365046282,-2.2425271705196628,-6.6753219282246565,0.08621346142698053,-0.9023532165524509,0.0718505904470173,3.1201750475117187,-0.3898089567767542,-0.51843768755068
3.803659677505493,-0.6634151563142551,0.6604918593733339,0.14597392165743345,-1.3374540512858337,-1.3916319693615276,1.1311503336050508,-7.4085217354568895,-1.9540834610147284,-6.73246621004808,0.08573982519043911,-0.8998162440829887,0.0650138615516461,3.120206041927002,-0.3897741476642054,-0.5184186140643519
3.80568790435791,-0.6634154126586342,0.660510026213415,0.14599951661033028,-1.3374297905063735,-1.3916221538763716,1.1310833011123043,-7.43805149293795,-1.995570970198708,-6.624848898762419,0.08806933219661943,-0.8988164922204387,0.06546696693832568,3.120198889369629,-0.3898089567767542,-0.518409554158346
3.807715654373169,-0.6634090144104443,0.6605137294842511,0.1459695539289092,-1.337498385694022,-1.3916025235320997,1.1311145513624545,-7.527423177344151,-2.0129074997217735,-6.6646751319953825,0.0871700971658932,-0.898732182620638,0.06648902534021006,3.120216055507324,-0.3898127714740198,-0.5183981100665491
3.809744119644165,-0.6634054126129142,0.6605284716693014,0.14605327080887823,-1.3374058152870463,-1.3915983579291828,1.1310578641424434,-7.60176027188909,-1.912161062600338,-6.782074964935952,0.08843044878414888,-0.8999125648860146,0.06677472313127655,3.120216055507324,-0.3898051420794886,-0.518379036580221
3.811771869659424,-0.6634191349945435,0.6605154220273004,0.14605768987215545,-1.3374302117325754,-1.3916108189329695,1.1310721236327699,-7.557543799730267,-1.946947898395849,-6.608078732329362,0.08824814014529925,-0.893201965184811,0.06364777197150395,3.120250864619873,-0.3898213545428675,-0.5183823744403284
3.8137998580932617,-0.6634281256746417,0.6605070660298812,0.146084629324231,-1.3373894472095254,-1.3916306152900815,1.1310745380884972,-7.67597562332142,-2.0690416127922617,-6.554804472868422,0.08828119427681141,-0.888230785487826,0.05365364194394533,3.12026755392041,-0.3898089567767542,-0.5183914343463343
3.8158278465270996,-0.6634352199765147,0.6604995918743292,0.14607463295639625,-1.337468775732083,-1.3916116339476137,1.1311295645627413,-7.67263951441593,-1.8204596030343585,-6.585516857455104,0.09032778982479853,-0.885670841945611,0.05114967144723401,3.1203061777302246,-0.38981753984560186,-0.5183513800250452
3.8178558349609375,-0.6634414801249257,0.6605061213915525,0.14609857404825422,-1.3374109234595706,-1.3916325214096519,1.1310422382821137,-7.821525860169046,-1.717995635623592,-6.282071136137197,0.08892676325951276,-0.8913461956978214,0.05265638893531437,3.1202913957783203,-0.3898561636554163,-0.5183857123004358
3.8198840618133545,-0.663434263865196,0.6605150989726359,0.1461056148794995,-1.3374295532433458,-1.3916196710321898,1.1310836739863868,-7.781580073679171,-2.280932000069391,-6.318657308365051,0.0924258325824894,-0.8850617200747112,0.047571084300847416,3.1203386026569824,-0.3898251692401331,-0.518374268208639
3.8219118118286133,-0.663431879413207,0.6605111855561042,0.14611176499062495,-1.3374525921951768,-1.3916156433350158,1.1310872132229124,-7.943835398965735,-1.9478490571269396,-6.61766485841588,0.09073278569706986,-0.8860828598448023,0.04949172510567927,3.1203505235859375,-0.38983279863466436,-0.518374268208639
3.823939800262451,-0.6634540936353299,0.6604973707767219,0.1461580057058066,-1.3373819873308141,-1.3916378298854162,1.1310704676643903,-7.961557772663251,-1.9465856019170216,-6.67326143205869,0.09127333220260671,-0.884762380185573,0.04689789954773371,3.120339556331299,-0.38983661333193,-0.5183551947223108
3.825967788696289,-0.6634453631598652,0.6605197568462045,0.1461656580904302,-1.337442164229828,-1.391608699133117,1.131049386523561,-7.967725965067106,-1.6122806630001367,-6.561629767130237,0.08976596285131125,-0.8811446068035228,0.0484948604274614,3.120391531581543,-0.3898680845843714,-0.5183432737933558
3.827995777130127,-0.6634607969549571,0.6605037760675468,0.14620357344369964,-1.33739952427513,-1.3916364575859483,1.1310961699634978,-7.952381955701664,-1.739539620126288,-6.65443516161167,0.08886495722059022,-0.8730704928555817,0.04103409657243583,3.12044541418042,-0.38982898393739873,-0.5183466116534632
3.830040693283081,-0.6634662724425819,0.6604887917397564,0.1462005117827102,-1.3373921157765765,-1.3916482514447104,1.1311080203867725,-8.11183511550047,-1.7886195989319065,-6.393639711424381,0.09069081544463195,-0.8761064415587954,0.033649454725484244,3.120427294368408,-0.3898256460772913,-0.5183499495135706
3.832068681716919,-0.6634657893175796,0.6604986682160212,0.14622439014770539,-1.337425092367191,-1.3916270598423055,1.1311183983768942,-8.06035773416027,-1.3893476812272043,-6.212392301230607,0.09337889040332306,-0.8734168445470278,0.03648208791113389,3.120474024409912,-0.38983279863466436,-0.5183189550982874
3.834096908569336,-0.6634612980321474,0.6605126164205499,0.14622986841727845,-1.337393619759673,-1.3916210912987386,1.1310465041346895,-8.162715397490572,-1.6702164259265908,-6.174004848997486,0.09700181603188981,-0.874691407350914,0.0308380786847399,3.1204282480427246,-0.38986426988710576,-0.5183222929583948
3.836124897003174,-0.6634773068451769,0.6605058150009823,0.14626914547820552,-1.337399075654886,-1.3916346978437173,1.1310743937267709,-8.348507557544986,-1.5712857550692094,-6.373109950590558,0.09097343578965414,-0.8705720108452822,0.03441799178899091,3.1205150324055175,-0.38986093202699834,-0.5183189550982874
3.8381528854370117,-0.6634949216211986,0.660489170979393,0.1462697458770614,-1.3373864175084544,-1.391657886896958,1.131081469875234,-8.239092696978169,-1.8751778228551221,-6.4257239388335625,0.0958329006543363,-0.8626694483262857,0.028401098552890955,3.120518370265625,-0.3898690382586878,-0.5183256308185022
3.8401808738708496,-0.6634753943739593,0.6605127590773929,0.14625543433652152,-1.3374717646701095,-1.3916066695759426,1.1310630458222555,-8.267541419624372,-1.6477010683533528,-6.031827151054158,0.09343742069425347,-0.8723115127151603,0.03139399057318285,3.1205193239399414,-0.3899038473712366,-0.5182912985431116
3.8422086238861084,-0.6634940374912666,0.6604916548506349,0.14629711254236263,-1.3373856475947155,-1.3916432931638671,1.1311037478218644,-8.256611045123803,-1.6143436770583657,-6.426506466003191,0.0955852323867547,-0.8708616071601059,0.028407046966363925,3.1205355364033203,-0.3898533026324671,-0.5182912985431116
3.8442366123199463,-0.6634923977949071,0.6605020769092717,0.14632489081287975,-1.3374193192052803,-1.391622433121664,1.1310904062860085,-8.238159138409596,-1.5695602761407645,-6.4005658968802885,0.09218102804258699,-0.8781534662139037,0.024931080167322376,3.120575113887451,-0.38987714449037725,-0.5182674566852015
3.8462648391723633,-0.6635008300828219,0.6604810270494752,0.1462866802074096,-1.3374280709839614,-1.3916454595105787,1.1311429448870851,-8.338591067020241,-1.5134086028323366,-6.327001442925278,0.09533448904165986,-0.8682612621357643,0.02754322228076035,3.12056748449292,-0.3898533026324671,-0.5182870070086878
3.848292827606201,-0.6635022675714315,0.660490601572501,0.1463332831763804,-1.337455305883297,-1.3916172273946361,1.131137045688968,-8.340943968757848,-1.3810641294739838,-6.113422076375079,0.09449027292751877,-0.8712448519834489,0.025723665853426565,3.120607538814209,-0.3898738066302698,-0.5182369391070765
3.850321054458618,-0.6634818946038823,0.6605246171559574,0.14634637197136918,-1.3374590986950305,-1.3915973062356861,1.1310742742316264,-8.247476078401082,-1.6527034863984102,-6.32522601276887,0.09357998812948756,-0.8670926002716949,0.01584293871420731,3.1206351953693847,-0.38989288011659795,-0.518259350453512
3.852348804473877,-0.6634813163357727,0.6605136528992159,0.14637220235814838,-1.337444010187185,-1.3915986341216129,1.1311160259308246,-8.215884667147002,-1.4690929163410817,-6.305357969430996,0.09562722084685685,-0.8661584797709398,0.025976170202342184,3.12064711629834,-0.3898580710040491,-0.5182436148272913
3.854400634765625,-0.6635136259423935,0.6604971181398839,0.14637158806658326,-1.3374436944364847,-1.3916300502574355,1.1311119706988648,-8.308481022176014,-1.4630639044769371,-6.315876030706513,0.09283942730300858,-0.8596707654880344,0.03091692369309692,3.120678587550781,-0.38989288011659795,-0.5182507673846644
3.8564319610595703,-0.6635067498285547,0.660500922797228,0.14638296284297864,-1.3374292215189922,-1.391619499923122,1.131111280620998,-8.268919689859155,-1.7323967888491747,-6.432177217091736,0.09152577311035508,-0.8591147626713526,0.029796428242508423,3.1206604677387695,-0.3898809591876429,-0.5182355085956019
3.858459949493408,-0.663507030085426,0.6605074274088708,0.1464005278912281,-1.337476818074876,-1.391603334327348,1.1311302460358073,-8.12387417873477,-2.0006660060306425,-6.199716609304962,0.09457946997520911,-0.8698315962612968,0.026857717397608553,3.120722933406494,-0.3898890654193323,-0.5182164351092737
3.860487937927246,-0.6635229122871353,0.6604998646563198,0.14642758584247015,-1.3374061156603003,-1.3916334217138437,1.1311041974673874,-8.293575343948355,-1.3971385575026092,-6.151165430727391,0.09321332542324438,-0.8719210351461145,0.031627287230671264,3.1207195955463867,-0.3898890654193323,-0.5182316938983362
3.862515926361084,-0.6635229895995793,0.6604967399427626,0.14641105311864328,-1.3375089635109847,-1.3916043266530616,1.1311544377448557,-8.17461762599287,-1.5134470065642844,-6.414921284817788,0.08766793448653354,-0.8691486050359266,0.028704361784281412,3.1207586961933593,-0.38990527788271123,-0.5181925932513636
3.864543914794922,-0.663524415923598,0.6605068081844644,0.1464369417050444,-1.33747743168183,-1.3916118526845833,1.1310992610904318,-8.160939671963497,-1.5683307653622414,-6.321950711599627,0.08770774740236843,-0.8765660940753685,0.03385443695502503,3.1207706171223144,-0.389928166066305,-0.5182111899005335
3.8665716648101807,-0.6635382572758696,0.6605031928631393,0.1464608722555037,-1.337404716281631,-1.3916284351816803,1.131081085795885,-8.117966571624157,-1.6253679131040608,-6.212454481088786,0.0902530291327348,-0.8771565836071282,0.03877985512315868,3.1207443910786132,-0.38992101350893194,-0.5181997458087366
3.868598699569702,-0.6635514862314537,0.6604841600393094,0.14645031790272564,-1.3374917178956502,-1.3916285031738234,1.1311400863710934,-7.85355204729677,-1.7619665279405645,-6.37151043846621,0.08834019051839845,-0.8697952574264541,0.03443641717362326,3.120806856746338,-0.38993627229799444,-0.5181873480426233
3.87062668800354,-0.6635440149513212,0.6604990865807574,0.1464932214915994,-1.3374059315084343,-1.3916389239603435,1.1310879129285263,-8.037140798192894,-1.6525243615450949,-6.319909007026345,0.09099588766419575,-0.8722630810178797,0.041933197274509816,3.1208035188862304,-0.38992101350893194,-0.5182102362262171
3.872654914855957,-0.6635326107778059,0.6605145886616877,0.1464823144551689,-1.3374596187126486,-1.3916083862925612,1.1311011976282948,-7.884706440024157,-1.851299304853125,-6.62937552007368,0.09469733665302178,-0.8686936811904268,0.040785092916541234,3.120823546046875,-0.38992435136903936,-0.5181873480426233
3.8746817111968994,-0.663543370587556,0.660515309515396,0.14649550277751558,-1.337465633266395,-1.3916263666938533,1.1310697505726144,-8.016016838216945,-1.591248031139994,-6.293208616133696,0.09381644582264397,-0.8728190973758446,0.047984537610374814,3.1208745676228027,-0.38995677629579717,-0.5182178656207483
3.8767096996307373,-0.6635257494435822,0.6605260610667282,0.14649030830790763,-1.3375525766043184,-1.391567841204897,1.1311007932913564,-7.85485962985087,-1.8143706627933975,-6.321876237166651,0.08936400021457862,-0.8673485257185843,0.039003755075788266,3.120863600368164,-0.3899639288531702,-0.5181477705584925
3.8787379264831543,-0.6635414948379962,0.6605173761743796,0.14652764834749812,-1.3374926696039866,-1.3915918494554191,1.1311035614449976,-8.030787663765459,-1.7146013800072524,-6.276349451667015,0.08613824949355887,-0.8722040413094635,0.04234660638327045,3.1208836275288085,-0.3899486700641077,-0.5181477705584925
3.880765914916992,-0.6635497629756816,0.6604964702309379,0.14651265029932167,-1.337474046065467,-1.3916180255319344,1.131163086996256,-7.890313774785279,-1.8217655936848738,-6.0271795038789,0.09211205773573308,-0.879049703381145,0.04389231369747075,3.120887442226074,-0.38990623155702764,-0.5181635061847132
3.8828365802764893,-0.6635520229335012,0.6605173767620528,0.14655372311835477,-1.3375116825676838,-1.3915937980060964,1.1311126903143531,-7.663977012388183,-1.8444293628824366,-6.493180839879877,0.08928351098614382,-0.8727584976377751,0.05562356194743503,3.1209475237080078,-0.3899601141559046,-0.518139664326803
3.8848650455474854,-0.6635585219718015,0.6604997420960083,0.14655976354415656,-1.337474155287291,-1.3916111001957157,1.1311331058239473,-7.620389100923793,-2.069701389320228,-6.107251488518887,0.09306084156020017,-0.8795674719024872,0.05647055634795757,3.120919867152832,-0.38993770280946904,-0.518139664326803
3.886892795562744,-0.6635623556177721,0.6605017411660451,0.14655747780722617,-1.3375081481708055,-1.3916027256951529,1.1311598169555266,-7.4748445667733785,-2.1519553209186184,-6.191992811348409,0.09490471685339422,-0.8761020637592205,0.051231275142480145,3.120955629939697,-0.38993770280946904,-0.5181234518634241
3.888920783996582,-0.6635691738541212,0.6605033224538478,0.14656809616157168,-1.3375025945724766,-1.3916219870671775,1.1311381829899965,-7.365102650218409,-2.1298088374069417,-6.447550980188677,0.08665956106702884,-0.8733046880584653,0.052995787372148564,3.121002359981201,-0.38995296159853154,-0.518158260975973
3.89094877243042,-0.663581171669897,0.6604929820975156,0.1465943153165923,-1.3374690028331297,-1.3916171582009729,1.1311662598281227,-7.442929564021021,-2.068820133086049,-6.340426337561395,0.09179551035422612,-0.8744145695203058,0.05824312395394707,3.1209761339375,-0.3899343649493616,-0.5181034247027796
3.8929758071899414,-0.663575033070596,0.6605093002261813,0.14657837913727745,-1.3375092103264774,-1.3916050632267363,1.131119875857323,-7.476559194629844,-2.039411755783126,-6.55436891101795,0.08401763411479463,-0.8750505791475838,0.06335898829684508,3.120987578029297,-0.3899772802935999,-0.5181191603290003
3.8950037956237793,-0.6635700297106087,0.6605243203246208,0.14660514657643348,-1.337506335596984,-1.391588863988978,1.1310936616477323,-7.229060552318366,-2.0430669943428197,-6.480129250771416,0.08582334478127679,-0.8794448888635813,0.06976504057457353,3.1210037904926757,-0.3899882475482386,-0.5181034247027796
3.897031784057617,-0.6635973581341836,0.6604913256303359,0.14658237787636305,-1.3375700574613116,-1.3916097681000414,1.1311886890849232,-7.084264797564189,-2.2313623044256614,-6.5399306758492575,0.08431818129330242,-0.8746767723843405,0.06761538192651367,3.1210624414631347,-0.38998109499086553,-0.5180915037738245
3.899059534072876,-0.6635829721422059,0.6605149810082701,0.14663277411773548,-1.337529104771122,-1.3915888671560555,1.1311184050529475,-7.087562123393171,-1.822618734480157,-6.587463967166428,0.08176085956769623,-0.8726732589551012,0.08219857752769351,3.121051474208496,-0.38999635377992803,-0.5180795828448694
3.901087999343872,-0.6635808762535529,0.6605068992508496,0.14664039389867756,-1.3374533329539007,-1.3916151083414265,1.1311175388522807,-7.194945559090925,-2.1187664206770025,-6.379359791304191,0.08483569959026777,-0.8774249093661978,0.08328288794293705,3.121020479793213,-0.3899582068072718,-0.5181101004229944
3.90311598777771,-0.6636124095817342,0.6604851176950516,0.1466322049258021,-1.3375258045198355,-1.3916173650498924,1.1311833358273775,-7.075018706742455,-2.161220840186232,-6.462286745791395,0.08419551129458053,-0.878855104470334,0.07976540984496289,3.1210757929035644,-0.38998109499086553,-0.5180638472186487
3.905143976211548,-0.6635921533618941,0.6605075167293958,0.14664988211915006,-1.3375454383033403,-1.391587694482432,1.1311590885986522,-7.088595672868354,-2.282449951717166,-6.283762854974812,0.08474607758975267,-0.884712315142894,0.08576276140070624,3.121091528529785,-0.38998538652528936,-0.5180557409869593
3.9071719646453857,-0.6636042390849729,0.6604950807404233,0.1466431572216472,-1.337562884163472,-1.3916020128846494,1.1312237535828107,-6.909329297378733,-2.195427512049373,-6.4700498013373045,0.08303404746042196,-0.8786602517144216,0.08400953818359816,3.121143026942871,-0.3899582068072718,-0.5180557409869593
3.9091997146606445,-0.6636140643255756,0.6604865216879839,0.1466510333954213,-1.337545497727043,-1.3916201926818372,1.1312096384652248,-6.828173390604597,-2.571268339689501,-6.420492717683574,0.08732525666404327,-0.8935022264364909,0.08458917122663556,3.1211468416401367,-0.38997012773622686,-0.5180709997760218
3.9112281799316406,-0.6636161202175122,0.6604948291610201,0.14667613225136958,-1.3375180670197457,-1.3916095495519392,1.1311804606765528,-6.691765965592863,-2.405316244242858,-6.5077876336840035,0.08083746444723736,-0.8932953724756505,0.08882013249206877,3.121128721828125,-0.38998109499086553,-0.518043343220846
3.9132556915283203,-0.6636249358265536,0.6604858295890823,0.14665223548307632,-1.337599658881796,-1.3916013729536232,1.1312163659745071,-6.776565140143109,-2.483884625759404,-6.481095609879429,0.08451225099390969,-0.8887605381774444,0.09484954560291603,3.121163530940674,-0.3900049368487757,-0.5180280844317835
3.9152839183807373,-0.663600574236757,0.6605090625036963,0.14667807278331121,-1.3375714606085292,-1.391579311721285,1.1311871585599749,-6.861003072533233,-2.3816614035873633,-6.526652045440611,0.08238974393683732,-0.8868416491172273,0.1019405302929367,3.1211559015461425,-0.38998538652528936,-0.5180280844317835
3.917311906814575,-0.6636128126274428,0.6605108718419982,0.14670242270348124,-1.3375314237302423,-1.391599227075249,1.1311420447477258,-6.563732693712542,-2.36179096753198,-6.587335183844761,0.08869187617576779,-0.8880589110419422,0.10121106960679854,3.1211716371723632,-0.3900082747088831,-0.5180466810809534
3.919339656829834,-0.6636229964464423,0.6604982116852357,0.14670862276626745,-1.3375453993684066,-1.3916101906397742,1.1311703330792853,-6.872002819841704,-2.286410356326875,-6.393722816059869,0.07805198027742359,-0.898351899682522,0.0992451545025101,3.1212031084248046,-0.3900058905230921,-0.5180466810809534
3.921367883682251,-0.6636219742255871,0.6604985287596326,0.14667483049811383,-1.3376285351073092,-1.3915819915755017,1.1312125627749519,-6.786989485892867,-2.09867139204308,-6.740000850674233,0.08212286187330459,-0.8902894601563208,0.10244673345611147,3.1212078767963867,-0.39001685777773076,-0.518008057271139
3.923395872116089,-0.6636207325043404,0.6604926648280098,0.14667790664922087,-1.337601327795843,-1.391601624219486,1.1312479238064277,-6.658569281535041,-2.406822228700866,-6.563438734608265,0.08429038655684198,-0.8983660527984229,0.10070505513125336,3.1212355333515625,-0.3899744192706507,-0.5180352369891565
3.9254238605499268,-0.6636162239070547,0.6605210223078831,0.14671198947530206,-1.3375664401825909,-1.391585560196797,1.1311595737230729,-6.696537097865749,-2.399036476305142,-6.5813290228797285,0.07983798384778738,-0.8964641240688126,0.09972574207582503,3.121227903957031,-0.39001304308046514,-0.5180261770831507
3.9274518489837646,-0.6636399847744485,0.6604966447854639,0.1467163459405897,-1.3375957647980738,-1.3916029630316626,1.1312162830702759,-6.63458171853262,-2.4293497041934624,-6.464475306568035,0.08462566025133576,-0.9020298249492735,0.1024397312620718,3.1212751108356933,-0.39001304308046514,-0.5180113951312464
3.9294798374176025,-0.6636187250357343,0.6605152561086308,0.14674070390900268,-1.3375896137840781,-1.3915737715749255,1.1311831424880598,-6.804780130132625,-2.2012363566024717,-6.6726852873144145,0.08059755091840466,-0.9029763236970929,0.11084927257251231,3.121256037349365,-0.39001304308046514,-0.5179956595050257
3.9315078258514404,-0.6636148106389183,0.6605255035177537,0.146730539155896,-1.3376080691710546,-1.3915684098918557,1.1311899810160886,-6.761478001229697,-1.9785275083885203,-6.760754882795026,0.07852219490686888,-0.8985533386342499,0.11324433055503123,3.121283693904541,-0.3900092283831995,-0.5180023352252405
3.9335358142852783,-0.6636214861332946,0.660514487714343,0.14673265936687185,-1.337639286765637,-1.3915586662822435,1.1312213806614408,-6.813760037451297,-2.4823038191439166,-6.7286776183072226,0.07985951568695968,-0.8977473239251045,0.1041986138088082,3.121283693904541,-0.39001304308046514,-0.5179680029498499
3.9355967044830322,-0.6636216471335549,0.6605161645306725,0.1467391236656993,-1.3376207023799882,-1.391566374610887,1.131195825559542,-6.756005128210074,-2.1595105324541173,-6.7466599189192475,0.08043986709270762,-0.8985126575734788,0.1068014725733683,3.1212798792072753,-0.3900216261493128,-0.5179837385760706
3.9376237392425537,-0.6636475280340564,0.6604995026565116,0.14677987457773908,-1.3375601279686966,-1.3916026976738,1.1311919152513272,-6.6832110116868355,-2.3511041992468447,-6.435683171953819,0.08308762414318124,-0.9068868506960238,0.10328490220659428,3.1213080125996093,-0.3900216261493128,-0.5179904142962855
3.9396517276763916,-0.6636428149116125,0.6605307228557787,0.1467959617554026,-1.3376288265412437,-1.3915660265164091,1.1311427297845607,-6.718241984750815,-2.1253387072591297,-6.854048834721987,0.07136184640764139,-0.9024020469651988,0.10545107899693323,3.1213700014301757,-0.3900802771197718,-0.5179680029498499
3.9416799545288086,-0.6636422504618145,0.6605178692344362,0.14678309756335278,-1.337620324032128,-1.391563119475266,1.1311616169939307,-6.696233542087872,-2.0016985869921786,-6.785060832196564,0.07952663800732607,-0.9036034608437415,0.11404391746665175,3.121312304134033,-0.3900678793536585,-0.5179479757892054
3.9437079429626465,-0.663652224364778,0.6604990828278339,0.14677491175923146,-1.3376518667712332,-1.3915782707136257,1.1312450080149288,-6.69264246671105,-2.54925582038888,-6.656272850531912,0.08141796320444476,-0.9079400878404964,0.10391721408334378,3.1213714319416503,-0.39003307024110967,-0.5179513136493128
3.9457359313964844,-0.6636595806550578,0.6604985726855784,0.1467846989942769,-1.3376495015290477,-1.3915817818830085,1.1312108341799816,-6.651202671023663,-2.5440688251297385,-6.673520071693261,0.08189769549214536,-0.9100874813431585,0.10618036825234164,3.121368094081543,-0.3900645414935511,-0.5179513136493128
3.9477639198303223,-0.6636560282033581,0.6605021354474594,0.1467877236342623,-1.3376822921620315,-1.3915736602408004,1.1312410412740448,-6.689683855830004,-2.38962593798392,-6.79814295812362,0.0769926150162984,-0.9047951598081939,0.10907627218136545,3.121414824123047,-0.3900530974017542,-0.5179479757892054
3.9497909545898438,-0.66365012934482,0.6605103931785435,0.14680234460762778,-1.3376569619896839,-1.3915656521171578,1.1312010553691587,-6.642398198951138,-2.5449214069773762,-6.526409974872298,0.07867509697981782,-0.9147546396525573,0.10734624396813536,3.121384306544922,-0.3900645414935511,-0.5179422537433069
3.9518189430236816,-0.663661767660218,0.6605021776344675,0.14680696656962536,-1.3376402756719932,-1.3915820216291865,1.1312161359100894,-6.710273553223185,-2.3618111171410194,-6.670984720797463,0.08237068946200092,-0.9085570411668925,0.10795956672749879,3.1214000421711425,-0.3900569120990198,-0.5179460684405726
3.9538466930389404,-0.6636523698334136,0.6605188452462417,0.14683095047142564,-1.3376153265586292,-1.3915784250072474,1.131195779725778,-6.425214242441346,-2.5317007643622627,-6.509352047807142,0.08385613446974043,-0.9063322901194761,0.10019516861282297,3.1214281755634765,-0.39004546800722295,-0.5179584662066858
3.9558746814727783,-0.6636615371507602,0.6605173668813417,0.14683017792796313,-1.337653119082027,-1.3915752521273386,1.131179637952497,-6.716443409648395,-2.3321694351214886,-6.392622816907809,0.08388931306038902,-0.9112794481984653,0.11125841040468147,3.1214467722126464,-0.3900850454913538,-0.5179513136493128
3.957902669906616,-0.6636858067762132,0.660500672703708,0.146857519700319,-1.337595718307822,-1.3916009835599765,1.131169627441293,-6.4924850482444265,-2.4586403272580366,-6.741617809397784,0.07903079252413797,-0.9073306096343003,0.10907394097934418,3.121431990260742,-0.39009219804872686,-0.5179389158831995
3.959930896759033,-0.6636688448207962,0.6605110835672682,0.14683806339279004,-1.3376943047556542,-1.3915553532357423,1.1312089046539127,-6.670490698390109,-2.244867029225504,-6.541569655075372,0.07926605834110069,-0.9197700221452227,0.11473297541058534,3.1214520174213867,-0.3900960127459925,-0.5178998152362269
3.961958885192871,-0.6636692561272948,0.6605112229064812,0.14685506142710653,-1.3377089725858802,-1.3915527522172149,1.131223629475718,-6.499699194275481,-2.4332310825633408,-6.75146834951984,0.08129382286817136,-0.9136711586873195,0.11514145765559432,3.1214911180683593,-0.39009219804872686,-0.5178960005389612
3.963986873626709,-0.6636705499463592,0.6605194112105439,0.14687235527075293,-1.3376756298217103,-1.3915591900632942,1.1312135714774263,-6.66892784467556,-2.5197120784099107,-6.65557957238523,0.0783619724533999,-0.9145082004302757,0.1137289307195484,3.1215106683918457,-0.3900812307940882,-0.5179031530963343
3.966014862060547,-0.6636702795839337,0.6605118277607578,0.14683598298056177,-1.3377238304525458,-1.3915590589027917,1.1312410039298777,-6.46216866365478,-2.457937891982163,-6.688933493266794,0.08230256832748344,-0.913003613086168,0.10957114133939994,3.1215120989033203,-0.3900850454913538,-0.5179117361651819
3.9680426120758057,-0.6636816338270207,0.6605199856427929,0.14688441504524657,-1.3376701523993058,-1.3915698541330683,1.1311448770271566,-6.369565557796021,-2.6069561914722836,-6.543877955420079,0.08514438800032188,-0.9200710709398068,0.10493261829888603,3.12150685369458,-0.39013892809023076,-0.5179184118853968
3.9700706005096436,-0.6636849433811843,0.6605135950288972,0.14688476552464094,-1.3376745713987284,-1.391567447904137,1.1312275792368713,-6.5211499481897555,-2.425412193250178,-6.636546373235044,0.08177610492828503,-0.9144846584309184,0.10883615558459618,3.121539278621338,-0.3900850454913538,-0.5178912321673792
3.9720990657806396,-0.663683161319223,0.6605038594747713,0.14691591771572488,-1.3376230025151423,-1.391578324507155,1.1312216713606258,-6.52991306601359,-2.3478385254586724,-6.655159890403594,0.07719316295984169,-0.9093399848098815,0.11510697580704392,3.121516390437744,-0.3900659720050257,-0.5178945700274866
3.9741268157958984,-0.663675755945111,0.660527818347729,0.14692420814683071,-1.3376684785209774,-1.391546784682039,1.1311482277801506,-6.564495813448814,-2.1167379413451486,-6.836819189910345,0.08027806515513866,-0.9093127802598677,0.11996732297948984,3.1215202051350097,-0.3901317755328577,-0.5178793112384241
3.97615385055542,-0.6636810648346962,0.6605207587939596,0.14692159897389034,-1.337622607643484,-1.3915625217719447,1.1311828880119696,-6.53879260707547,-2.7111685028121575,-6.360653584062358,0.07884856493579367,-0.9196564566654479,0.11247876870095296,3.121509237880371,-0.39008981386293584,-0.5178793112384241
3.978182077407837,-0.6636892247024799,0.6605013247602655,0.14693326709598592,-1.3376685258942715,-1.3915680128094519,1.131251503180438,-6.6684429423620815,-2.5052997923351548,-6.615957785454149,0.07949408434094102,-0.9132411319745167,0.10981883239895163,3.121572180385254,-0.39007312456239873,-0.5178707281695765
3.980210781097412,-0.6636873929511938,0.6605198304307314,0.14693481898385646,-1.3376773223230116,-1.3915599384969881,1.1311784383553551,-6.643649556626329,-2.20363912589427,-6.658582379699583,0.07890811128268921,-0.9108179351913015,0.11318388473684866,3.121572180385254,-0.39012462297548467,-0.5178826490985315
3.982239246368408,-0.6636872960237394,0.6605067562461814,0.14695800578625043,-1.3376139356198273,-1.3915839290766059,1.1312021468076403,-6.591821098149845,-2.643219838246449,-6.694699198224896,0.08144353498022174,-0.9120379323657799,0.10469225888773433,3.1215683656879882,-0.39007789293398076,-0.5179017225848597
3.984266996383667,-0.6636997867544042,0.6605091403982,0.1469732935708229,-1.3376298295670177,-1.3915685891020018,1.131190729099042,-6.586314731708821,-2.4621846281939868,-6.898809700036488,0.07553453450543852,-0.9100712634969436,0.11637270444128085,3.1215683656879882,-0.39010888734926397,-0.5178549925433558
3.986294984817505,-0.6637019353355117,0.660512525321021,0.146991982445155,-1.3376493934964377,-1.3915662535139355,1.1311714951176681,-6.597487459374641,-2.3620008704131568,-6.689213106133597,0.07864215623578306,-0.9138668265262305,0.11753126740845984,3.1216041284748535,-0.3901332060443323,-0.5178583304034632
3.988356113433838,-0.6636898921843675,0.6605218701879643,0.1469927963533461,-1.3376723714307477,-1.3915487479518742,1.131159857542987,-6.675894658558198,-2.4036314220023325,-6.769619506855432,0.08005708449103731,-0.9139323805237706,0.11462861870476332,3.1216041284748535,-0.3901403586017054,-0.5178549925433558
3.990407943725586,-0.6637077448178912,0.6605039081535996,0.14699560825957922,-1.337677840249578,-1.3915617580558153,1.131223567566866,-6.815392116620458,-2.431133984585562,-6.62917027396143,0.0825616222529488,-0.9127570042278622,0.11392396183767627,3.121635599727295,-0.3901169935809534,-0.517834488545553
3.9924349784851074,-0.6637091479726948,0.6605150892390583,0.1470090562513839,-1.3377117960700091,-1.3915419006596297,1.1312095081003652,-6.533704710182389,-2.433455750615813,-6.824372918215661,0.0740859515510546,-0.9049546846433264,0.1096119111922918,3.1216632562824707,-0.390144173298971,-0.5178087393390101
3.994462728500366,-0.6637252800321799,0.660489373473856,0.1470049408167672,-1.3376413032778303,-1.3915845511926233,1.1312419665804798,-6.754443779379962,-2.4235821027086346,-6.7143409892718715,0.07664575957300118,-0.9130043182963965,0.10814097025491523,3.1216365534016113,-0.39010507265199834,-0.5178311506854456
3.996490955352783,-0.6637215635307596,0.660504565859712,0.14702327995338693,-1.337678492108203,-1.3915659212081257,1.1312353877355026,-6.961640687159422,-2.106369295966438,-6.7060891197846875,0.07711100159908137,-0.9193321979679944,0.12021825662024958,3.121691866511963,-0.39012080827821904,-0.5178192297564905
3.998518705368042,-0.6637201223099009,0.6604997681783469,0.14701051709362795,-1.3376889114438386,-1.3915639531588961,1.1312480417036004,-6.736261894988759,-2.25969839159008,-7.030856875133613,0.0753948210605693,-0.906148049672029,0.11090354557756907,3.121676130885742,-0.3901169935809534,-0.5178158918963831
4.00054669380188,-0.6637204494263923,0.6605121185337011,0.14706498874722643,-1.3376510631277803,-1.3915651048029285,1.1312020607717854,-6.77328149510142,-2.504914600267414,-6.680861661427367,0.08662067038709349,-0.9123844297560313,0.10827938989868141,3.1217123705097656,-0.3901293913470667,-0.5178192297564905
4.002574682235718,-0.6637279520442658,0.6605032661115787,0.14707558794456868,-1.3376095687318266,-1.3915853670185354,1.1311859678273846,-6.981340668553145,-2.146973199120479,-6.780991626348628,0.08098775107623649,-0.9079159948888356,0.11463294965832488,3.121696634883545,-0.3901293913470667,-0.517834488545553
4.004601716995239,-0.6637304129871474,0.6605049835175677,0.14709054888221693,-1.337634838356552,-1.391576362511617,1.1311907031409456,-7.001601952908096,-2.455285124628416,-6.752084979988686,0.08202252257184595,-0.909641580733045,0.10766462321931683,3.121727629298828,-0.3901408354388636,-0.5178192297564905
4.006629705429077,-0.6637314988936579,0.6605046023493085,0.1470902772552023,-1.3376115598552454,-1.3915907376788377,1.1311892018209797,-6.80315202367058,-2.255818953707643,-6.975273871333819,0.08047126078311462,-0.9115733977456478,0.10618575289382554,3.1217362123676757,-0.3901293913470667,-0.5178416411029261
4.008671760559082,-0.6637292926747239,0.6605155411787951,0.14708426322027973,-1.3376669304198632,-1.3915710384445479,1.1311774493757853,-6.901216877122215,-2.3577669735561737,-6.830773991390208,0.0871487863688191,-0.9125509019299329,0.10347933350609553,3.1217633920856933,-0.3901608625995081,-0.517829720173971
4.010699987411499,-0.6637172875856847,0.6605268770815766,0.14713129331624056,-1.337661806807637,-1.391543261044105,1.1311751233151375,-7.054368612583504,-2.131414532578825,-6.6141199309626115,0.07846621721722732,-0.915809386523658,0.10524902455615416,3.1217757898518066,-0.39014989534486944,-0.517792050038473
4.012727975845337,-0.663730175997958,0.6605221852182679,0.14711135705699446,-1.337718537420562,-1.3915394615104584,1.131194960022934,-6.913561749841837,-2.2538325144820415,-6.861432315012076,0.08011546312893703,-0.9075544472180427,0.09942649722131977,3.1218034464069824,-0.3901761213885706,-0.5177763144122522
4.014755725860596,-0.6637428641727405,0.6605135054232384,0.14713813703168543,-1.3376442695616557,-1.3915660067909204,1.1311895867920363,-6.939581420188691,-2.6052294867111243,-6.817914883580503,0.08370430283260863,-0.9160474927367102,0.09023710217695571,3.1217962938496093,-0.3901570479022425,-0.5177834669696253
4.016794443130493,-0.6637521117001837,0.6604870855202017,0.14714894675429482,-1.3376584938316474,-1.3915840923758762,1.1312282211773979,-7.016894036942218,-2.392853644624378,-6.733089371045286,0.07936123259938943,-0.9104407373096187,0.09287206323845382,3.121816797847412,-0.39014989534486944,-0.5177906195269983
4.018822908401489,-0.6637471033461605,0.6605112765344717,0.14720043623530274,-1.3376424399261237,-1.391556214415662,1.1312028919549586,-6.975811650718134,-2.2198715621602134,-6.539356395292105,0.0829154770898306,-0.9104494526381015,0.09712246332362262,3.1218477922626953,-0.39015323320497686,-0.5177491346942347
4.020850896835327,-0.6637687804026267,0.6604849702728219,0.14718890338120622,-1.3376136499686109,-1.3915966466027105,1.1312209536918822,-6.844373650698124,-2.087767278367123,-6.705865098249043,0.08218638671032699,-0.9083023443091068,0.09401146534752972,3.1218411165424804,-0.39014989534486944,-0.5177744070636194
4.022878885269165,-0.6637471297167206,0.6605253473172708,0.14719479228936394,-1.337691189015061,-1.391544502441848,1.1311606552817794,-7.015200880050429,-2.4466125608725084,-6.5657625854242365,0.0839363946507246,-0.9105091319598818,0.08902093974653727,3.1218787866779785,-0.3902037779437464,-0.5177562872516077
4.024906873703003,-0.6637600125883191,0.6605083044165999,0.14723681651247345,-1.3375729419492586,-1.391590984750143,1.1311327309941497,-6.981246915576628,-2.1709786805222477,-6.490324703162459,0.07718781066525246,-0.9079583345804746,0.08968576732004009,3.121853991145752,-0.39018088976015264,-0.5177906195269983
4.026934862136841,-0.6637584574763243,0.6605056428051006,0.147240299480706,-1.337595779187294,-1.3915783211727675,1.131181143139112,-6.80512226081601,-2.0052308081172323,-6.7622547466289795,0.08555381481174772,-0.8998151828099847,0.09891380755080456,3.12187306463208,-0.3901570479022425,-0.5177629629718226
4.028964519500732,-0.6637534837289392,0.6605197293551002,0.14725296322131481,-1.3376607150183404,-1.3915406139938926,1.1311695249201184,-6.938172646885976,-2.295467402226142,-6.632398968872872,0.08380834519083566,-0.9108915041821403,0.09087222476596471,3.1218973833271484,-0.3901928106891077,-0.5177200476275843
4.0310280323028564,-0.6637761118111944,0.6605014069817673,0.1472690257304397,-1.3376404544051743,-1.3915663614692395,1.1312002456261911,-6.876695016097361,-2.2282552242922593,-6.894537266539216,0.07661816981248198,-0.9011526181811407,0.0887174181516873,3.1219283777424316,-0.39018470445741826,-0.5177162329303187
4.033057451248169,-0.6637778560878553,0.6605081402111721,0.14726926546384828,-1.337650053158768,-1.3915668632513798,1.1311935926405041,-6.921137829037953,-2.1055856751713677,-6.606337063677179,0.0851054749372068,-0.9104801802949519,0.09808022197384139,3.1219560342976074,-0.3901928106891077,-0.5177233854876917
4.0350871086120605,-0.6637969862518045,0.6604875568792253,0.1473037319918551,-1.3376239054575016,-1.3915813387848646,1.1311943562482458,-6.826720166403986,-2.144709639240195,-6.681810473055813,0.08426663941203218,-0.9087623697333372,0.10007770425017185,3.1219493585773925,-0.3902047316180628,-0.5177009741412562
4.037116289138794,-0.6637731276724321,0.6605183729619217,0.14733512570127272,-1.3375936969672473,-1.3915632186578597,1.1311237533223069,-6.806489053980313,-2.1525587627772524,-6.533265218483349,0.08037086537937181,-0.9128353262907338,0.09606267056316253,3.1219526964375,-0.39021188417543584,-0.5177200476275843
4.039144992828369,-0.6637870973182978,0.6605030011203048,0.14736658463691302,-1.3375259671949613,-1.3915939954122238,1.1311311932169492,-6.852059535992915,-2.2318752180959804,-6.62588665272442,0.0849229982926096,-0.9065939551176521,0.09740343127553526,3.121956987971924,-0.3901889959918421,-0.5177305380450647
4.041208982467651,-0.6637982317240012,0.6604966936048781,0.1473559406992438,-1.3375998468860528,-1.3915814732669765,1.1311920051181523,-6.858284199171512,-2.020285090051919,-6.830736661681378,0.08696576132146232,-0.90614303702138,0.09829124832945522,3.1220127779194335,-0.3901928106891077,-0.5176962057696741
4.043236970901489,-0.6637940093495025,0.6605027550518615,0.14737733610693793,-1.3375887451730335,-1.3915785354336485,1.131172137811191,-6.925283296939151,-2.3365945587678842,-6.687626288534803,0.08679246623854582,-0.912785262518837,0.09838663277232622,3.1220242220112304,-0.39019662538637334,-0.5176995436297815
4.0452659130096436,-0.6637934870396304,0.6605038309213581,0.14739694995346853,-1.3376317006635892,-1.3915623361805662,1.131190267958925,-6.995765600921332,-2.1049079852835426,-6.769325379996227,0.07920372918921346,-0.9035198646535859,0.10020235623837735,3.122067614192627,-0.3902047316180628,-0.5176766554461878
4.0472939014434814,-0.6637884753601396,0.6605202022784962,0.14741863581163547,-1.3375871430803967,-1.391574271166236,1.1311392281838264,-7.051684151759401,-2.1227241642707004,-6.7571323258696,0.0769347953544458,-0.9073184780041894,0.09610009995037319,3.122091456050537,-0.3902085463153284,-0.517714802418844
4.049321889877319,-0.663816633848729,0.6604924086151975,0.1474473450848949,-1.3375129864028372,-1.3916146023872373,1.1311354103509268,-7.08569703342174,-2.2399758813484625,-6.575308517874252,0.08408510402317843,-0.9122357546879966,0.09531934163780932,3.1220685678669433,-0.3902085463153284,-0.517714802418844
4.051349878311157,-0.6638065728609649,0.6605050620124172,0.14746098736829505,-1.3375390967764966,-1.3915966052322306,1.131124546559285,-7.216375413915685,-2.277452968508237,-6.6667200229435455,0.079854029991761,-0.9019891935044343,0.09794310012428445,3.1220967012592773,-0.3902171293841761,-0.517710034047262
4.053377866744995,-0.6637973901676142,0.6605276117854346,0.1474850169166341,-1.3375363361833836,-1.3915789398974792,1.1310986346958167,-7.277584705839718,-1.9820793268617938,-6.67954795247119,0.07839166344413155,-0.8980486705165892,0.0970168721886093,3.1221276956745605,-0.3902209440814417,-0.517702881489889
4.055405855178833,-0.6638092044081148,0.6605130367764367,0.14749981470480292,-1.3375586864079123,-1.3915736772491216,1.1311371325441588,-7.352520006329391,-2.313680710818427,-6.575614766671076,0.07802479626006162,-0.9045334260406867,0.08845612414407528,3.1221396166035156,-0.3902209440814417,-0.5176633040057581
4.057433843612671,-0.6638361586938699,0.6604789275324281,0.14751198845355878,-1.3375160707916982,-1.391613524636119,1.131164069105749,-7.380301610421252,-2.333792555546119,-6.718847203343986,0.0779845933914873,-0.8977656565153901,0.09012281565711154,3.122129126186035,-0.39021331468691045,-0.5176666418658655
4.059461832046509,-0.6638081226876156,0.6605214305924698,0.14752348137005278,-1.337567401859404,-1.3915667145414916,1.131122973959232,-7.4113104189534695,-2.356178773285768,-6.5190904995461185,0.0814253104029157,-0.9036766115712025,0.09059531330461468,3.122175856227539,-0.3902323881732386,-0.5176599661456507
4.061489820480347,-0.6638203594348361,0.6605117034765717,0.1475739503643844,-1.3374755475466082,-1.3915967529654583,1.1311058287197704,-7.521559017059875,-2.0186704326092304,-6.822033260682149,0.07741010518494515,-0.9015741605133852,0.09487234985275925,3.1221768099018554,-0.39021331468691045,-0.5176704565631312
4.063517808914185,-0.6638265816448821,0.6605038572484045,0.14757393486971643,-1.337538896112971,-1.3915792421032005,1.131141072217582,-7.564082927268929,-2.3417327563915813,-6.650580145134491,0.08013344841296051,-0.9052974951169835,0.08587277355849926,3.1222006517597656,-0.39022857347597295,-0.5176323095904749
4.0655457973480225,-0.6638343380892019,0.6605047219880176,0.14759371421026007,-1.3375221031563576,-1.3915889181854464,1.1311377722832594,-7.490225399253963,-2.2525011044642476,-6.885973356127475,0.07714516901552568,-0.9020538339812554,0.08358320514722775,3.122232599849365,-0.39022857347597295,-0.5176361242877405
4.0675740242004395,-0.6638521050598547,0.6604791561276949,0.1476095215118813,-1.337463953719323,-1.3916288311129061,1.1311625059490003,-7.634834178244457,-1.9045592256473514,-6.586963763350036,0.0783447374628761,-0.9059324352095957,0.08030178399595424,3.122232123012207,-0.39020282426943,-0.5176551977740687
4.06961989402771,-0.6638576432028834,0.6604960179323631,0.14766699805170427,-1.3374835318625,-1.391606734101246,1.1311186442714898,-7.7337955533332785,-2.1758394010730253,-6.8097455095278425,0.08543141298181461,-0.9011067746214524,0.07518936086579592,3.122291250819824,-0.3902481237994593,-0.5176203886615198
4.071649551391602,-0.6638463926054674,0.6605088608912876,0.1476704823356999,-1.3375066430588616,-1.391592011834252,1.1310875923315666,-7.863833783527167,-2.032482314645602,-6.549909244651596,0.07866355825388824,-0.9055805490420052,0.08132865485518949,3.122299833888672,-0.390268627797262,-0.5176275412188929
4.073679447174072,-0.6638790685949528,0.6604760489949026,0.1477051642564949,-1.3374505448384335,-1.391621984727549,1.1311431245341697,-7.80954473930415,-2.1414618762435977,-6.519947344797416,0.0834843973441416,-0.900092580735668,0.07758659449732658,3.1223007875629882,-0.39024097124208623,-0.5175898710833948
4.0757081508636475,-0.6638671057205782,0.6604925987502462,0.14772820424391428,-1.3374414088937203,-1.391609862035368,1.1311004948802408,-7.936017178369347,-2.1680926496693878,-6.570939151686197,0.08702559843252893,-0.8984251851947067,0.07242415838435468,3.1223088937946777,-0.3902528921710413,-0.5175965468036097
4.077737092971802,-0.6638541912042489,0.6605055827052827,0.14771999374751116,-1.3374986076684678,-1.39159138420475,1.1311105271401585,-7.9424186079404,-1.8699865232501378,-6.599286723167222,0.07939783085494351,-0.8925449473552234,0.06545867511676069,3.1223556238361816,-0.39025670686830694,-0.5176036993609827
4.079766273498535,-0.6638640846040436,0.6604999117625204,0.1477510945895545,-1.3374618503560916,-1.3916014629268192,1.1311162795008407,-8.05699776981885,-2.2103162216335894,-6.536812544747481,0.08627670051826786,-0.9003420208033209,0.060493906573105376,3.122368021602295,-0.39024573961366826,-0.5175917784320276
4.08179497718811,-0.6638765625523662,0.6605020052321938,0.14777987635880588,-1.3374659459224776,-1.391597467238654,1.131068936217521,-7.983485050361852,-2.1014565996359766,-6.638119524114884,0.08714752886361204,-0.8960250313955483,0.05916863820017553,3.1223766046711425,-0.3902958075152796,-0.5175722281085413
4.083822965621948,-0.6638773761393395,0.6605035206893878,0.14781517592147753,-1.3373919928960043,-1.3916241138209757,1.1310577994421844,-8.038492494603533,-1.9483963729482263,-6.691591958752683,0.08674701573474655,-0.8946442784644775,0.06316391091055341,3.1224042612263183,-0.3902648130999964,-0.5176070372210901
4.085850715637207,-0.6638844836809041,0.6604910884343164,0.14782064632026157,-1.337403417271239,-1.391624203682754,1.1310555065930084,-8.223397704892054,-1.925498289736204,-6.534404969327303,0.08238030623169186,-0.8985055099644895,0.0621895228570892,3.122386618251465,-0.3902838865863245,-0.5175917784320276
4.087878942489624,-0.6638783730189504,0.660505115196489,0.1478296707195077,-1.337403094930482,-1.391618444077976,1.1310714746653197,-8.298807541284326,-2.2081628534093856,-6.60929220379946,0.0910338519263171,-0.8992732131676778,0.058726832404906,3.1224328714558105,-0.39026099840273076,-0.5175951162921351
4.089906930923462,-0.6638965851033155,0.6604902906128486,0.14785848465386658,-1.3374070399714815,-1.3916300671606232,1.1310908472344776,-8.074770714388935,-1.7200654605151073,-6.668567447800349,0.08449430587248606,-0.8870504665420854,0.05981915204667887,3.1224724489399414,-0.3902695814715784,-0.5175793806659144
4.091934680938721,-0.6638968355319695,0.66049301234892,0.14787461527305218,-1.337435255661994,-1.3916138882375169,1.1311018113374636,-8.26250950902963,-1.7274499107529715,-6.512486642741639,0.08750997484545674,-0.8842449108402364,0.04762628652565974,3.1224967676350097,-0.39027673402895147,-0.5175522009478968
4.0940001010894775,-0.6638929440121597,0.6605066165247411,0.14789246604188622,-1.3374264694286173,-1.3916115775364908,1.1310472287665996,-8.328874083280544,-1.6889462041284715,-6.572660001742289,0.08844050125862901,-0.8905296483148052,0.04899725588824207,3.122508688563965,-0.39030486742128545,-0.5175679365741175
4.096027851104736,-0.6639055516060546,0.6604864125972755,0.1479258626670989,-1.337379433524894,-1.3916328737432424,1.131082675682197,-8.485374586469742,-1.6383318471595743,-6.615357686494947,0.08448395684662272,-0.8894155912847823,0.050635898691719534,3.1225167947956542,-0.39027291933168584,-0.5175588766681116
4.098055839538574,-0.663905620223705,0.6605033759292637,0.1479421569251925,-1.337410185231341,-1.391615954172481,1.131054450009091,-8.517792141694738,-1.8017410344487712,-6.559883406009435,0.0880086331661045,-0.884317161181008,0.03833820869159339,3.1225597101398925,-0.39030486742128545,-0.5175469557391565
4.100083827972412,-0.6639387038261058,0.6604732908635756,0.14799010097757168,-1.337329882397478,-1.3916626409542927,1.1310330018305637,-8.396350866095757,-1.6791570466611931,-6.505111764351634,0.08580933194119807,-0.8771839913015388,0.036331277824925144,3.1225525575825195,-0.39031964937318975,-0.5175522009478968
4.102111577987671,-0.6639109585944352,0.6604982505200555,0.1479733612028728,-1.337406986588154,-1.3916158064613,1.131061582302757,-8.53970816778718,-1.6301001618848274,-6.449937618203301,0.08833017256319409,-0.8808386960132979,0.034812266031943984,3.122584028834961,-0.39030534425844365,-0.517531696950094
4.104140043258667,-0.663925464744595,0.6604861026974571,0.14800157757775811,-1.3373690312653195,-1.3916366780650284,1.131069091406605,-8.553563782865677,-1.7612769217905502,-6.537514627547454,0.0927344224052092,-0.8842936997381459,0.027213459494111462,3.122601194972656,-0.3902972380267542,-0.517531696950094
4.106167793273926,-0.6639420668798662,0.6604798639293418,0.14802220059416513,-1.3373530082475042,-1.3916519642110807,1.131050506885151,-8.502006224421628,-1.6901292808559318,-6.713156980438335,0.09334073945670071,-0.8886373808680773,0.036382032593729914,3.1226202684589843,-0.39031964937318975,-0.517531696950094
4.108195781707764,-0.6639472959203394,0.6604921506607918,0.14804065018889526,-1.3373869792731854,-1.3916356056902133,1.1310385145344253,-8.811857578514823,-1.7481356620784234,-6.695401485872628,0.09072016429916217,-0.8913900413461482,0.03472322987660231,3.1226679521748046,-0.39034778276552373,-0.5175078550921839
4.110223770141602,-0.6639410047863952,0.6604840385564721,0.1480320649499047,-1.3374291258366922,-1.3916285864710043,1.1310665965500972,-8.5926279879934,-1.5815494495306122,-6.4807096967917435,0.0901920880753837,-0.8807798863253335,0.029804966998835836,3.1226770120808105,-0.3903439680682581,-0.5175078550921839
4.112252950668335,-0.6639265095034046,0.6605013646858524,0.14806432834127278,-1.3374396909425965,-1.3915937012994557,1.1310851250426373,-8.608333341908315,-1.4242050528492392,-6.510583743084322,0.09048946615964701,-0.8725003837616262,0.02210838490060959,3.1227008539387207,-0.39032107988466436,-0.5174644629107874
4.114295721054077,-0.6639573452324029,0.6604810628754783,0.14810088719101086,-1.3373630419492328,-1.391632477467185,1.1310336496543116,-8.636006693673462,-1.2651965010525243,-6.732541537983025,0.0889343691146595,-0.8711866854613906,0.024242155824511818,3.1226741510578613,-0.3903558889972132,-0.517468277608053
4.116323709487915,-0.6639609651398863,0.6604838490297854,0.1480836620320559,-1.3374126879354038,-1.3916382159734775,1.1310579911880463,-8.865175347017333,-1.9131575741547455,-6.4500820236282514,0.09185442006224034,-0.8876087400073628,0.02052298710993454,3.122743769282959,-0.3903606573687952,-0.5174911657916468
4.118351697921753,-0.6639598974009232,0.6604822576493257,0.14809210121939342,-1.3374305457952513,-1.3916338489879194,1.1310641298733441,-8.75810412925405,-1.7383362569205232,-6.853685579888296,0.09156834366030109,-0.8794029011051744,0.027284309900829584,3.1227609354206542,-0.39036447206606084,-0.5174873510943812
4.1203930377960205,-0.6639600088649752,0.6604951168105445,0.14814097299679707,-1.3373844751207942,-1.391629650330766,1.131046830982156,-8.59967082228724,-1.8784533317495655,-6.883003145589119,0.09002893348211569,-0.8764037430658127,0.024613527079023784,3.122788115138672,-0.39035255113710576,-0.5174716154681605
4.122434854507446,-0.6639815028721762,0.6604746336450101,0.14817091985637246,-1.3373535637744305,-1.391642155527537,1.1310391863153288,-8.795772315380178,-1.6883922495547963,-6.465264703269115,0.09151590072751749,-0.8851017193394708,0.028723360839533366,3.1227618890949707,-0.3903716246234339,-0.5174406210528772
4.124476671218872,-0.6639583166757194,0.6605011307022466,0.1481901740455851,-1.3373588302980675,-1.3916188100383413,1.1310235109417204,-8.62597316138167,-1.5733218278227439,-6.573707092393326,0.08990511356139304,-0.8755852809390353,0.02847698618947573,3.1227966982075195,-0.3903568426715296,-0.5174477736102503
4.126503944396973,-0.6639662417651485,0.6605042554857347,0.1481835469690852,-1.3374305694618687,-1.3916123744032856,1.1310247673991018,-8.704663782814064,-1.4790634930376438,-6.463100884449789,0.08727291220525828,-0.8766515195018555,0.027049574709827134,3.1228601175495605,-0.39039594331850225,-0.5174477736102503
4.1285319328308105,-0.6639891184147004,0.6604756897798333,0.1481952814184556,-1.3374091427056374,-1.3916351428094103,1.1310706543082105,-8.843218751470381,-1.6788743259309467,-6.60987104737394,0.08893211934245016,-0.8761418141650226,0.024560870331380526,3.122856779689453,-0.39038116136659795,-0.5174272696124476
4.130573987960815,-0.6639902227980075,0.6604809501324771,0.14825400719767218,-1.337312247982339,-1.3916547012781753,1.1310376431775393,-8.860003301676665,-1.7992417196327246,-6.659253984562694,0.08606918497326244,-0.8763573612769481,0.02011542226274328,3.122868700618408,-0.3903568426715296,-0.5174430052386683
4.132601737976074,-0.6639759015962918,0.6605026687787944,0.1482670815151448,-1.3373593565871684,-1.3916130843455046,1.1310317070620932,-8.759401861358944,-1.6879647610623607,-6.789950378478457,0.08830616207422193,-0.8715919673352677,0.02396912309991922,3.122889204616211,-0.39036876360048467,-0.5174043814288538
4.134629726409912,-0.6640058682121319,0.6604717673325777,0.14827339406730122,-1.3373623215996286,-1.3916503276779648,1.1310619556394828,-8.767109265156595,-1.6528735240316772,-6.711624056309368,0.08802034733739093,-0.87257302576961,0.023917062796037367,3.1229254442402343,-0.39038116136659795,-0.5174148718463343
4.136657953262329,-0.6640096847679904,0.6604837312230095,0.1483005883853081,-1.3373772159992452,-1.3916274248310196,1.131066301594294,-8.810231499402802,-1.7496856988734644,-6.45770836358787,0.09097696260689128,-0.8750863651578672,0.02341629075586652,3.1229564386555175,-0.3903887907611292,-0.5173686186419886
4.138685941696167,-0.664005260446387,0.6604944893316674,0.14833684994867366,-1.337340183782429,-1.3916246361098625,1.1310086214333606,-8.70985588969526,-1.5164144890979117,-6.516470457382622,0.08959432045204238,-0.8706035323366933,0.02458158890115285,3.1229492860981445,-0.3904073874102991,-0.5173724333392542
4.140713691711426,-0.6640151438983211,0.660474999000684,0.14834049880906938,-1.3373726735393763,-1.3916170923300204,1.1310591005746478,-8.784220391872918,-1.5530671538438012,-6.387172851929602,0.09105420514213564,-0.8741326333358169,0.024432501059826358,3.122945471400879,-0.3904035727130335,-0.5173295179950159
4.142741680145264,-0.6640274145692819,0.6604643591634578,0.14832324706470834,-1.3373836556733647,-1.3916526081083154,1.131106053468354,-8.681495718152785,-1.465244074378552,-6.43570925496326,0.09256215485360053,-0.8698973584634313,0.025210836647463205,3.123023672694824,-0.39038116136659795,-0.517379109059469
4.144773244857788,-0.6640266846400351,0.6604770482730188,0.1483732386653358,-1.3373316553113388,-1.3916467037544247,1.1310374448865235,-8.574236060955757,-1.5084278490816585,-6.3433042807863975,0.08943403796949466,-0.8728629039643745,0.020456140976256584,3.123009367580078,-0.3904050032245081,-0.517367188130514
4.146815776824951,-0.6640453783839967,0.6604731268680152,0.1484072682612777,-1.3373295580248246,-1.391650401867608,1.1310416485503543,-8.579628597288355,-1.6129308750816602,-6.3880266962316785,0.08992016848921103,-0.873856137832991,0.017028423296243787,3.1230522829243164,-0.3904202620135706,-0.5173400084124964
4.148843765258789,-0.6640226899711414,0.6605104157381021,0.14842032782489345,-1.3373842367253321,-1.391613490642856,1.13100864821965,-8.525826294474427,-1.6611408090563156,-6.316213314351847,0.09234376834436034,-0.8764000848011004,0.012916733623534671,3.123119516963623,-0.39043981233705694,-0.5173433462726038
4.150871992111206,-0.6640676252610297,0.6604591254257726,0.14842484388079846,-1.3373599122640014,-1.391651513672064,1.1310818773499016,-8.502179582378798,-1.7877659438702778,-6.6128301903254165,0.09550627901874002,-0.8747973388779354,0.017403428392459536,3.1230966287800292,-0.3904312292682093,-0.5173004309283655
4.152899980545044,-0.6640545331918863,0.6604758162036422,0.1484587896010836,-1.337329974520785,-1.391655576645413,1.1310597996658784,-8.387781333751859,-1.523493309369329,-6.6327040273253175,0.08670284212354726,-0.8747154536960753,0.019179698859693388,3.1231486040302734,-0.39041310945619756,-0.5173347632037562
4.154927968978882,-0.6640667265802775,0.660462654390359,0.14845841876180096,-1.3373185013026976,-1.3916681952650485,1.1311022670395656,-8.437173535835711,-1.29106995650919,-6.429704665804978,0.08818869190138195,-0.8786550561593015,0.02205214408281895,3.123157187099121,-0.390390698109762,-0.5173233191119593
4.156956195831299,-0.6640584198758055,0.6604908346055589,0.14847518001173352,-1.3374059374356024,-1.391612488185577,1.1310481863016044,-8.351599034455091,-1.9780192215836148,-6.6567989438756845,0.09435479585854337,-0.8787171105000754,0.010923611791278005,3.123180552119873,-0.3904636541949671,-0.5172694365130823
4.158984899520874,-0.6640689990372322,0.660474573574267,0.14849450969083672,-1.3373741770340548,-1.391634845501063,1.1310704411848786,-8.294504922592283,-1.6539414578186542,-6.965857469341792,0.09107594651865841,-0.8764482363720447,0.017037850755294653,3.1231934267231445,-0.39044458070863897,-0.5172765890704554
4.1610143184661865,-0.6640824914891978,0.6604619877472003,0.14849121574857263,-1.3373883698746012,-1.3916465635143798,1.1310999764478413,-8.443788387401995,-1.4714905773750382,-6.723035695277195,0.090119915027699,-0.8778076006100988,0.018325888784586988,3.1232172685810546,-0.39044458070863897,-0.5172727743731897
4.163042783737183,-0.6640821647245532,0.6604699220166018,0.14850591176402872,-1.337418782578613,-1.3916271273133693,1.1310774698461579,-8.421779264910487,-1.2853328210146613,-6.708769091824915,0.08398976772179698,-0.8861995185871099,0.02292628770836233,3.1232287126728515,-0.3904760519610804,-0.5172489325152796
4.165071249008179,-0.6640969757343603,0.6604676051791276,0.14852656770908274,-1.3373714845536124,-1.391649956010574,1.1310840883947693,-8.38979810745732,-1.6343138277092686,-6.699486394083682,0.09236633615497028,-0.8895082790433113,0.020328498742327877,3.123260183925293,-0.39046031633485967,-0.5172560850726526
4.167101144790649,-0.664092671725839,0.660463419195042,0.14855129706918008,-1.3373174422010417,-1.3916543844441196,1.1310523157393428,-8.252920571920972,-1.577969751308249,-6.5042345842810905,0.08974742235378907,-0.887533540866726,0.02031483104211813,3.123211069697998,-0.39045650163759404,-0.5172560850726526
4.169138193130493,-0.6641003964326906,0.6604732666639098,0.14856873994831213,-1.3373922738230335,-1.3916334574639038,1.1310754410986066,-8.175042236025092,-1.6593762582860485,-6.5716661848327185,0.0890623795362357,-0.887111177813033,0.020723014638387247,3.123304529781006,-0.3904808203326624,-0.5172250906573694
4.17117977142334,-0.6641070136267233,0.6604667918205318,0.1485712316682777,-1.337390921781265,-1.391638868987201,1.131106134144886,-8.218064486635077,-1.7243490086381215,-6.577382220872707,0.08854654313550757,-0.8945061204105718,0.025232440738777992,3.1233207422443847,-0.3904650847064417,-0.5172165075885218
4.173208713531494,-0.664105868103406,0.6604725866024295,0.148571241064317,-1.33741896035665,-1.3916299160593648,1.1310790505425603,-8.32550214037726,-1.8066356900474458,-6.658779901958311,0.08966544023126063,-0.8912496702978779,0.024927741726220917,3.123328371638916,-0.3904965559588831,-0.5172165075885218
4.1752519607543945,-0.664116525210265,0.6604675838408133,0.1486075744978724,-1.3374013052820353,-1.3916290549049937,1.1311064735689222,-8.370528651828108,-1.5876814411030242,-6.616677867281799,0.08601555275671055,-0.891815505270551,0.026926335199279505,3.1233560281940917,-0.3904808203326624,-0.5171821753131312
4.177279949188232,-0.6641035349988607,0.6604904283286024,0.14863168756906672,-1.3373701430363645,-1.3916165935820262,1.1310462490282447,-8.253299222167936,-1.9500302233075462,-6.717286829749557,0.09320571127878195,-0.8917005825720733,0.02451510626942284,3.1233488756367187,-0.3904927412616175,-0.517188851033346
4.179303884506226,-0.6641049252591528,0.6604824593766351,0.14860894339781106,-1.3374159869646958,-1.391627917209152,1.1310505614302147,-8.353926924967652,-1.6489847208735635,-6.702073032474951,0.08873254540945474,-0.8941455043406297,0.029695339704876242,3.1233770090290527,-0.3905118147479456,-0.5172231833087366
4.181328058242798,-0.6641027297785611,0.6604874512353687,0.14863550448113586,-1.337434238893076,-1.3915982771603561,1.1310952597857287,-8.316281642587038,-1.9455073774331137,-6.696226565663529,0.09236422456989052,-0.8941020311614581,0.02308693982299674,3.1233975130268554,-0.39048892656435186,-0.5171616713153284
4.183366298675537,-0.6641240058252039,0.6604732509462969,0.14864461975598187,-1.3373863676513402,-1.3916286118389714,1.1310727810420051,-8.368067876950704,-1.9130415514594588,-6.920465855436964,0.08695521657916527,-0.8919406731581214,0.028123751675389264,3.1233813005634765,-0.39050466219057256,-0.5171721617328089
4.185393571853638,-0.6641186512495816,0.6604807543494199,0.14864199941384043,-1.337417977141734,-1.3916136891612478,1.1310640234662865,-8.414316273639509,-1.764421172599667,-6.8675887480426,0.09177655044241594,-0.9014931439908372,0.038767888586383976,3.1233903604694824,-0.39052039781679326,-0.5171650091754358
4.187415838241577,-0.6641354365436503,0.6604715279656002,0.1486668933724961,-1.3373800848803328,-1.3916502068591652,1.1310874766922916,-8.377524670478461,-1.473921978287032,-6.672062415971508,0.08518044763986785,-0.9042278993548032,0.04511802686734597,3.1234609323688964,-0.3904975096331995,-0.517196003590719
4.189435720443726,-0.6641212692192429,0.6604911702250719,0.14870286579352332,-1.3374238549127262,-1.3915953039737827,1.131054085965554,-8.393619331251035,-1.6473627382531766,-6.731416143336106,0.09044504631060647,-0.9031929872209304,0.038545140774916054,3.1234499651142578,-0.39053279558290654,-0.5171287695514124
4.191455602645874,-0.6641263863331441,0.6604918386818616,0.1486954865745652,-1.337371409852938,-1.391621713497951,1.131042838765053,-8.27340295504103,-1.8907178151567503,-7.099278838029315,0.0824740339629241,-0.8948536024243248,0.0339303386516957,3.1234466272541503,-0.39051658311952764,-0.5171635786639612
4.193478345870972,-0.6641272646272451,0.6604883600152192,0.14869550583500835,-1.3374268483908283,-1.3916111129866984,1.1310451647682822,-8.431305431078002,-1.9010369674435466,-6.6607025196152225,0.08925665350315444,-0.9111649712063169,0.04009623429070322,3.1234704691120605,-0.3905442396747034,-0.5171554724322718
4.195508241653442,-0.6641503992111971,0.6604829140859164,0.14873490157297242,-1.3374170242729186,-1.391621065098481,1.1310899434336583,-8.385570630014259,-1.493443441736942,-6.96528967695881,0.08356215011120052,-0.9030060144293872,0.047571080584900255,3.123548670406006,-0.3905289808856409,-0.5171244780169886
4.197536945343018,-0.6641534283708997,0.6604789955561665,0.1487170124536861,-1.337461630250272,-1.3916152529738954,1.131083322497281,-8.21086130637148,-1.7553410293560798,-6.838611451451625,0.08729707307906176,-0.9077864021543871,0.042488973327285295,3.12354485570874,-0.3905599753009241,-0.5171211401568812
4.199599981307983,-0.6641346121645159,0.6605082093548785,0.14873743654518073,-1.3374711622602673,-1.3915811672113356,1.1310376498863832,-8.360603420038768,-1.659397489709402,-6.871109404560484,0.08304795195097828,-0.90467873624365,0.04767057249691288,3.123549624080322,-0.3905757109271448,-0.5171049276935022
4.201627969741821,-0.6641681577802796,0.660470934435346,0.14875859830571114,-1.337397074122263,-1.3916285951583964,1.1310693594188204,-8.283247987358124,-1.7803867872827133,-6.821363928607249,0.0879369496716636,-0.899621853730813,0.04957200270624865,3.123530550593994,-0.3905566374408167,-0.5171001593219202
4.203655958175659,-0.6641631086134845,0.6604731907436111,0.14876480821867816,-1.3374191093678014,-1.3916194687475856,1.1311232076807205,-8.119120562055944,-1.9198246421993004,-6.924665238584057,0.08446525223693771,-0.8995811920197228,0.04438093263208889,3.123577757472656,-0.3905218283282679,-0.5170882383929651
4.205684185028076,-0.6641823415197725,0.6604636641327888,0.14879741294307464,-1.3373690373068383,-1.3916473344839735,1.1310908352300217,-8.180928292451881,-1.8146750663693982,-6.719809380909652,0.08537418801589339,-0.9061519301895641,0.05142223043268318,3.123588724727295,-0.3905404249774378,-0.5171001593219202
4.207732915878296,-0.6641668613926379,0.6604860257833671,0.14877781934081868,-1.337429500788039,-1.3916147893050925,1.1311134761530255,-8.191725048868406,-1.7760561339012562,-6.635784895858569,0.0784854502649191,-0.9034274625620585,0.053315556475545194,3.1236254411884765,-0.39053327242006475,-0.5170849005328577
4.20976185798645,-0.6641757663604567,0.6604790836834719,0.14879125803656162,-1.3374578934019752,-1.3916088736519803,1.1310806886426243,-8.226219246199863,-2.0844489637887476,-6.662996230621927,0.0808634782938767,-0.8995429790956074,0.045132150869738624,3.1236182886311035,-0.3905838171588343,-0.5170677343951624
4.211791038513184,-0.6641624748802729,0.6605011375385114,0.1487963234966786,-1.337478955712647,-1.3915830170961387,1.1310556547760378,-8.050869757179893,-1.8595690630311363,-6.785382264894123,0.08202922696514257,-0.8989888723225289,0.0447672970334636,3.1236297327229003,-0.39059573808778936,-0.5170572439776819
4.213820457458496,-0.6642059640129326,0.6604580581824483,0.1488114410547488,-1.3374428496522088,-1.3916423135004112,1.1311380403112987,-8.104773985647263,-1.9062205000288146,-6.709644893635403,0.08611980902056904,-0.9043816349571161,0.04948197333287542,3.1236888605305175,-0.39056474367250615,-0.517064396535055
4.215851545333862,-0.6642030967542117,0.6604694182314702,0.14885183229132679,-1.33741152250861,-1.3916328690073527,1.1310661395679533,-7.987637537555237,-1.8078319721343319,-6.820906353990099,0.08429324269791978,-0.9031530016286963,0.05379868349489367,3.1236697870441894,-0.390599552785055,-0.5170553366290491
4.2178795337677,-0.6641973516679216,0.6604721424687754,0.1488606186594698,-1.3374032579873147,-1.3916256148348658,1.1311055126873282,-7.954477584711365,-1.6950108749551662,-6.891342167804574,0.08204420360222776,-0.9040202962928456,0.060244859860027256,3.123685045833252,-0.39056092897524053,-0.5170405546771448
4.219904899597168,-0.6642025582663025,0.6604706142859588,0.14883401089853457,-1.3374815101600075,-1.391606144953919,1.1311399231424482,-7.761633515131288,-2.0174513045068254,-6.782766355712624,0.08677319809497097,-0.9024459721578881,0.05283678107129337,3.1237055498310546,-0.39058047929872686,-0.5170095602618616
4.221927642822266,-0.664192685799052,0.6604845796146274,0.14884857833891157,-1.3374623812619573,-1.3915964031343904,1.131095034930142,-7.937154246230363,-1.7532441793753066,-6.574185778508072,0.0807293740916431,-0.9042152177702444,0.05738982205552374,3.123690291041992,-0.39059240022768194,-0.5170133749591272
4.223963737487793,-0.6642163331108917,0.6604711048417301,0.14885407990945201,-1.3374751466838355,-1.3916199497700235,1.1311338538767142,-7.612599640024317,-1.9914992640964402,-6.681330481597491,0.084977501257862,-0.8968509418942339,0.051104070210392344,3.123757525081299,-0.39059240022768194,-0.5170167128192347
4.225983381271362,-0.6642186243883744,0.6604856924410382,0.14888079214060712,-1.337439879017364,-1.3916197269721138,1.1310663755711425,-7.896169199152798,-1.676305778018143,-6.609714311008169,0.08383449959870597,-0.9077609933762282,0.05728111401897097,3.123753710384033,-0.39062387148012334,-0.5170200506793421
4.228005409240723,-0.6642245070404723,0.6604687039960875,0.14889911847208875,-1.3374015324007036,-1.3916374048974436,1.1311176826273548,-7.7395639281580895,-1.9010410247694478,-6.71602466181286,0.08668375028689052,-0.9024362418683316,0.06086581840433191,3.1237618166157226,-0.39057666460146123,-0.5170167128192347
4.2300286293029785,-0.6642138368588644,0.6604829887516999,0.14889342971877959,-1.3375087869687925,-1.39159815658263,1.131144574514902,-7.787858903865468,-1.7148154987734943,-6.829842806384512,0.07716872267921504,-0.8995969507385759,0.06835069144214011,3.123828096980713,-0.39059669176210576,-0.5169890562640589
4.232057094573975,-0.6642255608263502,0.6604876700017346,0.14888030658577817,-1.3375507528828203,-1.3915872511442084,1.1311348953741371,-7.549799013108777,-1.9811527353087586,-6.695660091588121,0.0867087568340367,-0.9012110051142934,0.061706199467134376,3.123840017909668,-0.3906353155719202,-0.5169647375689905
4.234084844589233,-0.6642144742746159,0.6604942459038436,0.14892587541253843,-1.3374631341501206,-1.3915919621611332,1.131068124084531,-7.7004297107958255,-1.92928496543805,-6.787674930551133,0.08158657199857962,-0.9095170729511185,0.06276571159076515,3.1237899500080566,-0.3906315008746546,-0.5169771353351038
4.23611307144165,-0.6642381755826775,0.6604715574123523,0.14891439264870981,-1.3374889523821254,-1.391624009733973,1.1311726794023353,-7.578451864182748,-2.1111523764889237,-6.801861187096087,0.08522089566612912,-0.90754734557763,0.06767608082124398,3.123884840602539,-0.3905895392047327,-0.5169876257525843
4.238140821456909,-0.6642343254708559,0.6604673524070218,0.14893324774802338,-1.337471494264047,-1.3916131368526519,1.1311737041176437,-7.721966012037378,-1.9209370231730496,-6.77415767023696,0.07505341257885294,-0.9134314065296901,0.07778792187963694,3.12385003148999,-0.39058143297304326,-0.5169599691974085
4.240168571472168,-0.6642392588000013,0.6604829162497732,0.14896336718211,-1.337442813991701,-1.3916005668782803,1.1311070234970741,-7.351776311537363,-1.933402310648229,-7.0310533495416845,0.08039874183221286,-0.9112096774028634,0.0819710194425046,3.123830958003662,-0.3906205336200159,-0.5169337431537073
4.2421958446502686,-0.6642390358036673,0.6604858295478946,0.14893690568340784,-1.3375404876716612,-1.3915852323437279,1.131151110859838,-7.472811553406844,-2.288142181258642,-6.728434628757391,0.08345931782967127,-0.917439990850468,0.07881929701837925,3.1239000993916015,-0.3906329313861292,-0.5169294516192835
4.244223594665527,-0.6642699484085073,0.6604571388810897,0.14896965300532672,-1.3375138218403313,-1.3916069713843664,1.131175201924278,-7.498602827915698,-2.0264523019984075,-6.790031844483252,0.08083728995629355,-0.9087593841599965,0.08210047225556934,3.1239020067402343,-0.39064056078066045,-0.5168946425067347
4.246251821517944,-0.6642393825539122,0.6604929643090343,0.1489651488967258,-1.3375137732464875,-1.391580354271579,1.131103624956604,-7.438018287222208,-2.4576090839344626,-6.718136217487437,0.08149184928133313,-0.9122095605625985,0.07927245241470454,3.1238857942768554,-0.39065534273256475,-0.5169203917132776
4.248280048370361,-0.664247774793415,0.6604911921563329,0.14897858463399344,-1.33754850228681,-1.391571607707669,1.1311540154300566,-7.464139774337953,-2.070403176699245,-6.841504960590231,0.07869619203671381,-0.9128810349885951,0.09131223640517187,3.1239449220844726,-0.3906438986407679,-0.5168893972979944
4.25030779838562,-0.6642480476823235,0.6604803303031962,0.1490022339614741,-1.3374649185588652,-1.3915970797454174,1.1311584200607803,-7.425712364709664,-2.070030298366085,-7.014307608397231,0.08022118061898606,-0.9086078010082032,0.08913027417153657,3.1239186960407714,-0.390601936970846,-0.5169084707843226
4.2523980140686035,-0.6642598527900555,0.6604752933656066,0.14899825703017636,-1.3374991549259259,-1.3916010704676713,1.1311496886373482,-7.356742421883913,-1.9565038259454157,-6.956733833009289,0.07433795505543722,-0.9100681141631042,0.09654017731812779,3.1239420610615234,-0.3906367460833948,-0.5169084707843226
4.254427909851074,-0.6642622574818383,0.6604820918784292,0.1490034316459921,-1.3375280053867646,-1.3915853079896328,1.1311143317888759,-7.326157154597576,-2.082739040576107,-7.081287223255184,0.07400618945336102,-0.9065229231423136,0.09826962634572478,3.123938723201416,-0.3906796614276331,-0.5168893972979944
4.256470441818237,-0.6642560448596228,0.660494528520191,0.14902194284768197,-1.3374808341183402,-1.3915956505106135,1.1311045613244226,-7.3007266564362965,-2.097089358406878,-6.919952242702729,0.0771480949012696,-0.917942830356651,0.09957076359665738,3.1239659029194335,-0.3906520048724573,-0.5169156233416956
4.258497714996338,-0.6642584048634441,0.6604950803047878,0.14901798450517,-1.3375382050866873,-1.3915670584086237,1.1311390465524989,-7.340668551277679,-2.53734168760506,-7.095324382850536,0.0749467307378299,-0.9252439425382759,0.09504644672953912,3.1239749628254394,-0.390660587941305,-0.5168622175799769
4.260524749755859,-0.6642772986138142,0.6604761174109942,0.1490344483395626,-1.3374980159611451,-1.391605366207489,1.1311549805029837,-7.53823703781762,-2.227227656899106,-7.087919653802827,0.07583724456096344,-0.9283521002603261,0.1081275524972047,3.124004526729248,-0.3906481901751917,-0.5168879667865198
4.262552738189697,-0.6642917411735186,0.6604694522741326,0.14905743786863074,-1.3375065338475591,-1.3916038428442208,1.1311668267219577,-7.376381272517187,-2.330787851418868,-7.085744009084128,0.07332974153329966,-0.9244027773574309,0.10535223333405874,3.124028368587158,-0.390660587941305,-0.5168569723712366
4.264580726623535,-0.6642838987336941,0.6604818013278183,0.14905504663181418,-1.3375210429088986,-1.391596372876296,1.131128876220983,-7.233336932814978,-2.213594416139242,-6.884211196368628,0.0719702305197776,-0.9244332536914677,0.09717583466717183,3.1240336137958984,-0.39068442979921514,-0.5168727079974573
4.266608715057373,-0.6642757083346743,0.6604789337799366,0.14903744057218168,-1.33755596679748,-1.391580138070657,1.1311984505436197,-7.139536163609869,-2.3562695773995417,-7.009179980547938,0.0790146324718265,-0.9202395315937564,0.09840295676285851,3.124042196864746,-0.3906443754779261,-0.5168488661395472
4.26863694190979,-0.6642757810884862,0.6605044580796148,0.14906168130706235,-1.3375632607987764,-1.3915560596860026,1.1311181044504848,-7.300306856181219,-2.155208925011639,-6.938670427306852,0.07787012380402267,-0.9229207310980553,0.11052249848826359,3.1240455347248535,-0.39070350328554326,-0.5168264547931116
4.270664691925049,-0.664275578186978,0.6605103188870131,0.14907030754314166,-1.3375508846186235,-1.3915664232830716,1.1310735356573494,-7.151508907274546,-2.432196539713101,-6.993015057933888,0.07405989619052533,-0.9197448611197018,0.10629956015296713,3.1240579324909667,-0.390726391469137,-0.5168569723712366
4.272692918777466,-0.6642873101526201,0.6604928805397154,0.14908984650551618,-1.3375462569399381,-1.3915631825921988,1.131141854487488,-7.133516822373413,-2.190338973900324,-6.950336029227433,0.07814362232394378,-0.9211808873480198,0.11704693304594832,3.1240622240253906,-0.3906925360309046,-0.5168054739581507
4.274720668792725,-0.6642946964605655,0.6604891417716491,0.14907656113733772,-1.3375785109568097,-1.3915717858820646,1.1311441082008908,-7.307409883434704,-2.3560022886066583,-6.824217115550325,0.07768179208152114,-0.9278740099027969,0.114068138554101,3.124093218440674,-0.3907120863543909,-0.5168216864215296
4.276748895645142,-0.6642944465123313,0.6605007298793494,0.1491022323764025,-1.3375229878839412,-1.391580804474803,1.1310808439416817,-7.202508374779983,-2.1922448661180853,-6.955060858672065,0.07779953163770686,-0.9251582181799425,0.11788191805304846,3.1240827280231933,-0.3907278219806116,-0.5168402830706995
4.278783559799194,-0.6643175768303623,0.6604838935682019,0.14912494647327895,-1.3375392499985719,-1.3915928292413264,1.131147264318421,-7.233960649288649,-2.1611838214557624,-6.812164184755982,0.07401384931282845,-0.9209763156646569,0.11547490409293076,3.1241532999226074,-0.3907120863543909,-0.5168126265155237
4.280810594558716,-0.6642975555395207,0.6604923491592277,0.14912795707928014,-1.3375665060582518,-1.3915642505319425,1.1311618223414721,-7.1299185011829795,-2.378822572947912,-7.074266818779504,0.07484781044215229,-0.9144202954638866,0.11625767838889253,3.124145193690918,-0.3906963507281702,-0.5167940298663538
4.282838821411133,-0.6643034420018641,0.6604994637123149,0.1491364803255904,-1.337553440885638,-1.3915649021822267,1.131142091390284,-7.035473602177824,-2.5087934922521464,-6.897479384149823,0.07727580756620894,-0.9176708647249453,0.11823834603080718,3.1241532999226074,-0.3907082716571253,-0.5167887846576136
4.284866809844971,-0.6643241638959646,0.6604752772567642,0.1491621039776392,-1.337488580093018,-1.3916086940346597,1.1311514503156885,-6.956324510511413,-2.479030451134967,-6.6606987474552835,0.07753532373357766,-0.9213182490601488,0.12261398692126214,3.1241623598286132,-0.3906925360309046,-0.5168126265155237
4.286895036697388,-0.6643198543243098,0.6604810009250087,0.1491438561763056,-1.337604297522644,-1.3915717114810089,1.1311801752329858,-6.857727572474209,-2.631514722297232,-6.865900126593192,0.07006920720563331,-0.9127080320154212,0.11587391571936685,3.1242052751728515,-0.3907244841205042,-0.5167768637286585
4.2889227867126465,-0.6643168925959141,0.6604950565125728,0.14920456822015205,-1.3374656771811004,-1.3915844694780892,1.1311135016897913,-6.843158887190622,-2.6136731706928473,-6.686717951937807,0.07795199476698765,-0.9151283847414824,0.12056815756569846,3.1241633135029296,-0.39070111909975225,-0.5167802015887659
4.290950775146484,-0.664311979448251,0.660504762243026,0.14917689404613052,-1.3375805245298469,-1.3915527223953956,1.1311535267953625,-6.697878568843585,-2.614310656336688,-6.803898704372429,0.0761595790828335,-0.9131200968746377,0.11896367360096255,3.124225302333496,-0.3907206694232386,-0.5167577902423304
4.292977809906006,-0.664339438045056,0.6604853115759086,0.1492067227577642,-1.3374993783186313,-1.3915925991710576,1.1311452996282934,-6.821129404633602,-2.411661101805162,-6.616514368846975,0.07371671679122523,-0.9237220127427226,0.12252666201697554,3.1242171961018066,-0.39071685472597295,-0.516761604939596
4.295005798339844,-0.6643355360672536,0.6604873655241086,0.1491941058926308,-1.337526186040134,-1.3915825775716861,1.131137837854166,-6.79345948559355,-2.4472389874384315,-6.698047132644021,0.07826946905286528,-0.9164300267859308,0.12378164104379936,3.124206228847168,-0.39073211351503545,-0.5167577902423304
4.297034025192261,-0.6643364316480856,0.6604897330887215,0.1491845487231931,-1.3375977935303995,-1.3915657663338545,1.1311851943547315,-6.662173494754953,-2.4487361990811403,-6.932293173550895,0.07244742021207391,-0.9114229678425646,0.12747427537946696,3.124265356654785,-0.39073211351503545,-0.5167377630816858
4.299062013626099,-0.6643230215310229,0.6605004677670068,0.1492214977500576,-1.3375694008319432,-1.3915562355538758,1.1311473408441322,-6.570996658432404,-2.884592941247907,-6.975924269955106,0.07525768180150343,-0.9093303577131018,0.11923441439948229,3.1242620187946777,-0.39073211351503545,-0.5167411009417933
4.3010900020599365,-0.6643375469440294,0.6604842176523348,0.14924488006515227,-1.337511408535261,-1.3915814275906209,1.1311743908377503,-6.655855254091422,-2.5219584029586293,-6.6692615208431985,0.07504379523371103,-0.9176219016807339,0.1290970155089393,3.124262972468994,-0.39070111909975225,-0.5167377630816858
4.303118705749512,-0.6643444040531039,0.6604900375553864,0.14922864308466452,-1.3375716125398156,-1.391575489533529,1.1311394197240108,-6.586339822644218,-2.6705863244500123,-6.693610937199951,0.08039049286549399,-0.9237385095489871,0.125018163557775,3.1242891985126953,-0.39076024690736944,-0.5167444388019007
4.305180788040161,-0.6643556046280471,0.6604760436519173,0.14923524134051308,-1.3375346544572737,-1.3915941661688596,1.13116656625455,-6.694528311327768,-2.675368960841795,-6.717837965478374,0.07726637866701416,-0.9191589889720349,0.12145899555680251,3.124282045955322,-0.3907359282123011,-0.5167411009417933
4.307208776473999,-0.6643722409057342,0.6604613266541803,0.14925649235807348,-1.3375102543177464,-1.3916202334520147,1.1312231505390673,-6.5415849305406395,-2.212319130245953,-6.899839754821995,0.07450212707996685,-0.9162435208462713,0.13037940737111026,3.1243411737629394,-0.39069873491396123,-0.5167444388019007
4.309236764907837,-0.6643426849992745,0.6605015577572186,0.14925703451363354,-1.3375727319724104,-1.3915654348645556,1.1311394139659694,-6.5572029693199605,-2.4572213133282093,-6.7744363125968885,0.07639228260391887,-0.9186969860995117,0.12673052261422538,3.124333544368408,-0.3907564322101038,-0.5167320410357874
4.311264991760254,-0.6643510114335329,0.6604880038181427,0.14924186795699101,-1.3376298913069546,-1.3915564751552942,1.131189530056337,-6.584573956992899,-2.7414210740270937,-6.538054205118192,0.0799656870602745,-0.9259569313035769,0.1278335697688426,3.1243464189716796,-0.39076024690736944,-0.5167015234576624
4.313292741775513,-0.6643647005517956,0.6604834685697468,0.1492671039343928,-1.337585417513604,-1.3915814667630593,1.1311399068818624,-6.663018325327024,-2.556604946761307,-6.804615601166137,0.07599347723823677,-0.9200795968448623,0.12752228514657798,3.1243502336689453,-0.390787426625387,-0.5167244116412562
4.315319776535034,-0.6643654465219251,0.660494447533974,0.14929320044099728,-1.3375819503816313,-1.3915706582305756,1.1311360702536806,-6.5486409449396135,-2.906751365941493,-6.914469973329374,0.07934764109056033,-0.9191815488080688,0.11767804070594663,3.1243817049213867,-0.390787426625387,-0.5167048613177698
4.317347764968872,-0.6643836827589358,0.6604719192819158,0.14930572478151338,-1.337548030222735,-1.391601471693045,1.131168109031432,-6.494489467564744,-2.7068343140211817,-6.9686252004387,0.07426284606207975,-0.920031030028724,0.12340323397249213,3.1243941026875,-0.3907683531390589,-0.5167120138751429
4.31937575340271,-0.6643827731160402,0.6604772288170812,0.1493133163718996,-1.3375343496364975,-1.391601675295146,1.1311191961702218,-6.560770349268407,-2.648339481455659,-6.945849939191976,0.07051204862945948,-0.9223328235933577,0.12723822451658814,3.1243745523640136,-0.39079600969423467,-0.5167205969439905
4.321403741836548,-0.6643768906098623,0.6604859222669228,0.14930518100966989,-1.337605671581593,-1.3915673806541202,1.1311803855299627,-6.577141723295596,-2.7587275947686596,-7.014925902988026,0.07482033135992204,-0.9251515296867099,0.12594578712797935,3.12441794454541,-0.39078027406801397,-0.5166738669024866
4.323432207107544,-0.6643571823110108,0.6605085188692001,0.1493067818614209,-1.3376194960819456,-1.3915394578147662,1.1311637676114816,-6.450289107209747,-2.7301414125059726,-6.870538919889998,0.07708997231261215,-0.9252037618562069,0.13065172504675854,3.12441794454541,-0.39077645937074834,-0.5166657606707972
4.325459957122803,-0.6643764241070806,0.6604916060138861,0.14935278110568426,-1.3375028104489242,-1.3915870613128756,1.1311145373629663,-6.707222038929132,-2.4962727384614976,-6.684697368404558,0.08105061051847386,-0.9224028278048019,0.13326721280541395,3.1243912416645507,-0.39077645937074834,-0.5166962782489222
4.327487945556641,-0.6643738014135874,0.660484260871766,0.1493360233373756,-1.3375519496329138,-1.391586021872548,1.1311853167883976,-6.410082454789507,-2.6359539972066144,-7.120201185520299,0.07454261414911362,-0.912927519947905,0.12903756493189988,3.1244417864033203,-0.39074546495546514,-0.5166996161090296
4.3295159339904785,-0.6643866086143586,0.6604896628099383,0.1493402767437827,-1.3376483546136015,-1.3915514663016029,1.1311888850920118,-6.504383382618645,-2.776213954577878,-6.9344166716060744,0.0766370792041713,-0.9171599257076334,0.12659787619909885,3.1244847017475585,-0.3908045927630823,-0.5166376272784632
4.331543922424316,-0.6643835005067712,0.6604906103528322,0.14935499540812164,-1.3375579681657042,-1.3915852728045786,1.1311150332083635,-6.467506754509378,-2.5988500916476003,-6.97875499006495,0.07295144970698716,-0.9161689187621881,0.13253033237561737,3.1244465547749023,-0.39080840746034795,-0.5166996161090296
4.33359169960022,-0.6643782682026808,0.660509549741108,0.1493977969667109,-1.3375658833566246,-1.391561137934731,1.131090024281501,-6.527948143481597,-2.674246997274406,-6.90601141604971,0.07744389203045521,-0.9135006508730172,0.1319798223452364,3.1244866090961914,-0.39082318941225225,-0.516672436391012
4.3356359004974365,-0.664386087447691,0.6604930010704229,0.14939231476520257,-1.3376074777043971,-1.391559083374752,1.1311756998640083,-6.607800265825425,-2.5364750667226743,-6.925537812309788,0.07765740689870476,-0.9116215766563563,0.13721419875708074,3.1245247560688476,-0.39079219499696904,-0.5166447798358362
4.337663888931274,-0.6644061301206845,0.6604778385269826,0.14940053081135746,-1.3375850022569589,-1.391579500578148,1.1311651488051695,-6.572660155247981,-2.837831242939685,-6.77315653114808,0.07269128944420195,-0.9141053915943658,0.13422453606995544,3.124514265651367,-0.3908117453204554,-0.5166414419757288
4.339691638946533,-0.6643850717675746,0.6605006050692578,0.14940612014221832,-1.3375846896764472,-1.3915512909600067,1.1311478887545046,-6.4966426544240985,-2.650301994405356,-6.701288837199501,0.07563703649700712,-0.9137016370905577,0.13494137240292509,3.1245032983967285,-0.3908007780658167,-0.5166299978839319
4.341719627380371,-0.6644053045695545,0.6604870805315088,0.14942280901181082,-1.3376133149891123,-1.3915617205024853,1.1311703126019041,-6.687930773992581,-2.660099846339223,-6.548369813800305,0.07156512457443209,-0.9155928982498184,0.1324099137403126,3.1245576578327636,-0.3908198515521448,-0.5166176001178187
4.343747854232788,-0.6644054785728162,0.6604833176210445,0.14941444835265846,-1.3376285300067574,-1.3915627601819118,1.1312014616782975,-6.699124797524174,-2.5484869688842133,-6.741577641481937,0.07321893390768328,-0.9118178980659041,0.1309756423359904,3.1245743471333007,-0.3908045927630823,-0.5166176001178187
4.345775842666626,-0.664402610243723,0.6604983028340514,0.1494418957984607,-1.3375739892874285,-1.3915678833553302,1.1311239161161308,-6.753023519493819,-2.6738943784737175,-6.793248758590802,0.07460650911649187,-0.9177096502563918,0.1339491032911795,3.124558134669922,-0.3908284346209925,-0.5166366736041468
4.347803831100464,-0.6644161910167099,0.6604827230798589,0.1494568258525172,-1.3375464680377476,-1.3915825813308478,1.131161213964134,-6.7838976941203075,-2.5628691227753726,-6.633040522232585,0.07862818668985935,-0.9180905074489495,0.13997880066273258,3.124563379878662,-0.3908045927630823,-0.5166209379779261
4.349831819534302,-0.6644145464280936,0.6604871329467568,0.1494744041722465,-1.3375386569659904,-1.3915778263575727,1.1311123191852133,-6.827811325200285,-2.5959065556899663,-6.504063035755493,0.07694028559885907,-0.9175556214740359,0.14197668159834928,3.124547167415283,-0.39083558717836553,-0.5166209379779261
4.35185980796814,-0.6644024442860867,0.6604969661246282,0.14946018009674955,-1.3375956010970103,-1.3915593810543736,1.1311446494307213,-6.775007658721589,-2.7003062125066464,-6.675339436500826,0.07481122396276789,-0.9122196812088567,0.1412278608952019,3.124591036433838,-0.39082461992372686,-0.5166209379779261
4.353887557983398,-0.6644171887686281,0.6604931577425043,0.149491874999083,-1.337590189493222,-1.3915637740079203,1.1311514417632746,-6.800864515301874,-2.406714407423972,-6.9017747651407175,0.07160505424083627,-0.9114763933716586,0.14653704718619012,3.1246306139179687,-0.3908322493182581,-0.5166004339801233
4.355915784835815,-0.6644230562792833,0.6604879799274505,0.14948617607820514,-1.3376454228452903,-1.3915437885928248,1.1312010862424502,-6.573280379719555,-2.7836253747542825,-6.892311431223364,0.0724976148521281,-0.9111956101545303,0.13907864338582732,3.124649687404297,-0.3908322493182581,-0.5165537039386194
4.357976913452148,-0.6644249450707395,0.6605003928562737,0.14950781652559272,-1.3376291385848955,-1.3915462508738548,1.1311502047961595,-6.561803873912188,-2.9213259928269073,-6.610655360903454,0.07451368781151013,-0.9133524715866368,0.13725138512733298,3.1246701914020996,-0.3908594290362757,-0.5165665785418909
4.360004901885986,-0.6644171898676097,0.6605130459131087,0.14953070302698326,-1.3376152429309571,-1.3915389434385017,1.1311059807767156,-6.73444400596785,-2.5914160084298743,-6.8425545493020365,0.07017564386456802,-0.9127368874881284,0.1460243056102161,3.124673529262207,-0.3908751646624964,-0.5165732542621058
4.362032890319824,-0.6644224828788087,0.6604935390925647,0.1495233877073683,-1.3376108936930162,-1.3915494232602321,1.1311848536781548,-6.64029441590834,-2.7977365837451345,-6.7921647249994646,0.07079331951391854,-0.9181523168165506,0.14277879932152981,3.124678297633789,-0.39082461992372686,-0.5165608564959925
4.364060878753662,-0.6644343258204903,0.6604844438681599,0.14952941279809848,-1.3376445897942133,-1.3915540759011515,1.1311872003099954,-6.675708070828972,-2.9306648862375866,-7.009608747280753,0.07475082149921594,-0.9139322131796018,0.14080431007418426,3.1247097688862304,-0.39085227647890264,-0.5165575186358851
4.366088628768921,-0.6644295637412635,0.6604901323434557,0.14954307196495617,-1.3375872761118268,-1.3915658700360571,1.131135103659806,-6.807003077567861,-2.6057805465876513,-6.713561153175541,0.07472914480248456,-0.9201705385013093,0.15085314879180062,3.124678297633789,-0.39085609117616826,-0.5165837446795862
4.368117094039917,-0.6644364526424216,0.6604985388058412,0.14956066785974634,-1.3376257849677493,-1.3915506090047132,1.1311310266069807,-6.695480487549748,-2.846404680381831,-6.683819060837261,0.07406075115108031,-0.922110522254289,0.14726535957691694,3.1247264581867675,-0.39088327089418584,-0.5165575186358851
4.370144605636597,-0.6644389976591571,0.6604889511916329,0.14957718822910462,-1.3376291390250716,-1.3915458340887066,1.1312206955191388,-6.8991649653360465,-2.5020435530464162,-6.645041743094553,0.07370240404477063,-0.9246936767420787,0.15457202802177822,3.1247660356708984,-0.39082461992372686,-0.516522232686178
4.372172832489014,-0.6644446650264084,0.660485126848508,0.1495439131940999,-1.3376674765488197,-1.3915544436188172,1.131208708333593,-6.693669073287562,-2.899333129160042,-6.886652701118232,0.07118159016138376,-0.9220058642445266,0.14093087026103432,3.124769850368164,-0.39085609117616826,-0.5165460745440882
4.374216318130493,-0.6644463031845245,0.6605058788195947,0.14960506297483073,-1.3376370427107593,-1.39153120675741,1.1311475760893972,-6.707591814527944,-2.839434367936997,-6.726341712364156,0.0691087824961363,-0.9246741693936494,0.14383067242512293,3.1247784334370117,-0.39088708559145147,-0.5165026823626917
4.376292705535889,-0.664446569075792,0.6604997145961619,0.14961612481195352,-1.337612904437198,-1.391550629555017,1.1311262519079799,-6.570506290124802,-2.3688073977153548,-7.035607416281236,0.07468819609372987,-0.9158067064920894,0.15321491902693288,3.1247827249714355,-0.3908904234515589,-0.5165370146380823
4.378319025039673,-0.6644457211605128,0.6604949596304174,0.14962879980871296,-1.33761541304806,-1.3915485037125428,1.1311802300982448,-6.542242682216554,-2.768276264169919,-7.108865437509094,0.07386524710708388,-0.9176878743842709,0.14824251202938354,3.124814673061035,-0.39085227647890264,-0.516522232686178
4.3803417682647705,-0.6644762935202606,0.6604665642274867,0.14963346507284753,-1.3375956081176876,-1.391585354749894,1.1312024439697275,-6.625408368654103,-2.854212122836495,-7.037284848120881,0.07712878332835307,-0.9224422962186939,0.1501662992482296,3.12482659398999,-0.3908603827105921,-0.5165255705462855
4.382363319396973,-0.6644447154617,0.6605079898166971,0.14965124718568046,-1.3376348879504363,-1.391531786258781,1.1311516745634407,-6.576412557422974,-2.838064002974124,-7.013094662759463,0.07069215677894139,-0.9233994727881867,0.14810067395904306,3.1248418527790527,-0.3908799330340784,-0.5165060202227991
4.384409189224243,-0.6644654514889321,0.6604847564430613,0.14965724038903586,-1.337591686991429,-1.3915795541865787,1.1311298062864492,-6.673215975358314,-2.507602262304845,-6.861408744253433,0.06865633383812325,-0.9261089024025401,0.1491767875806629,3.1248432832905273,-0.3908961454974573,-0.516552750264303
4.386467218399048,-0.6644579224827356,0.6605014930613917,0.14967759475498593,-1.3375938756128334,-1.3915498125085617,1.131126365550604,-6.635906926996513,-2.8692218394616975,-6.695948066331192,0.07113164809057086,-0.9343560419008713,0.13996791019675936,3.124842806453369,-0.3908923308001917,-0.5165098349200647
4.388494491577148,-0.6644568370548455,0.6604968914011904,0.14969272642817086,-1.3375647316233292,-1.3915585737633933,1.1311540577485124,-6.684813238051388,-2.52906955700894,-7.072898100062372,0.07106671169309357,-0.9318849713293886,0.1493513336393044,3.1248552042194824,-0.39085704485048467,-0.5165131727801722
4.390516519546509,-0.6644624500848642,0.6604987905481281,0.1497053874656436,-1.3376081267454052,-1.391543312593281,1.1311541312383657,-6.641951126014296,-2.9725313938060602,-6.9175687181666605,0.06865525495660213,-0.9325379654386077,0.13898679265809416,3.1248857217976074,-0.39088470140566045,-0.5164859930621546
4.3925392627716064,-0.6644633528923032,0.6605041895869855,0.14971346931143037,-1.3376198302818951,-1.3915399829557118,1.1311456696708122,-6.822868593846914,-2.591400655605568,-6.949950820607013,0.06947316553442558,-0.9323430720761122,0.14703032396348253,3.124910517329834,-0.3908956686602991,-0.5164859930621546
4.394569158554077,-0.6644523027325165,0.6605100273369479,0.1497148940306532,-1.3376480664821653,-1.3915298581264262,1.1311619070624894,-6.644300858975809,-2.522874667467258,-6.978911647279712,0.07313070581972048,-0.9334011466905836,0.14320667895896017,3.1249419885822753,-0.39088470140566045,-0.5164926687823694
4.396597862243652,-0.6644795938702572,0.6604877811884597,0.14973961012726247,-1.3376162267099883,-1.3915608086887128,1.1311930826131242,-6.73317830074962,-2.5567286664049362,-6.908157590147931,0.07480080057572715,-0.9373365437322408,0.14260947655781,3.124973936671875,-0.3908761183368128,-0.5164859930621546
4.398626089096069,-0.6644860379320536,0.660488595950082,0.14974420385102682,-1.3376222649263048,-1.3915551109565112,1.1311902340949194,-6.69067976818925,-2.8567721441116114,-7.035416728471669,0.07463023892513436,-0.9305430866451028,0.13095565471113896,3.124973936671875,-0.3908885161029261,-0.5164654890643519
4.400653839111328,-0.6644965074025571,0.6604784219234061,0.14977158061093243,-1.3375865260592892,-1.391568153569993,1.131184393594583,-6.810400282133633,-2.480354844962448,-7.065525426791253,0.07230599171931648,-0.9371129212575786,0.1377516690289808,3.1249701219746093,-0.3908885161029261,-0.516458813344137
4.402681827545166,-0.6644946668787353,0.6604797603542587,0.1497777216264324,-1.3375858007509738,-1.3915782698675687,1.1311918433342028,-6.675787426065684,-2.5191860080889805,-7.2629304116846685,0.07316338047349565,-0.9359032822302831,0.1350233335912704,3.12500969945874,-0.3908775488482874,-0.5164840857135218
4.404709815979004,-0.6644742589324057,0.6605045482889399,0.14977859902565732,-1.337606345891052,-1.391554793339295,1.1311458627892956,-6.839919566648324,-2.5301358977021184,-7.018223576260743,0.07713046439459235,-0.9364841167856203,0.13814409544136286,3.1250149446674804,-0.3908961454974573,-0.5164960066424769
4.406737804412842,-0.6644877788594628,0.6605058221066634,0.14980777219005204,-1.3375784746469428,-1.3915692359435288,1.131129925338409,-6.762804233851041,-2.516058063373047,-7.054646752182433,0.0705307126310199,-0.9275612006661128,0.13705397924185192,3.1250530916401367,-0.3909052054034632,-0.5164993445025843
4.408766508102417,-0.6645034035220756,0.6604827370921736,0.14980902992930112,-1.3375981455071684,-1.391566837002605,1.1311714824205252,-6.854131974049529,-2.621156482651192,-6.98699356696646,0.07716054087187463,-0.9275930843913157,0.1288563623643123,3.125030680293701,-0.3909085432635706,-0.5164530912982386
4.410843372344971,-0.6645141366579921,0.6604843970363484,0.14986088098704847,-1.3375526259930113,-1.3915739663287023,1.1311345732400135,-6.820712763260921,-2.331714072622681,-7.030052621016403,0.07658262526584804,-0.9295863763363746,0.12832821781355094,3.1250473695942382,-0.3909242788897913,-0.5164416472064417
4.41287088394165,-0.6645137268147969,0.6604878332940046,0.14986704276062543,-1.3375737868982691,-1.3915817994760136,1.131120953838667,-7.02736463234813,-2.615932144387983,-7.02085873047171,0.07505717992706101,-0.9305485186645281,0.119408150488886,3.1250979143330078,-0.390940014516012,-0.5164721647845667
4.414898872375488,-0.6645138760916124,0.6604828628860183,0.14989671586323067,-1.337551402326239,-1.3915666692690938,1.1311413376184098,-6.9545643107347015,-2.411858432236685,-6.96454067763799,0.07954503496990567,-0.9275118174661234,0.11907835563684754,3.1250712114521484,-0.3909204641925257,-0.5164225737201136
4.416926860809326,-0.6645256346560146,0.6604957285218711,0.1499196662216914,-1.3375431437205525,-1.391579484228509,1.131094613898019,-6.8534776060571,-2.5241528900981174,-6.948791484750441,0.07387002467494636,-0.9272605583171437,0.10755485271836937,3.125133200282715,-0.3909552733050745,-0.5164449850665491
4.418954849243164,-0.6645246760749104,0.6604860467895521,0.14992720601991946,-1.3375398246920203,-1.3915713570742236,1.1311340339880267,-6.931171500680488,-2.23546024520653,-7.159221950628764,0.07325157874622062,-0.9284828986683695,0.11673814991902538,3.125114603633545,-0.39092904726137334,-0.5164139906512659
4.42098331451416,-0.6645206332593233,0.6604963017997012,0.14992270975837027,-1.3376071203988986,-1.3915542049459713,1.131107318408956,-7.047782973261124,-2.5730400558288387,-7.0280994196899345,0.07934480858194354,-0.9331335654848913,0.11638042696775447,3.1251508432575683,-0.39097482362856084,-0.5164173285113733
4.42301082611084,-0.6645079783317923,0.6605067761621255,0.14993909229668323,-1.3375970576554674,-1.3915410659191672,1.1310928936331228,-7.058020332635049,-2.5473484207206982,-6.900102164337127,0.07876388712544258,-0.9288006006923454,0.11041235301395053,3.1251470285603027,-0.3909671942340296,-0.5164139906512659
4.425038814544678,-0.6645310240669444,0.6604908267992456,0.14995878940438126,-1.3375563267599757,-1.3915665832391075,1.131109681268072,-7.13615347145141,-2.0862608666665263,-6.91230663501741,0.07525393932089462,-0.927721440275026,0.10993410650123397,3.1251589494892578,-0.39096004167665654,-0.5164054075824183
4.427066802978516,-0.6645410760324084,0.6604796868813145,0.1499753750429324,-1.3375498508402612,-1.3915809127347394,1.1311256402628938,-7.068144952079193,-2.279565961749281,-7.098289882898346,0.07690739224359275,-0.9236933912680863,0.10047632171230526,3.1251866060444335,-0.3909562269793909,-0.5164087454425257
4.429095268249512,-0.6645474860779901,0.6604607420473131,0.14999290299433643,-1.3374619475349714,-1.391615663722063,1.1311542990401589,-7.155872320737759,-2.2578272731064697,-6.9744850520393324,0.08179199030208706,-0.9291074889938158,0.09724156758445834,3.12516371786084,-0.39090139070619756,-0.5164278189288538
4.431122779846191,-0.6645515799452099,0.6604865769250516,0.1500272108354146,-1.3375264719683364,-1.3915864211315505,1.1311198196608845,-7.31643636267764,-2.5146383129728798,-7.020825288199596,0.0785883450036341,-0.9299653660617917,0.09873733625961163,3.1252571779438476,-0.3909562269793909,-0.516400162373678
4.433151006698608,-0.6645368618463625,0.6604972461963303,0.150038304699027,-1.3375216016679492,-1.3915638746497092,1.1310822145572301,-7.331032987745601,-2.29627323511547,-6.836452115638624,0.08209087958132201,-0.9354304421584301,0.10524318551866127,3.1252152162739257,-0.3909686247455042,-0.5163849035846155
4.435178995132446,-0.6645538004250926,0.6604866419750035,0.15006760713901354,-1.3374988854075756,-1.3915827441052495,1.1310972610335823,-7.478128455286626,-2.3460389740968863,-6.999543603369626,0.07780401973810978,-0.9218454157537195,0.0972698637968315,3.1252547937580566,-0.39096385637392217,-0.5163815657245081
4.437206745147705,-0.6645696740393573,0.6604735939166428,0.15008812252757542,-1.3374936229127898,-1.391592891044872,1.1311077296201113,-7.422130822207064,-1.9744003028576724,-6.811222989409951,0.07855879327547553,-0.9230653907450722,0.0998170461566754,3.1252705293842773,-0.3909724394427698,-0.5163658300982874
4.439234972000122,-0.6645844361963935,0.6604672699152481,0.1501000133484246,-1.337469760530867,-1.391611490103178,1.1310963159085565,-7.377499370455207,-2.161262635381681,-6.973422735544148,0.0850148428686345,-0.9223365119702682,0.09210358152147126,3.1252829271503906,-0.3909834066974085,-0.5163725058185022
4.441262722015381,-0.6645679142045464,0.6604801914112606,0.15009961193141427,-1.337515965422081,-1.3915808435114385,1.1311034392393533,-7.517360910832199,-2.3428185673572375,-6.852448466480248,0.08437912469664591,-0.9246404485997938,0.08906814964642382,3.1252948480793457,-0.3909838835345667,-0.5163543860064905
4.443290710449219,-0.6645818031594177,0.6604688286139354,0.15013408291914407,-1.3374990586033308,-1.3915957147286457,1.131118180313259,-7.489865609745076,-2.3033108992910223,-7.106165843205659,0.08522015268271774,-0.9237752793880147,0.08930585336471077,3.1253339487263183,-0.3909800688373011,-0.5163486639605921
4.445318937301636,-0.6645597968459259,0.6605000994388672,0.15014584715488347,-1.3374963526209727,-1.3915734187578859,1.131055543642122,-7.448820602760394,-2.0993646913794177,-7.24363556240156,0.08607138952455183,-0.925636605029805,0.09409558272944327,3.1253391939350585,-0.39099628130068,-0.5163643995868128
4.447345733642578,-0.6645917662134604,0.6604841815483902,0.15017286567290636,-1.337468517177787,-1.3916048139179935,1.131059485939529,-7.547736377440369,-2.1413256658303834,-7.055728767668223,0.08392027530290963,-0.9271854857681656,0.08964876978622074,3.125382109279297,-0.3910120169269007,-0.5163610617267054
4.449373960494995,-0.6645981911827634,0.6604628241919186,0.15016762428715316,-1.3374839013791566,-1.391605122019789,1.1311355441909832,-7.561618957670116,-2.1227776542893464,-6.973646608943389,0.07873865279215554,-0.9246673859863033,0.0842091704190572,3.125378294582031,-0.39097673097719365,-0.5163300673114222
4.451401948928833,-0.6645998492621542,0.6604736740717088,0.1501900426493249,-1.3375143941016405,-1.3915937085951997,1.1311221191522531,-7.630632252285447,-2.1993713830910884,-6.9743409234700575,0.07950581314402852,-0.9275107061229323,0.08002036635444193,3.1254336076923828,-0.3910000959979456,-0.5163214842425745
4.453429937362671,-0.6645878871061676,0.6604901317402807,0.1502049935919745,-1.337492869871918,-1.3915786420481695,1.1310734270384808,-7.7104836098056335,-2.4309270018241773,-7.081351225989363,0.08726959964185907,-0.9263091194176089,0.07191554448038587,3.12540785848584,-0.3910120169269007,-0.5163181463824671
4.455456972122192,-0.6645962261625183,0.6604756417361504,0.1502076252908708,-1.3375067484984289,-1.3915913569874727,1.1310964646750845,-7.802545637772133,-1.9781040204098213,-6.972503627504663,0.08435615418211773,-0.9300736684743336,0.08386700082153681,3.1254302698322753,-0.3910120169269007,-0.5163248221026819
4.457484722137451,-0.6646071372911725,0.6604788483854971,0.15022960141406136,-1.337515439793983,-1.391582588720194,1.1311012695335654,-7.874435231004211,-1.847696266963533,-7.221682924481177,0.07931391724439572,-0.9272318523838755,0.08640952509998856,3.1254593568989257,-0.39102393785585576,-0.5162909666644495
4.459512710571289,-0.6645980960380637,0.660484264163067,0.15027157095841265,-1.3374914368194486,-1.3915755067109778,1.1311155769370478,-7.87325324886374,-2.1332263814680914,-7.130564103802174,0.08538505267794647,-0.9273845435789357,0.0786884179280195,3.125490351314209,-0.39099246660341436,-0.5162819067584437
4.461540699005127,-0.6646047137129591,0.6604810580850409,0.15025029121525865,-1.3375255599452263,-1.3915801460262955,1.1311013264529606,-8.048817116034291,-2.2212221941788415,-6.768441517035806,0.08557890783293576,-0.9263835168173615,0.07397168255074803,3.125495119685791,-0.3910253683673304,-0.5162943045245569
4.463604927062988,-0.6646155083477849,0.6604804321459232,0.15029326644398278,-1.3375333195695447,-1.3915752045279788,1.1311236646442009,-7.979990359333995,-1.8545554426170558,-7.0108682869272405,0.07939481879208189,-0.91822175992916,0.06957887098524561,3.1255575853535156,-0.39102393785585576,-0.5162633101092737
4.465632915496826,-0.6646194313532223,0.6604760682804096,0.15030026455951284,-1.3374750599509806,-1.3916058739048778,1.1310808121174172,-7.941499021922457,-2.1419591562609974,-7.062179812369973,0.0874520945036759,-0.9197355561158763,0.06320145930495022,3.1255413728901367,-0.3910287062274378,-0.5163095633136194
4.467660665512085,-0.6646166978055077,0.6604909294583127,0.15029486061461503,-1.337515270196929,-1.3915782226373745,1.1310719577525872,-7.888485057152238,-2.01048938541981,-7.062390829525897,0.08280391089685904,-0.9140641991525771,0.06153524037497545,3.125547094936035,-0.39105111757387334,-0.5162771383868616
4.469688653945923,-0.6646397262095773,0.66047811933561,0.15034262501050358,-1.3374269893461155,-1.391617585355738,1.1310448377057163,-7.920003493281991,-2.144934224355818,-7.2006819993875135,0.08500557204094564,-0.9157189727733837,0.05908769842862721,3.12555901586499,-0.39105111757387334,-0.5162919203387659
4.47171688079834,-0.6646230212664039,0.6604953706225498,0.1503783741693791,-1.3374500710256216,-1.3915903416090474,1.1310443347914774,-7.8031722509785375,-2.1147110924919703,-7.28368195101842,0.09015602382022148,-0.9192306516975861,0.061513829539061954,3.1256066995808105,-0.3910439650165003,-0.5162771383868616
4.473744869232178,-0.664659605253644,0.6604619453358821,0.15036737722191892,-1.3374404422287256,-1.3916182952991678,1.131092178574801,-8.035615742173835,-1.921111205771699,-6.858936977453878,0.08815377017548451,-0.9178200097201609,0.05909148941634375,3.12559096395459,-0.3910477797137659,-0.5162466208087366
4.475771903991699,-0.664658218162236,0.6604730697732537,0.1503972811401094,-1.3374112580537492,-1.3916210656510546,1.1310336562511791,-8.055814211876832,-1.7816162231022985,-6.961067232442659,0.08981119093333732,-0.9101652590539777,0.04749273241957342,3.1255995470234375,-0.3910720984088343,-0.5162614027606409
4.477799654006958,-0.6646662508556257,0.6604624607256941,0.15041674678603953,-1.337401347130446,-1.3916336925472588,1.1310609101019762,-8.362516559451217,-1.7418905946086747,-6.575883268655547,0.08835589930053339,-0.9178721082510835,0.04085567772958474,3.125631018275879,-0.3910563627826136,-0.5162614027606409
4.479827880859375,-0.66466285535903,0.6604669555723609,0.15042046100389297,-1.3374452135225792,-1.3916110037355254,1.1310616571779422,-8.056039280047612,-1.8135843444866375,-6.884854287891504,0.09094702973320179,-0.9121682072606485,0.03643949487617972,3.1256391245075683,-0.3910754362689417,-0.5162342230426233
4.481855869293213,-0.6646518724612204,0.6604708653061327,0.15041305610831057,-1.337479162857664,-1.3915897414875864,1.1311335306082146,-8.185115793807718,-1.6368837807591565,-6.996484659135112,0.0890271249143273,-0.9146290350335016,0.04007856061807187,3.1256672578999023,-0.3910287062274378,-0.5162070433246058
4.483883619308472,-0.6646762558195509,0.6604458531423739,0.15043446698180624,-1.337467940088414,-1.391623259125911,1.1311514319481046,-8.043838642407113,-2.076119267191657,-7.156024415291015,0.09331137125357887,-0.9209745190966225,0.03825495204798947,3.125706358546875,-0.39103681245912725,-0.5162189642535608
4.485912084579468,-0.6646571211316721,0.6604883172721271,0.15044120953961024,-1.3374780111667777,-1.391585633535123,1.1310694227469127,-8.031902549235694,-1.682789854250747,-7.1541309168218525,0.0909393629283593,-0.917022591056845,0.039240849037879465,3.1257030206867675,-0.3910754362689417,-0.5162103811847132
4.487938642501831,-0.6646867209631895,0.6604675770568809,0.15046789525449017,-1.3374756670669519,-1.3916087702770084,1.13109548249694,-8.168081246431344,-1.6317284660629126,-6.836892630932458,0.09813672875820746,-0.9150105529124737,0.031696137545521114,3.125751181239746,-0.3910873571978968,-0.5161946455584925
4.489965915679932,-0.6646929752209747,0.6604547106233476,0.15048852287405545,-1.3374538182956832,-1.3916237049242328,1.1310974368543594,-8.317770317721424,-1.5127225257913912,-6.687946029085722,0.09160464979135419,-0.9171074911507379,0.02896671451554308,3.1257545190998535,-0.39108401933778936,-0.5162013212787073
4.49199366569519,-0.6646815487432233,0.6604788101932568,0.15048304016625547,-1.3374831001587062,-1.3915951134240718,1.1310493306381484,-8.249993660717516,-1.635535582596129,-6.8141805149688945,0.09702705594212183,-0.9157212184605236,0.02567042642403644,3.1257473665424804,-0.3911188284503382,-0.5161898771869105
4.494021892547607,-0.664695150766092,0.6604540844569167,0.15052068869533586,-1.3374300370861902,-1.3916257626472794,1.1311160303112247,-8.295330258120552,-1.533929770323412,-6.793236328547252,0.0951553598135201,-0.9170395786824046,0.02541219073552939,3.125783606166504,-0.3910611311541956,-0.5161898771869105
4.496049880981445,-0.6647022082333119,0.6604657246288542,0.1505243122847315,-1.3374701966884301,-1.3915999584578933,1.131084744149964,-8.096596309864887,-1.604483742148493,-6.694706788358193,0.09529842657278398,-0.9196321365095881,0.029216557729129143,3.125783606166504,-0.39111119905580694,-0.5161469618426722
4.498077869415283,-0.6647131550596915,0.6604569861354264,0.1505347671760814,-1.3374615681877773,-1.3916212066942935,1.1310964834867545,-8.063421216878911,-1.3915410076859507,-6.983186727344968,0.09421723731148735,-0.910017716526037,0.03450877737378773,3.1258231836506347,-0.3911078611956995,-0.5161660353290003
4.500105857849121,-0.6647004593707988,0.6604789024533501,0.15052952777480394,-1.3375470178742843,-1.3915837546804177,1.131079122155482,-8.161747742469824,-1.854451437459014,-6.636499750793646,0.09784677401992213,-0.9167872776559711,0.02569993842152054,3.125866098994873,-0.39114600816835576,-0.5161502997027796
4.502133846282959,-0.6647138452332725,0.6604667613290027,0.15055391456484524,-1.3374955552026122,-1.3916095444055803,1.1311154405200534,-8.067101043554615,-1.496202716824269,-6.797199036178792,0.09203211328163763,-0.9141348403065704,0.025764990995015342,3.125894232387207,-0.3911078611956995,-0.516153637562887
4.504161834716797,-0.6647132858435933,0.6604653253213575,0.1505705091101253,-1.3374355723252682,-1.3916246095665705,1.131075301388206,-7.894855383404053,-1.5742027551844173,-6.827743243501392,0.09582695859354642,-0.9120978427776533,0.024733382964501612,3.1258589464375,-0.3911078611956995,-0.5161727110492151
4.506189823150635,-0.6647270464177836,0.6604679639961407,0.15059968049756128,-1.3374340688184436,-1.3916185277788162,1.1310665913264046,-8.026869091525409,-1.8536742473508248,-6.869497505691665,0.09407359965475068,-0.9191868749526267,0.02347246079606729,3.1258832651325683,-0.39112788835634404,-0.5161383787738245
4.508217811584473,-0.6647169040317438,0.6604692113201912,0.1505727274434278,-1.337532100635586,-1.391589518923915,1.131134527165302,-7.956758251097871,-1.5676751419552595,-7.0554934287798545,0.09235238693606454,-0.91801616855307,0.03364580179979466,3.1259261804768066,-0.39111644426454717,-0.5161145369159144
4.510244846343994,-0.6647253386974437,0.6604728408004741,0.15063116872739585,-1.3374827859848186,-1.3916013627250725,1.1310952641122445,-7.912117395545168,-1.8048286555576827,-6.821425412546016,0.0958443166623047,-0.9162737555093454,0.029270414861008343,3.12596242010083,-0.39112788835634404,-0.5161178747760218
4.512273073196411,-0.664719665572366,0.6604839950207599,0.15062823391169067,-1.33748147498077,-1.39158638793844,1.1310806815761496,-7.827710142502509,-1.5229129114277187,-6.829751966551941,0.08674024481818687,-0.9136418556735029,0.027112469605751633,3.125943346614502,-0.39113170305360967,-0.5161026159869593
4.51430082321167,-0.6647431709354612,0.6604501911930905,0.15062080499425565,-1.3374880817471793,-1.3916089259763962,1.1311526478948493,-7.917872432506559,-1.730887306502435,-6.805777927733988,0.09355296554944616,-0.9150438304547865,0.02798918397057729,3.1259466844746093,-0.39111262956728154,-0.516083065663473
4.516365051269531,-0.6647449261584139,0.6604676789533921,0.15065257067671123,-1.3374665373035857,-1.3916087921926408,1.13107057076003,-7.838006609265096,-1.7886560052163825,-6.801556920258379,0.09349318502211194,-0.9189274013203006,0.03396993136088061,3.1259633737751464,-0.39115935960878545,-0.5160968939410608
4.518412828445435,-0.6647437814084766,0.6604465111873743,0.15064809949090452,-1.3374570417209084,-1.3916251333487513,1.1311575424807383,-7.706414970810689,-2.106151570413877,-6.81613490741654,0.09501885898660237,-0.9263753270225907,0.03379662252797888,3.125979109401367,-0.3910930792437952,-0.5161040464984339
4.520457983016968,-0.6647289740088452,0.6604832749847436,0.15064270845448796,-1.3375294804762432,-1.391569134189507,1.1311106891101836,-7.683243710442469,-1.6140099486656216,-7.02100663435835,0.09030340230008327,-0.9179600516997113,0.04435625429042241,3.125987692470215,-0.39114410081972295,-0.516059700642721
4.522485971450806,-0.6647434314369945,0.6604687764969049,0.15064547045018828,-1.3375561144621244,-1.3915784060854193,1.1311448485437665,-7.7172259659002265,-1.7934229203408123,-6.649207528871868,0.09480868661921382,-0.9268004268418554,0.04871713407533638,3.12602345525708,-0.3911483923541468,-0.5160511175738733
4.5245139598846436,-0.6647777367150935,0.6604488641111109,0.15069372323500263,-1.337448173258683,-1.3916345083634083,1.1311197979061112,-7.544939800630898,-1.4274250853349504,-7.038435501209079,0.09436702131367125,-0.91810311295744,0.0460019197420896,3.1260391908833007,-0.3911483923541468,-0.5160730520831507
4.526541709899902,-0.6647531018637245,0.6604699342588902,0.15069156988062835,-1.3375162292885951,-1.3915839387932087,1.1311106861696605,-7.370834668876369,-1.8969502790664938,-6.792602573887967,0.0937190580872069,-0.922892822891841,0.04186172520852318,3.126035376186035,-0.3911641279803675,-0.5160391966449183
4.52856969833374,-0.664752140810765,0.6604612695182922,0.15069868541996984,-1.3374661491085786,-1.39160741757488,1.1311446408702523,-7.36093834732502,-2.039357686240587,-6.696687748544647,0.09002117474121835,-0.9233943247019972,0.04249236588734756,3.1260439592548828,-0.39111310640443975,-0.516064469014303
4.530597925186157,-0.6647699944164357,0.6604571844495862,0.150697483182262,-1.3375219445616293,-1.3916058091384191,1.1311414755965412,-7.39506163315461,-1.8038939325403605,-7.072169564397971,0.0918561971595735,-0.9218371914378114,0.056941567955744704,3.1260873514362792,-0.39116031328310186,-0.5160492102252405
4.532625913619995,-0.6647724941617903,0.6604626310424535,0.1507146220412925,-1.3374737461389838,-1.3916133828049633,1.1311154251103566,-7.278327543140666,-1.8678437613828365,-6.983796811869558,0.08844839095509109,-0.9286308889127933,0.05621753934487257,3.1260763841816406,-0.39115697542299444,-0.516052548085348
4.534653902053833,-0.6647752857061104,0.660470864874182,0.15074785488483022,-1.337486483377617,-1.3916033843698796,1.1311205125158081,-7.314006800378407,-1.9613437496722388,-6.759434403296595,0.09579687393938005,-0.9365370457037362,0.05918158818015514,3.126133604640625,-0.39116031328310186,-0.516033951436178
4.536681890487671,-0.6647636875630297,0.6604759442715114,0.15071845785206572,-1.3375306635757578,-1.3915917407373068,1.1311321185654164,-7.107049897269867,-1.9549133323862375,-6.942994496487523,0.09266185520262626,-0.9272477900383923,0.062101756515662083,3.1261355119892578,-0.39116031328310186,-0.5160444418536585
4.53870964050293,-0.6647718970673862,0.6604665255663977,0.15072111931886467,-1.3375494415254174,-1.3915895726445373,1.1311391452435617,-7.109758874030065,-1.9298740931918374,-6.893161436574827,0.09266994993356148,-0.924923761811824,0.06002359783789075,3.126131697291992,-0.39117604890932256,-0.5160253683673304
4.540737867355347,-0.6647847210212967,0.660464624150446,0.15077057662341803,-1.3374906339396564,-1.3916099596900016,1.1311106905988746,-7.131236124782989,-2.1221561443339425,-6.884642534038328,0.08705721127970723,-0.9276553121781577,0.0627386637148368,3.126159353847168,-0.3911798636065882,-0.5160320440875452
4.542765855789185,-0.6647922142377352,0.6604526897954451,0.150749737228826,-1.3375606370476532,-1.3915940239956042,1.1311882225908625,-7.133867436740472,-2.0927976882783197,-6.960438560997014,0.0842071396844423,-0.9294205779488252,0.06394504522630783,3.126183195705078,-0.3911688963519495,-0.5159881750689905
4.544793128967285,-0.6647848444744779,0.6604697456586291,0.1507572131200269,-1.3375560607308081,-1.391582111395125,1.1311700963242766,-6.917858482630183,-1.813670245039996,-7.251186227930237,0.08054288358296635,-0.9287480253485876,0.07896025452383588,3.1261955934711914,-0.3911688963519495,-0.5159857908831995
4.546819686889648,-0.6647915223296357,0.6604726748790802,0.15077373723225457,-1.3375525897516636,-1.3915890161043356,1.1311066480104865,-6.847695737486438,-2.10767634781664,-7.0134621498699525,0.09207625109170965,-0.9297683761854607,0.0729577749638862,3.126199885005615,-0.39121896425356084,-0.5160015265094202
4.548847913742065,-0.6648061867943853,0.6604616155004355,0.15079795443684488,-1.3375522246351057,-1.391596373924981,1.1311799801402582,-6.8016652286529276,-2.2647232058266766,-7.056924615546498,0.0903043886783466,-0.9320959704505326,0.07669341889846387,3.126262827510498,-0.3911808172809046,-0.5159738699542444
4.550875902175903,-0.6648063794518003,0.6604629888397322,0.15080542658594553,-1.3375104611512203,-1.3916056561784782,1.1311475493498422,-6.808437199967956,-2.3300833889558565,-7.154860427572258,0.08685500153271597,-0.9306582440063085,0.08459964350578986,3.126234694118164,-0.391184155141012,-0.5159857908831995
4.552903890609741,-0.6647937981978205,0.660486634096748,0.15079562198203217,-1.3375894424084405,-1.3915604703432887,1.1311370828818816,-6.736122011005051,-2.325647682100265,-7.197262294589468,0.08460286100810581,-0.9361080129166994,0.08647063464260897,3.126255674953125,-0.3912156263934534,-0.5159500280963343
4.554931879043579,-0.6647954476649617,0.6604777367757915,0.1508084221077967,-1.337604323652482,-1.391549691656906,1.1311764775021003,-6.77580123281128,-2.2023088217540767,-6.931588875075201,0.08950839908281898,-0.9391234892489685,0.08678461097721318,3.1262590128132324,-0.3912003676043909,-0.5159156958209437
4.556959867477417,-0.6647926537116278,0.6604828112894409,0.15082461903605154,-1.3375877309953272,-1.3915548524286625,1.1311431743975626,-6.810956276111941,-2.2527261499482396,-6.989228048401399,0.08545881896121688,-0.9348898971012148,0.08538963759651853,3.12626759588208,-0.3912118116961878,-0.5159347693072718
4.558987617492676,-0.6648049699726459,0.6604676402106001,0.15083401640377936,-1.3375279921052727,-1.39159860063842,1.1311596763551415,-6.693789506729588,-2.2275066752932164,-6.971533593406764,0.0810036861160552,-0.9369345028078623,0.08257612329240388,3.12629143773999,-0.3911808172809046,-0.5159791151629847
4.561014652252197,-0.6648056948424518,0.6604738537430388,0.15083157190338087,-1.3375845451948385,-1.3915716195828012,1.1311783337312578,-6.608741554130606,-2.421042040711807,-7.148526718012535,0.08568785762573909,-0.939948005807971,0.09189126023055592,3.126311941737793,-0.3911965529071253,-0.5159381071673792
4.563041687011719,-0.6648359175213205,0.660453373489264,0.15085595912601538,-1.3375631646403696,-1.3915959276857455,1.1311942647301978,-6.623033534801549,-2.2529321264520052,-7.195224657244216,0.08332284012683686,-0.9447546449389072,0.09958431900690952,3.1263348299213867,-0.39120799699892217,-0.5159190336810511
4.565069913864136,-0.6648132161852631,0.6604751735097144,0.15085201625074912,-1.3376079487913677,-1.3915491067366856,1.1311978219360843,-6.555022975544009,-2.4271047537536434,-7.163567860583752,0.08779964243889182,-0.9472007167795939,0.09946461440937578,3.126323862666748,-0.39120465913881475,-0.5158804098712366
4.567097902297974,-0.6648225570425732,0.6604651694387769,0.15085409803470173,-1.3375817081017871,-1.3915796460170804,1.1311809773512123,-6.648334725093312,-2.2196455762554126,-7.330206031868635,0.07959477083335612,-0.9422521517408093,0.10198687383094258,3.126335783595703,-0.3912118116961878,-0.5159209410296839
4.569158554077148,-0.6648044141943361,0.6604907613079886,0.15085776723914965,-1.3376288764387085,-1.3915517779979139,1.1311842014208413,-6.625901762830243,-2.049009879477782,-7.0529072403940205,0.08126033933437157,-0.9434022721000719,0.10099433895909679,3.1263949114033203,-0.39120799699892217,-0.5159209410296839
4.571186780929565,-0.6648159636430723,0.6604745040330717,0.1508618228438674,-1.3376291640461064,-1.3915584428024834,1.1312110130510027,-6.53799016174065,-2.3015869465165886,-7.229466632795376,0.08200264506382457,-0.9342952629267453,0.09758732738884184,3.126387758845947,-0.39120465913881475,-0.5159018675433558
4.573215007781982,-0.6648293073255536,0.6604706575937439,0.15090201942657938,-1.3375624741216199,-1.3915725867110096,1.1311970866073018,-6.575739910600939,-2.7006224082306804,-7.140968123001434,0.08407382166370533,-0.941165077354008,0.0946799501415423,3.1263839441486816,-0.3911970297442835,-0.5158870855914515
4.57524299621582,-0.6648233518092621,0.6604727810890157,0.15088678448710988,-1.337611352112007,-1.3915596018822356,1.1311754515732355,-6.574116807844931,-2.7775708033901934,-7.255210710034017,0.08412691083835877,-0.9425007912323113,0.09946392902141304,3.1263767915913085,-0.3912313620196741,-0.5158904234515589
4.577271223068237,-0.664835742649657,0.6604621335469703,0.1508896404949982,-1.3376144941297576,-1.3915696499374042,1.1312273698890658,-6.523426782241366,-2.3867762389853446,-7.43520545043181,0.08088662818596581,-0.9393212444095016,0.10560349430510603,3.1264116007038574,-0.39120799699892217,-0.5158780256854456
4.579298734664917,-0.6648346282106085,0.6604747397222956,0.15088249356919112,-1.3376749885405523,-1.3915539123864409,1.1311856342169067,-6.469409230705488,-2.5551031792577197,-7.319640016652306,0.08109314770979723,-0.9422109633762739,0.10502892968252497,3.126439257259033,-0.39126378694643194,-0.515881363545553
4.581324100494385,-0.6648467563825241,0.6604707505244812,0.15091446439492787,-1.3376369063072644,-1.3915607731264177,1.131169780315573,-6.5568270165687075,-2.4383132027252414,-7.052126418673668,0.08256487744650558,-0.950508997644634,0.10389954779639977,3.1264359193989257,-0.391270939503805,-0.5158627668963831
4.583353042602539,-0.6648358043978424,0.6604748842678507,0.15092534977666758,-1.3375957563515228,-1.3915662792015466,1.1311880514454222,-6.667068345896643,-2.5808726374730226,-7.053722742251279,0.08162852799141643,-0.9569309685210149,0.10296741914421238,3.1264402109333496,-0.3912246862994593,-0.5158780256854456
4.585381746292114,-0.6648537532216466,0.66046334778069,0.1509324110326235,-1.3376232527836083,-1.3915726497897045,1.1312014278178597,-6.485510461875032,-2.5544365411603436,-7.401886431139988,0.07957098084984332,-0.9491459794483644,0.10429872657359623,3.126471682185791,-0.39124805132021123,-0.5158627668963831
4.587409734725952,-0.6648439052702666,0.6604817435106156,0.15093361655582088,-1.3376642422151717,-1.3915463358338527,1.1311740318432502,-6.748415390840381,-2.2366342439202525,-7.000952202269726,0.07879393182004364,-0.9588581758733321,0.11919862283600956,3.1264869409748535,-0.391275707875387,-0.515850845967428
4.589449644088745,-0.6648564587250303,0.6604593837293441,0.15093839252050975,-1.3376257556990483,-1.391579423183234,1.1312158475358973,-6.685092534908083,-2.396344183211588,-7.0236737945971,0.0780327348632457,-0.9544360137022859,0.11065147589001512,3.1264960008808593,-0.3912408987628382,-0.515869442616598
4.591487407684326,-0.6648405082267128,0.6604812591378499,0.15096176088913388,-1.3376042257567216,-1.3915565322488834,1.131172660432836,-6.55552732632898,-2.6216495271519786,-7.143845687619018,0.08417201468378951,-0.948106509071857,0.1049504383115569,3.1264797884174804,-0.3912442366229456,-0.5158575216876429
4.593510627746582,-0.6648388072588461,0.6604911279382674,0.15095357405123502,-1.3376718057298307,-1.391533903839258,1.131181627199867,-6.625657138723367,-2.1804531650754275,-7.238718562013186,0.07844427447698123,-0.9468930660784416,0.11050252369300748,3.1265198427387695,-0.39126712480653936,-0.5158384482013147
4.595531702041626,-0.6648581075205872,0.6604679138434089,0.1509649107123647,-1.3376241160462556,-1.3915717212573366,1.131194406623912,-6.615918779918242,-2.501729626390052,-7.3021578795634685,0.08054924844855713,-0.9473234623396727,0.10692972636312617,3.1265198427387695,-0.3912561575519007,-0.5158575216876429
4.597550868988037,-0.6648631947652619,0.6604774374866762,0.15099252040381203,-1.3376322612653972,-1.3915605016153794,1.1311674847014053,-6.507836433872626,-2.5053004434516,-7.193029688057549,0.07763139816560181,-0.9530380461584397,0.11193084802758888,3.126547022456787,-0.39128381410707647,-0.5158370176898401
4.59956955909729,-0.6648510831487557,0.6604845584748136,0.1509628079547914,-1.337711632209812,-1.3915253569746782,1.1311948469479536,-6.68711166794855,-2.2720754751291934,-7.047575134847728,0.07735708453535066,-0.9635946300479599,0.11087992316225742,3.1265436845966796,-0.3912919203387659,-0.5158065001117151
4.6015894412994385,-0.664865263014826,0.6604748711398601,0.15098660832914784,-1.3376608003989057,-1.391551535325392,1.1311913622977199,-6.636270704702672,-2.512016296347822,-7.290677425789707,0.08019593064852538,-0.9585080981236964,0.10746213705470037,3.1265556055256347,-0.39128381410707647,-0.515817944203512
4.603611946105957,-0.6648633698913948,0.660470287783546,0.15099512010725719,-1.3376327696546035,-1.3915626711242624,1.1312078108451278,-6.554107667819073,-2.4275854757930544,-7.237361208645642,0.08698664497067043,-0.9541522865532476,0.1054452098174674,3.1265598970600585,-0.3912561575519007,-0.5158303419696253
4.605639934539795,-0.6648757294106653,0.6604703542478472,0.15101732577242544,-1.337636919851544,-1.3915650919464546,1.1311998293947307,-6.5082915388932365,-2.5357007529844857,-7.391966821068099,0.0763702718454983,-0.9459185997886232,0.09870903820108486,3.1265951830097656,-0.391275707875387,-0.515817944203512
4.607667922973633,-0.6648860620831704,0.6604620675663752,0.15102846994599506,-1.3376607364136852,-1.391562434373288,1.1312221669153555,-6.5377792143121365,-2.348084405135933,-7.050855800957194,0.08116392151525198,-0.9549072000753789,0.10591632856866796,3.1266190248676757,-0.39128381410707647,-0.5157941023456019
4.609695911407471,-0.6648833820373933,0.6604585343850478,0.15102984987510715,-1.3376686150826782,-1.3915579020992372,1.1312108061049713,-6.559687497242535,-2.46785432483773,-7.2938979654909755,0.08520492271687925,-0.95274782603114,0.1047794736859118,3.1265999513813476,-0.39129573503603154,-0.5157907644854944
4.611723899841309,-0.6648926517262519,0.6604542743606597,0.15106495294229796,-1.3376258047621323,-1.391568073490068,1.1311968307590277,-6.593651379399882,-2.335674472313268,-7.306185677365632,0.07828016023466346,-0.953329921809014,0.10725442562274842,3.126603289241455,-0.39129573503603154,-0.5157821814166468
4.613751649856567,-0.6649078166312338,0.6604449058787037,0.1510634964140246,-1.3376160018759542,-1.3915961392579583,1.1312231594051227,-6.6541756242324315,-2.3358597019807354,-7.111773194116717,0.08601325951766438,-0.954782576668183,0.10300553779401658,3.1266519266315917,-0.39128381410707647,-0.5158065001117151
4.615779876708984,-0.6648771479235089,0.6604874853697117,0.15106822019075344,-1.3376623252754412,-1.3915460589266706,1.1311546523551232,-6.672163579677628,-2.4721174274821345,-7.2014508819393175,0.08338209731166428,-0.957090728926192,0.09868734822401404,3.126660032863281,-0.3913195768939417,-0.5157998243915003
4.617807865142822,-0.6648682322596127,0.6604839012701192,0.151057708863413,-1.337711718866829,-1.3915286562928146,1.1312058395090245,-6.6972403294608505,-2.1934275102092884,-7.352499590253102,0.08034778097978774,-0.9533059210153932,0.10313002448381234,3.126675768489502,-0.39129954973329717,-0.5157821814166468
4.61983585357666,-0.6648919515438946,0.6604684364333485,0.15109944331311734,-1.3376242178397724,-1.391563670689991,1.1311932008941192,-6.5937296096646545,-2.308055834280672,-6.970385381595651,0.08295117314927064,-0.9634277902812012,0.10129545895028794,3.1266719537922363,-0.3912919203387659,-0.5157821814166468
4.621896028518677,-0.6649109210450609,0.6604603274983873,0.15108033741082283,-1.337681180478055,-1.391570908253451,1.1311759501777712,-6.704677222980249,-2.2890408077814337,-7.209299007790168,0.08179065943631053,-0.961292687048381,0.1005473746475856,3.1266962724873046,-0.3913510481463831,-0.5157855192767542
4.623924255371094,-0.6649114689537797,0.6604631097075363,0.15111202573456953,-1.3376302109662033,-1.3915724412622958,1.131181134540054,-6.484879236754002,-2.405472210803873,-7.07939182560393,0.085425632963515,-0.9613985384416749,0.09964828507231879,3.1266962724873046,-0.3913233915912073,-0.5157702604876917
4.625952959060669,-0.6649017384253506,0.6604681027827667,0.15113774857673734,-1.3376358959990053,-1.3915579774498277,1.1312027269358749,-6.683308321661632,-2.4920366105796865,-7.055975849828888,0.08032192046159276,-0.9595345962615337,0.0906385666734025,3.1267239290424804,-0.3913009802447718,-0.5157550016986292
4.627980709075928,-0.6649130700728597,0.6604673458301671,0.15114173628208133,-1.3376548476443602,-1.3915512265412275,1.131201944364084,-6.66327043561534,-2.3205869762732068,-7.244428449307565,0.08411755367199458,-0.9561518789627587,0.0940838387185299,3.12673203527417,-0.3913233915912073,-0.5157273451434534
4.630007743835449,-0.6648975853999106,0.6604840445110728,0.15117384503335027,-1.3376143654837624,-1.3915501549472493,1.1311318449956531,-6.520542419206647,-2.2720207561462233,-7.423007567320858,0.08770576523974642,-0.9551980769332872,0.09444390274241594,3.1267282205769042,-0.3913357893573206,-0.5157583395587366
4.632035970687866,-0.66493289089399,0.6604479268501893,0.15117966678249176,-1.3376446533084712,-1.3915766889734345,1.131249642960732,-6.610374466536035,-2.108960975989744,-7.417723970055846,0.0839501580267289,-0.9524812271934199,0.09691922783128053,3.1268064218708496,-0.3913043181048792,-0.5157273451434534
4.634063720703125,-0.6649143223238287,0.6604696532280684,0.15118323796519426,-1.337605251132469,-1.3915644202987427,1.1311735729021772,-6.762506044890535,-2.209451554743203,-7.29555057891758,0.08448997357574656,-0.9548615409148004,0.09590673786310512,3.1267520624348144,-0.3913195768939417,-0.5157430807696741
4.636091947555542,-0.6649303800190913,0.6604624476759048,0.15119606479720873,-1.3376172549396963,-1.3915718498529024,1.1311662508394618,-6.876055965493326,-2.4561030296143813,-7.083826854903845,0.08371953125688084,-0.9623380142758361,0.08845408327897332,3.1267763811298828,-0.3913477102862757,-0.5157340208636683
4.638127088546753,-0.6649107164740012,0.6604773284160017,0.15117441187962638,-1.3376942488144843,-1.391535540607764,1.1311831201941696,-6.77608616889294,-2.341845954398485,-7.2869478418898455,0.08783759683948328,-0.9535502600668518,0.0877032371895351,3.1267921167561035,-0.3913520018206995,-0.515719238911764
4.640155553817749,-0.6649057515130993,0.6604934091486584,0.1511827366486277,-1.337685611422941,-1.3915308846078533,1.1311444150534358,-6.7083255653872715,-2.2833921686216163,-7.383893359622492,0.08308434728272926,-0.9520869159973734,0.08919937833998767,3.1268040376850585,-0.3913667837726038,-0.5157306830035608
4.642212867736816,-0.6649351879660677,0.6604449067593402,0.15119165053284614,-1.3376726892231783,-1.3915639001616513,1.1312640806268082,-6.842885415293048,-2.2253312381291974,-7.098578070621347,0.0850279507267447,-0.9640706185540079,0.09356658045607433,3.1268197733112792,-0.39131242433656865,-0.5157001654254358
4.644240856170654,-0.6649302417841214,0.6604690944362093,0.15123693424646498,-1.3376219763599755,-1.3915593331390939,1.1311738022304378,-6.700604082272559,-2.258527005014691,-7.554621389468655,0.08173193387363599,-0.95679876841766,0.09081327555977906,3.1268245416828613,-0.39134389558901006,-0.5157101790057581
4.646268844604492,-0.66494162163552,0.6604610266768409,0.1512287009580019,-1.33763576987233,-1.3915884837219568,1.1311554091631217,-6.7639049983553665,-2.406833684176269,-7.415681780102201,0.08396031414433358,-0.959904512945675,0.08639862822003788,3.1268679338642578,-0.39137155214418584,-0.5157602469073694
4.64829683303833,-0.6649290579415943,0.6604642801559661,0.15125116123968585,-1.337652973824049,-1.3915571507604698,1.1312029171086242,-6.874747683403684,-2.3468607874354603,-7.486250660356156,0.0793419120127495,-0.9573151127769549,0.08660259818083087,3.12687270223584,-0.391336743031637,-0.5157101790057581
4.6503236293792725,-0.664948478007898,0.6604552059469214,0.15124931495291807,-1.3376649854844056,-1.391565276455584,1.1312023811000318,-6.908954859357668,-2.267867568279854,-7.460971500589756,0.08468533827550198,-0.9482803349045037,0.08610371898645444,3.126880331630371,-0.3913639227496546,-0.5156949202166956
4.6523518562316895,-0.6649484623135835,0.6604586576730294,0.15127626327013105,-1.3376365178981862,-1.3915591414424402,1.1312120582607912,-6.926135507463482,-2.2813620264275247,-7.556863945548902,0.08010871999737955,-0.9547603485705825,0.08119644153669059,3.1268841463276367,-0.39134389558901006,-0.5156710783587855
4.654417037963867,-0.6649386194498139,0.6604826907988975,0.15128983573175156,-1.33764532393921,-1.3915569895604445,1.1311388438882262,-6.958646463333539,-2.3422634972465683,-7.354385629501178,0.08585291757700318,-0.9611795375923925,0.0861776111816226,3.1269280153461914,-0.3913834730731409,-0.5157135168658655
4.656444787979126,-0.6649509528290516,0.6604680427327169,0.1513028027015298,-1.3376143369970381,-1.3915749184098527,1.131134908634276,-6.897638856602234,-2.190702788777526,-7.545128623245591,0.08714626667507128,-0.9549287964182642,0.0931754154549123,3.1269122797199707,-0.39138681093324834,-0.5157135168658655
4.658472776412964,-0.6649470836164428,0.6604708381009825,0.15130985846473224,-1.3376294191821418,-1.3915669814246947,1.131159685930697,-6.751828003755728,-2.2323544489531866,-7.383029745263668,0.08421498308526561,-0.952835097751996,0.08771369324939643,3.1269399362751464,-0.39137155214418584,-0.5157049337970179
4.660501003265381,-0.6649599508324329,0.6604633885591547,0.15134438258505226,-1.3376197457604242,-1.3915667391731468,1.1311592958215193,-6.688486017436449,-2.1694545054581065,-7.461434764677472,0.0815477070613053,-0.9551599756146152,0.0851380926784611,3.1269518572041015,-0.3913834730731409,-0.5156744162188929
4.662528991699219,-0.664966527508966,0.6604599240441706,0.15133350566963083,-1.3376011716734248,-1.3915818291037614,1.1311543674451763,-6.960051786368816,-2.154896507834796,-7.508232884528223,0.0784993788342712,-0.9597958793404368,0.08401893686339759,3.1269442278095703,-0.3913834730731409,-0.5156896750079554
4.66455602645874,-0.6649677723322109,0.6604588504779081,0.1513548489407981,-1.3376324469976182,-1.3915719562603073,1.1311614277735134,-6.891320157465001,-2.179828600132951,-7.5101986479521905,0.08370247688613806,-0.9591830981831084,0.08660903691026399,3.1269804674335937,-0.3913958708392542,-0.5156744162188929
4.666583776473999,-0.6649874810223699,0.6604396584050607,0.15136763797865113,-1.3375770418461603,-1.3916019853631634,1.131177556147668,-6.835805875870982,-2.45588535667188,-7.25768448934372,0.08650408328167525,-0.956751055137218,0.08047949183866786,3.126969023341797,-0.3913796583758753,-0.5156744162188929
4.6686110496521,-0.6649647467810342,0.6604613601489807,0.1513861759686335,-1.3375762516080154,-1.3915785337272897,1.1311471453432844,-6.9703663622426495,-2.1948554299664877,-7.430584309889887,0.08425922086377982,-0.9525010696753667,0.08087697146408276,3.1269733148762207,-0.39137584367860967,-0.5156777540790003
4.670640230178833,-0.664991357227461,0.6604478494311946,0.15142659371726033,-1.3375669738344533,-1.3915926596044959,1.1311841534574163,-7.074031893425635,-2.2707816174785176,-7.27889226043722,0.08412908849591669,-0.9597549401264386,0.07724903268757034,3.1270362573811035,-0.39137250581850225,-0.5156467596637171
4.672670602798462,-0.6649875316781915,0.6604566747123922,0.15142406990189894,-1.3375798437191675,-1.3915901186660804,1.1311364419771162,-7.009074600446156,-2.025259624760026,-7.603460349970817,0.08324583164974914,-0.9504520751460045,0.07866191676894635,3.1270362573811035,-0.3914073149310511,-0.5156658331500452
4.674727916717529,-0.6649863729258775,0.6604616305832866,0.15143708389936722,-1.3376065188740625,-1.3915700401640292,1.1311541804584053,-6.936052009259345,-2.2654026701947263,-7.4092261515673,0.08804501085786257,-0.9511283368710725,0.07715890725381072,3.127056284541748,-0.3914073149310511,-0.5156319777118128
4.676760673522949,-0.6649830515766885,0.6604569080121053,0.15144623844805796,-1.33761792992379,-1.391571947173176,1.1311784020887996,-6.980308216903758,-2.2026423548951395,-7.530940579210944,0.08268204363240356,-0.9535239924060264,0.07801473555141816,3.127084417934082,-0.3913920561419886,-0.5156386534320276
4.678790092468262,-0.6650053493862383,0.660453250662118,0.1515001702043693,-1.3375684352025479,-1.3915862765449776,1.1311609390106445,-7.248065225733785,-1.9151476973805601,-7.517279626027326,0.0851971925287,-0.9579255317730933,0.07594488065995009,3.1271163660236816,-0.39140350023378545,-0.5156162420855921
4.6808180809021,-0.6650006861587039,0.6604728540194232,0.15154079655320107,-1.3375013394491577,-1.3915885070780005,1.1310870807175692,-7.193575890471349,-1.8258349864529904,-7.513164665143401,0.07888766777678344,-0.9512459741010727,0.07258286960024359,3.1271115976520996,-0.39141589799989873,-0.5156295935260218
4.682847261428833,-0.6650088587546732,0.6604502547677797,0.15151573541714144,-1.3375507910046494,-1.3916008123134673,1.1311721900088623,-7.138413121455979,-2.285214994886498,-7.434911593389492,0.08725408016247606,-0.9511884337701575,0.06353235990633865,3.1271511751362304,-0.39138824144472295,-0.5156329313861292
4.6848835945129395,-0.6650086921868519,0.6604555645769413,0.15154847371964283,-1.3375518088524854,-1.3915758293825777,1.1311503492020691,-7.267605971959217,-1.8094166309775828,-7.4805820295684775,0.08806298521094666,-0.9489702788655703,0.06815339788402826,3.1271330553242187,-0.3914087454425257,-0.5155838171588343
4.686944961547852,-0.6650145468536106,0.6604566960166526,0.15156193228304982,-1.3375417957891376,-1.39158063039226,1.1311196944329465,-7.260521695317372,-2.1532734128769406,-7.41663260268378,0.08666186080274245,-0.9607079890447634,0.06301466358978586,3.127136393184326,-0.39143163362611944,-0.5155871550189417
4.688975811004639,-0.6650288610794115,0.660443115291745,0.1515803801330953,-1.3375505971088053,-1.3915986532296272,1.131166145549006,-7.242189901287857,-2.2370396946155378,-7.376997286037402,0.08630510736993954,-0.9611348615034623,0.06602644005651273,3.127204104060791,-0.39141589799989873,-0.5155904928790491
4.691003799438477,-0.6650260880318619,0.6604605169451009,0.1515954503824592,-1.33756101947818,-1.3915804672361989,1.1311281223797376,-7.397515356163879,-2.5231663270023588,-7.439133506293656,0.09069582273272571,-0.9547450880767832,0.05939790129034164,3.127216024989746,-0.3914435545550745,-0.5155752340899866
4.6930317878723145,-0.6650191354685349,0.6604676311700747,0.15161153034614036,-1.3375055714212492,-1.3916015577913434,1.1310961588196806,-7.207382185776492,-2.129474241179802,-7.506230744533295,0.09062245628470365,-0.9535431646837452,0.06389340543256093,3.1272284227558593,-0.3914278189288538,-0.5156243483172815
4.695059776306152,-0.665024074240766,0.6604557095855177,0.15160993173051737,-1.3375357017500127,-1.3915991132033112,1.1311435339294764,-7.295835630427712,-2.0116154486163182,-7.395792989082926,0.09285864033257743,-0.9533872065369655,0.05619057179712231,3.1272474962421875,-0.39141589799989873,-0.5156057516681116
4.697088241577148,-0.6650283189621764,0.660469737699692,0.15165694856861378,-1.3374962592883899,-1.3915951766382555,1.1310668221719589,-7.371794418825562,-1.9287904912658895,-7.371931437596796,0.08747459640105285,-0.9533850292751053,0.05521241686962382,3.127248449916504,-0.3914554754840296,-0.515597168599264
4.699115991592407,-0.6650390572522713,0.6604647850539876,0.1516989601151244,-1.3374815082158833,-1.3916047180265163,1.1310558834943099,-7.473224537508751,-2.121871575699179,-7.28026768223246,0.0898081730387078,-0.9529281147567218,0.056361809715204124,3.127288504237793,-0.39146739641298467,-0.5155938307391565
4.701143980026245,-0.6650353621581783,0.6604686989335161,0.1516920717418779,-1.3375172832249005,-1.3915920991996233,1.1310852370223825,-7.529725182578253,-1.8221274709626407,-7.6061687022774676,0.08441704158731543,-0.9537336671076453,0.06445866086737151,3.1273156839558105,-0.391458813344137,-0.5155819098102015
4.703171730041504,-0.6650574571495995,0.6604514613324485,0.151714654294358,-1.3375007665846657,-1.391606498452924,1.1311192124705132,-7.540062751693248,-1.9956570477372328,-7.45535170803515,0.0859098039209748,-0.9516516934905178,0.05819773284220295,3.1273361879536132,-0.39145166078676397,-0.5155547300921839
4.705199718475342,-0.6650483083563227,0.6604617498969426,0.15172218042222213,-1.337482093584717,-1.3916036287703124,1.1311019420769601,-7.5990862384302025,-1.8984127950294394,-7.177491941934724,0.08679255030107672,-0.9461190972616812,0.05374348258356685,3.1273361879536132,-0.3914435545550745,-0.5155661741839808
4.707227945327759,-0.6650448553500836,0.6604621244618922,0.1517487678514723,-1.337497438230339,-1.3915898125068533,1.1311045787484648,-7.798205757490877,-1.8349801503603114,-7.20178078600609,0.08906543106009066,-0.9487573388607474,0.052832418381403026,3.1273528772541503,-0.39144784608949834,-0.515545670186178
4.709255933761597,-0.6650686311029033,0.6604454167750672,0.1517634313045093,-1.3374759392899764,-1.3916079943330064,1.1311112266168188,-7.7729782870446025,-1.6537455066423403,-7.359898765851965,0.08717408302291674,-0.942838610235578,0.05133047037616716,3.1273528772541503,-0.3914597670184534,-0.5155275503741663
4.711283922195435,-0.6650653504155593,0.6604528342799977,0.15179133194183658,-1.3374922404688843,-1.3915934217399872,1.1311223612628252,-7.867891052572396,-1.940061285821545,-7.35550054779927,0.09007155284427973,-0.9421296802415792,0.046964273788225465,3.127396269435547,-0.3914554754840296,-0.5155084768878382
4.7133119106292725,-0.6650676165103839,0.6604694574421861,0.15181542628582304,-1.3374864719752257,-1.3915817648116238,1.1310646776939082,-8.012499630050845,-1.9071445945785013,-7.293790337885295,0.09052912009108652,-0.9463001001964816,0.05033322327242874,3.1274048525043945,-0.39149457613100225,-0.5154965559588831
4.715339660644531,-0.6650679299359782,0.6604549600031973,0.15180940820471067,-1.33749329088177,-1.3915928115821967,1.131109448300787,-7.7637878503258655,-1.8411274314170893,-7.568093759711742,0.09100894893983508,-0.936913521952851,0.04327401491106249,3.1274167734333496,-0.39146739641298467,-0.5155065695392054
4.717367649078369,-0.6650861770974665,0.6604469069342488,0.15184293291631062,-1.337437499138283,-1.3916213177748116,1.131089696999458,-7.962712025308625,-1.8799645658048845,-7.109873114091202,0.09483618501729446,-0.9522866987695985,0.040249657409099596,3.127436800593994,-0.3914721647845667,-0.5155184904681605
4.719396114349365,-0.6650706732971952,0.660462300842395,0.15189081755657982,-1.3374300196230522,-1.3915909167069989,1.1310553612726526,-8.068066406539707,-1.8838969982701588,-7.3893059657718165,0.09009464068005597,-0.9434787921973374,0.040714512708840196,3.1274334627338867,-0.39147979417909795,-0.5154879728900355
4.721423864364624,-0.6650825605976072,0.6604686387276673,0.1518659853979643,-1.33750305058203,-1.391592651615533,1.1310533353893077,-8.117682790275774,-1.8316457611982004,-7.41889790016678,0.08821568493511778,-0.94979170477494,0.03829839120868719,3.127504511470459,-0.39152270952333623,-0.515503231679098
4.723451852798462,-0.6650845447246161,0.6604660055627799,0.1519017609620826,-1.3374304533357493,-1.3916075961827437,1.1310469645198338,-8.113139266182628,-1.9516915107433839,-7.220015651013979,0.0923420359507133,-0.9573428189662152,0.03799056799173058,3.1274968820759277,-0.39149457613100225,-0.5155065695392054
4.7254798412323,-0.6651089466504547,0.6604338838046562,0.15191162250429543,-1.3374505905187366,-1.391622686574492,1.1311596102737669,-8.216028161009612,-1.5673198783422893,-7.368002702831399,0.09329787419972352,-0.9631162173719865,0.04189141933074575,3.127547426814697,-0.3914526144610804,-0.5154674688922327
4.727531671524048,-0.6651079562745678,0.6604449215303428,0.1519498308398393,-1.3374364181474279,-1.3916100957132722,1.1311261471933327,-8.153957865790746,-1.5659874456779745,-7.299349083969035,0.09150732096319932,-0.9551146222081176,0.03390374641827886,3.1275598245808105,-0.3914688269244593,-0.5154479185687464
4.729559659957886,-0.6650987588295261,0.6604568772316693,0.1519351288950519,-1.3374779046893506,-1.3915933479216136,1.1310853572774437,-8.11081926421274,-1.407304595005002,-7.206374754213176,0.08880002744174414,-0.954882198390961,0.030099288614676152,3.1275526720234375,-0.39150792757143194,-0.5154550711261194
4.731587648391724,-0.6651048394653661,0.660460104183318,0.151968554523816,-1.337483026436295,-1.3915903498151772,1.1310744522120457,-8.14692961194338,-1.321464301986165,-7.449663625556351,0.0896055650749841,-0.960921246336146,0.03766261368226517,3.1275955873676757,-0.39152366319765264,-0.5154436270343226
4.733614683151245,-0.6651253832430333,0.6604417176634626,0.15197999298137882,-1.3374677977527898,-1.3916139917942636,1.131085869833721,-8.170023200851318,-1.6439437058299198,-7.327640078575211,0.09513931736917433,-0.9632626278527364,0.031733521446621456,3.1276089388081054,-0.3915308157550257,-0.5154436270343226
4.735642910003662,-0.66511806817884,0.6604546861567334,0.15199366438541573,-1.3374483366410173,-1.3916014981350666,1.1310709839351132,-8.120261323191901,-1.985887401547644,-7.26660383898966,0.09396072596492207,-0.9578305860037701,0.024353133971188542,3.1276017862507324,-0.39152366319765264,-0.5154312292682093
4.7376708984375,-0.6651368760129672,0.6604463977698507,0.15200530892635603,-1.3374119429528428,-1.3916445541633378,1.1310399356204381,-8.068925779556091,-1.5940154194652603,-7.275631640610682,0.09241159935932985,-0.9613488110044673,0.028578030757983867,3.1276437479206542,-0.39154273668398076,-0.5154841581927698
4.739698886871338,-0.6651345139605285,0.6604421566012199,0.1520287180668935,-1.33741859696389,-1.3916193527507281,1.131085747876036,-8.235824033229871,-1.547781215521452,-7.3528860756984855,0.09535681255005653,-0.955841855497337,0.019916597914045542,3.1276327806660156,-0.3915165106402796,-0.5154226461993616
4.741727828979492,-0.6651327165157719,0.6604501731480912,0.15207756899048172,-1.337392592052655,-1.3916144683055522,1.13108050518671,-8.330055042552859,-1.2441189754729398,-7.1169681501160404,0.09744507682846158,-0.9531024567612902,0.019065757910090585,3.1276728349873046,-0.3915045897113245,-0.5154107252704065
4.743764877319336,-0.6651348062655708,0.6604519094946565,0.152081188730832,-1.3374296756366015,-1.3915968062295327,1.1310895791698043,-8.352151383186724,-1.3767305394069937,-7.094535694383945,0.09893703965174616,-0.9546892875572549,0.013120360116010333,3.1276842790791015,-0.391519848500387,-0.5153802076922815
4.745799779891968,-0.6651375729602919,0.6604453293810507,0.15206957612186903,-1.3374488094834702,-1.391605071053904,1.1310796031099852,-8.375925230851854,-1.312268889268218,-7.078111502901762,0.09465626923069895,-0.9498881130290726,0.019103046838898352,3.127685709590576,-0.39153939882387334,-0.5153988043414515
4.747826814651489,-0.6651408894082236,0.6604580210785163,0.15207715093278978,-1.3375096034692526,-1.3915830127809878,1.1310622596935638,-8.208382531690356,-1.4861513390896708,-7.341605006624044,0.09625360636966587,-0.94342514037669,0.017017093641382954,3.12773243963208,-0.3915827910052698,-0.5153763929950159
4.749854803085327,-0.6651579423903063,0.6604447566760233,0.15210178798069618,-1.3374390985051658,-1.3916142346319174,1.1310874419928045,-8.299318221415614,-1.6333873158989078,-7.359866184395242,0.09918385435586001,-0.9493648088455923,0.01740111726440228,3.1277448373981933,-0.3915475050555628,-0.5153802076922815
4.751882791519165,-0.6651602173819697,0.6604514368584143,0.15211395430713626,-1.3374435790151087,-1.3916209566420472,1.1310403214601041,-8.233810697359464,-1.617377539454961,-7.514471932111383,0.09653238433941261,-0.9496659465187343,0.01595956810500246,3.127772017116211,-0.3915827910052698,-0.5154054800616663
4.753910303115845,-0.6651531283661996,0.6604531828400536,0.15214496591986637,-1.3374158268968117,-1.3915970177205985,1.1310982043109377,-8.247821491025734,-1.4383775553925793,-7.40400677753388,0.09597990314247311,-0.9476676094645998,0.016167221600868427,3.127761049861572,-0.39152461687196904,-0.5153439680682581
4.755937814712524,-0.6651577916699338,0.6604558505950039,0.1521460442350768,-1.337451754726633,-1.3915953586122447,1.131077756002149,-8.239425485553157,-1.59236889029166,-7.465580960847401,0.0918760217387824,-0.944468580054305,0.008600501302321057,3.1277925211140136,-0.3915599028216761,-0.515350643788473
4.757966041564941,-0.6651830056860404,0.6604374302233926,0.15217652855474367,-1.3374074657115738,-1.3916257828150302,1.131090553454786,-8.158418905033807,-1.3996693841309051,-7.45709951922235,0.09704098747913378,-0.9550853659303523,0.016815984997979566,3.127816839809082,-0.39155608812441045,-0.5153473059283655
4.7599937915802,-0.6651625551145544,0.6604584755985721,0.1522073051832386,-1.3374266835846311,-1.3915970079609756,1.1310762015961142,-8.301066162617689,-1.2823700250454895,-7.575700022553461,0.08968286090004313,-0.9584119844350896,0.021440283289575753,3.127852602595947,-0.39155275026430303,-0.5153387228595179
4.762021780014038,-0.6652015460702739,0.6604285150000357,0.15219416655967838,-1.337405475498873,-1.3916394934420753,1.1310727923021835,-8.156180039793863,-1.610785130800889,-7.421515374781646,0.09674197277660271,-0.9599649917351804,0.023939910518802773,3.1278368669697265,-0.39158755937685186,-0.5153439680682581
4.7640540599823,-0.6651852366722094,0.6604424794482747,0.15223255715479395,-1.3374063486704757,-1.3916149295170033,1.1310973836232054,-8.106772874167532,-1.7850325111221497,-7.462547265208518,0.09854732275271966,-0.9547861169260418,0.023756015117730553,3.1278769212910156,-0.39155275026430303,-0.515320126210348
4.766082048416138,-0.6651993722847159,0.6604399707098562,0.1522301649392949,-1.3374327706023388,-1.3916157117698702,1.1310868609277922,-7.9104125831792995,-1.8064365032672185,-7.330853374810177,0.09477913331517912,-0.951455639846029,0.01601366437362707,3.1278931337543945,-0.39158755937685186,-0.5153082052813929
4.768110036849976,-0.6651981898314262,0.6604491074422828,0.15225307888012166,-1.3374300013046778,-1.391609305308985,1.131060242667917,-8.19808522372288,-1.4037368424570535,-7.007852227971449,0.09927059809595172,-0.9531278526996543,0.027660129807214554,3.127912684077881,-0.39160281816591436,-0.5153048674212855
4.7701380252838135,-0.6652004237735307,0.6604437897378655,0.1522911771776681,-1.3373575755051748,-1.391631735283059,1.1310318131802315,-7.951971740752285,-1.5910161301014711,-7.302417991811687,0.09192223071975833,-0.9518217140254267,0.021541296555239238,3.1279050546833496,-0.3915908972369593,-0.5153268019305628
4.772166013717651,-0.6651914242308167,0.6604590498726911,0.15228047039154452,-1.337389411288128,-1.391617965191922,1.1310231923881788,-7.903633781044819,-1.7660036219823096,-7.493116005972819,0.09188684791052293,-0.9579300278305382,0.024013785717605093,3.127929373378418,-0.39159948030580694,-0.5153334776507776
4.77419376373291,-0.6652201579670953,0.6604231634373486,0.15229916326478382,-1.3374113188028076,-1.391628909142949,1.1311365594661256,-7.814006867525894,-1.7050467576491524,-7.492217882454035,0.09356783405627324,-0.9585730526055762,0.031424738819432224,3.1279727655598144,-0.3915646711932581,-0.5152757803546351
4.7762274742126465,-0.6652159941015502,0.6604278685554388,0.15229729707181267,-1.3373949617880254,-1.3916363625462422,1.131080415395017,-7.8067014953893,-1.6372681332817818,-7.35110198136923,0.09089153306971236,-0.9543361799459446,0.025438353518540305,3.1279498773762207,-0.3915918509112757,-0.5153062979327601
4.77825665473938,-0.6652173708556938,0.660445484894488,0.15231783916396702,-1.3374340082589873,-1.3916226151995026,1.131032676756858,-7.900954784962939,-1.4902298015535067,-7.171837579545127,0.0933769136964908,-0.959901258210775,0.03405149946468222,3.128005190486572,-0.3916423956500452,-0.5153062979327601
4.780303001403809,-0.6652218604659319,0.6604527466626883,0.152344181346,-1.337399995284133,-1.3916190844092393,1.1310359181665137,-7.84438029710096,-1.4880651439907537,-7.580132336976345,0.08589696499217354,-0.9480694327910127,0.03656462938970355,3.1280171114155273,-0.3916271368609827,-0.5152824560748499
4.782329082489014,-0.665219829676138,0.6604563749516646,0.15234040577639263,-1.3375042853124375,-1.3915829439943797,1.1310623210924409,-7.80951388239423,-1.7526591155861295,-7.386359741847096,0.09162766212668469,-0.9520727431107883,0.03237468609685907,3.128060503596924,-0.3916586081134241,-0.5152395407306116
4.784358263015747,-0.6652289662079343,0.6604430924925859,0.152373754579605,-1.3374630307674058,-1.3915942282478904,1.1310953636612733,-7.933634728595838,-1.7404882479889792,-7.29441424818449,0.09134327474278403,-0.9589880844964227,0.03914972811122701,3.1280686098286132,-0.3916271368609827,-0.5152204672442835
4.7863929271698,-0.6652197367198498,0.6604585486692923,0.1523728573194985,-1.3374589271555009,-1.39158935622931,1.1310585233109154,-7.803432361652593,-1.8255714169379273,-7.5381253085575874,0.08903383394608258,-0.9563404253346042,0.03758926769084708,3.1280719476887207,-0.3916385809527796,-0.5152395407306116
4.788422107696533,-0.6652441499217112,0.660438144784958,0.15239297342650837,-1.3374058487541753,-1.391623541004443,1.131064480329855,-7.809650248667834,-1.903244124364496,-7.374261335103437,0.09946788220596489,-0.9520059363684379,0.036093977307345274,3.1280733782001953,-0.39163524309267217,-0.515242878590719
4.7904510498046875,-0.6652263808523189,0.6604583790611953,0.15237051775889832,-1.3374952375812468,-1.3915835744150484,1.1310439441296705,-7.856321116733998,-1.5528219354825366,-7.304372106028271,0.08795470258715221,-0.9523494135000177,0.037182694256703855,3.1280852991291503,-0.3916738669024866,-0.515230957661764
4.79250168800354,-0.6652273843818881,0.6604572101670944,0.152409570657746,-1.3374584815526855,-1.3915851697724515,1.1310796458904666,-7.718106196024456,-1.7580103411966115,-7.427259815148615,0.08559835361011173,-0.9495630992654036,0.03590986389272034,3.1281167703815917,-0.39163142839540654,-0.515212361012594
4.794532537460327,-0.6652618464932831,0.6604263332357027,0.15239444619925369,-1.337457837430781,-1.3916273941774011,1.1311288015861423,-7.818585724393636,-2.007639439229222,-7.313459256561937,0.09522257287406766,-0.9599167018564126,0.03795672583843912,3.128148241634033,-0.39163142839540654,-0.5152223745929163
4.796563386917114,-0.6652482314969258,0.6604477667983614,0.15242167718915894,-1.3374433159275425,-1.3916100044251951,1.1310792230183953,-7.781578519921391,-1.7445934479649696,-7.613958193435301,0.0906738873858127,-0.958151533856501,0.04855005673043268,3.128153010005615,-0.3916438261615198,-0.5152223745929163
4.7985899448394775,-0.6652721680147595,0.6604326758377019,0.1524471651631366,-1.3374565524790076,-1.3916260169495769,1.1311009394495515,-7.672100699781453,-1.9409885601413586,-7.695418394850927,0.0885624113355091,-0.95466013131021,0.04556929054692038,3.128211660976074,-0.39165956178774053,-0.515209976826803
4.800612688064575,-0.665258870244841,0.6604391531515417,0.15243010306297833,-1.3374927817481244,-1.3915973647836195,1.1311311661864651,-7.6243138658118275,-1.9080822539877818,-7.390047524758688,0.09342451967954532,-0.9526016335292468,0.038798513341153446,3.1281935411640625,-0.3916438261615198,-0.515179459248678
4.8026344776153564,-0.6652620818530357,0.6604440089089234,0.1524625674041695,-1.3374868024481368,-1.3915976867465747,1.13110795028094,-7.927792624642622,-1.8154921359820269,-7.226398878798838,0.08694570917016628,-0.9507147115279396,0.03497133730285222,3.1282283502766113,-0.39165956178774053,-0.515179459248678
4.804655313491821,-0.6652733087953991,0.6604416284614469,0.15248463464790682,-1.3374496029681824,-1.391606544379898,1.1311139739900415,-7.755322682791226,-1.68807563408413,-7.303842584891975,0.08963251423136444,-0.9523337105397832,0.04245464099235674,3.128236933345459,-0.39164859453310186,-0.5151646772967737
4.806678295135498,-0.6652787142039852,0.6604347350434001,0.15250156117579447,-1.3374538808305516,-1.3916062525263893,1.1310926952603853,-7.706856380451431,-1.9925567125461985,-7.454234414865061,0.0918826689277907,-0.9556491741055901,0.04377675142884738,3.1282293039509277,-0.39167482057680303,-0.5151556173907679
4.808706998825073,-0.6652775821679098,0.6604474198502623,0.15250964080227444,-1.3374741162567407,-1.391604564025912,1.1310598006271484,-7.888015087432982,-1.7292016443629648,-7.476919569357903,0.08888432934524909,-0.9543565904718834,0.04876791058578341,3.1282731729694824,-0.3917024771319788,-0.515174690877096
4.810734987258911,-0.6652785253086764,0.6604435080622831,0.15249742471708763,-1.3374996165436719,-1.3916030229347935,1.1311090391641991,-7.713192900620166,-1.680979886425547,-7.430122932917472,0.0882267777866628,-0.9544744783951857,0.053499454081951205,3.1283003526875,-0.39167958894838506,-0.5151680151568812
4.812762975692749,-0.665293238250069,0.6604329708605226,0.15253779401901138,-1.3374563562809967,-1.391599238966465,1.1311259467981007,-7.7631734330389435,-1.812293706425757,-7.266460449709332,0.09476380080150118,-0.9543465883396733,0.04602929633065449,3.128277464503906,-0.39166766801943,-0.5151093641864222
4.814791202545166,-0.6652909195529474,0.6604437788410731,0.15255450810283377,-1.337447394470084,-1.391609959849104,1.131071249493993,-7.779718055361254,-1.8538455076137674,-7.297396391490585,0.09279794657861568,-0.953325814301982,0.044987600970103604,3.128312273616455,-0.39169532457460576,-0.5151503721820276
4.816819906234741,-0.6652854738088497,0.6604498895664732,0.15254140257839827,-1.3374997752271887,-1.3915843767271063,1.131078912143994,-7.847277961402537,-1.755649293633582,-7.2967677024701905,0.0898317506879043,-0.9594947377168213,0.04979635729224624,3.128310366267822,-0.39171106020082647,-0.5151231924640101
4.818861722946167,-0.6653035782851959,0.6604371258173888,0.15258106879664163,-1.3374406635875005,-1.3916188425007332,1.1310948026115937,-7.713550090518094,-1.8963878322467809,-7.437800800050483,0.08589733050465549,-0.9559256656994721,0.04974706565877787,3.128357096309326,-0.3916876951800745,-0.5151384512530726
4.820889711380005,-0.6652890578540159,0.6604459927530931,0.1525724587756697,-1.3375071516098895,-1.391583152563479,1.1311160322911116,-7.748266186561035,-1.83187633873718,-7.286087241709759,0.08475512165718802,-0.9580589700734546,0.04680608572135023,3.1283652025410156,-0.39169150987734014,-0.5151079336749476
4.822917699813843,-0.6653041823703312,0.6604495113074227,0.15257219160731608,-1.3375435757519738,-1.3915806483664865,1.1310990366596634,-7.641372767448168,-1.8024841399065803,-7.420054730171344,0.08822033678882454,-0.9562266143741307,0.050598169723656314,3.1284004884907226,-0.3917349020587366,-0.5150955359088343
4.82494592666626,-0.6653048284292945,0.6604532130866271,0.15258910801744835,-1.337554027845852,-1.3915703645986337,1.131097673090453,-7.748317442295634,-1.8445951735000405,-7.334424233258493,0.09001789837962865,-0.9563940787533942,0.04716618871053488,3.1284171777912597,-0.39174205461610967,-0.5150774160968226
4.826973915100098,-0.665309886853742,0.6604464155167669,0.1525821030965962,-1.3375458195369607,-1.3915878291324209,1.1311116122887905,-7.633327761507656,-1.8050710545461024,-7.361846815786327,0.08945758177860744,-0.9522337661648359,0.043762751019819884,3.128432436580322,-0.3917315641986292,-0.5150988737689417
4.8290019035339355,-0.6653163589346982,0.6604372286379286,0.1526112781927196,-1.3375127809079796,-1.3915897108459705,1.1311265893179927,-7.71683188319453,-1.9558958474533674,-7.223557791756766,0.09289440600937639,-0.9554036821832878,0.036431168511814375,3.1284214693256835,-0.3917153517352503,-0.5150716940509241
4.831029891967773,-0.6653057322614839,0.6604571997023896,0.15262026138131474,-1.3375512983242261,-1.3915648794182993,1.1311267914759473,-7.691936583900255,-1.940042744159372,-7.250269672211374,0.08961447147005266,-0.9584082004186906,0.04065675453976024,3.1284686762043457,-0.3917191664325159,-0.515059773121969
4.833071708679199,-0.665341748470386,0.6604160387892797,0.1526253999906121,-1.3374712866903917,-1.3916276608482274,1.1311556394632756,-7.764766196003712,-1.65374323015154,-7.452454037482072,0.08595038153110014,-0.9531936587023766,0.04852044012490443,3.1284491258808593,-0.3917000929461878,-0.5150817076312464
4.835099935531616,-0.6653286728842837,0.6604393059507743,0.15260640391355274,-1.3375929793969914,-1.3915723179454187,1.1311636069122841,-7.6954712283695805,-1.9700005861009515,-7.313917275671557,0.09068957967515184,-0.9522634016225583,0.040114484433425614,3.1284891802021484,-0.39173871675600225,-0.5150359312640589
4.837128162384033,-0.6653310978637844,0.6604426247581595,0.15266035780868645,-1.3375281276265834,-1.3915803597208511,1.131138397308669,-7.744373557384416,-1.8908380066820174,-7.192874356192929,0.09578272779942604,-0.9591253832762707,0.0439933179856105,3.1285011011311035,-0.3917277495013636,-0.5150325934039515
4.839155912399292,-0.6653448954394735,0.6604296820086463,0.15266574223637,-1.3375041197025748,-1.3916078979133872,1.1311408776180303,-7.465394773414173,-1.9608693838930071,-7.432276134287813,0.09070841071027738,-0.9487757970740825,0.03593304011333572,3.128516359920166,-0.3917277495013636,-0.5150545279132288
4.8411829471588135,-0.665314617121887,0.6604592688440784,0.15269259484154832,-1.337526527055041,-1.391558937946777,1.131122280194891,-7.668830560274692,-1.636952515418419,-7.313969284886958,0.0902579844660934,-0.9541895096167481,0.04112336770834117,3.128521605128906,-0.39172059694399053,-0.5150240103351038
4.843210697174072,-0.6653455718583376,0.6604314576440902,0.15267836545725613,-1.3375306960471056,-1.3915864272892282,1.1311632507661336,-7.7059662184900874,-1.5183518830441147,-7.321381307222131,0.088380977352348,-0.9540731842109561,0.048883122486929956,3.1285263735004882,-0.3917277495013636,-0.5150116125689905
4.845238924026489,-0.6653491016757026,0.6604405980320064,0.1527192143122686,-1.3374655154912314,-1.3916086749029188,1.1311170547218818,-7.6651474190737545,-1.7250210520117804,-7.23577559518903,0.09231968503656814,-0.9587475533424914,0.04098737411067122,3.128561182613037,-0.3917277495013636,-0.5150459448443812
4.847266674041748,-0.6653454815911524,0.6604468835387505,0.15270600170072698,-1.3375524678416593,-1.3915778214153345,1.1311331731313532,-7.608004634901779,-1.7811135324670504,-7.402367658271327,0.0946498706973574,-0.948619360670955,0.037960274633206746,3.128588839168213,-0.39175540605653936,-0.515014950429098
4.849294662475586,-0.6653441625909796,0.6604470845754428,0.15270665267265884,-1.337544743233628,-1.3915794682215492,1.1311521087437275,-7.652593060601618,-1.545601820490152,-7.312528954519023,0.08847146907922304,-0.9561965336102898,0.04378644077582204,3.1285974222370605,-0.39173585573305303,-0.515014950429098
4.851322889328003,-0.6653516195029763,0.6604488965240368,0.1527400239769572,-1.3375367926585076,-1.3915801386334934,1.1311047164048111,-7.624101771665202,-1.3823883701014152,-7.5759115867061615,0.0776831604391531,-0.9520069894676468,0.04373722550150218,3.1286093431660156,-0.3917744795428675,-0.5150101820575159
4.853350877761841,-0.6653762520816844,0.6604203723192004,0.15274883889444088,-1.3374806660024372,-1.3916165253858659,1.1311597949828316,-7.540968430088711,-1.748970675078769,-7.24339628335397,0.09234098132989255,-0.953795966979701,0.038881252072957145,3.12860552846875,-0.39173585573305303,-0.5150035063373011
4.855378866195679,-0.6653751560824543,0.6604288373344063,0.15275267825803593,-1.3374628545515048,-1.3916229919252572,1.1311246705822242,-7.436755891788349,-1.6713437961778397,-7.346200036042209,0.08719855623942765,-0.9512808228090535,0.042042849043501175,3.128610296840332,-0.3917482534991663,-0.5150249640094202
4.857406854629517,-0.6653859828530311,0.6604193619578883,0.1527560068805259,-1.337519435667042,-1.3916084024145454,1.1311777794755937,-7.560894908507202,-1.8491850343731913,-7.123499817438791,0.0949647870681124,-0.9595450269789931,0.03847415205786764,3.128645582790039,-0.39175159135927373,-0.5149791876422327
4.8594348430633545,-0.6653845150938066,0.6604366020116474,0.1527952970196927,-1.3374788508321866,-1.3915970205825121,1.1310885059425382,-7.790354427381564,-1.824709254601353,-7.233052011309906,0.09321136229382018,-0.9653137305812532,0.037264831580426296,3.1286184030720214,-0.3917949835406702,-0.5149672667132776
4.8614771366119385,-0.6653945159680814,0.6604208914101936,0.1527857679657308,-1.3374860894770082,-1.3916163810439401,1.1311343897340012,-7.581845073509108,-1.3399275526768646,-7.318590141295301,0.08906779936619547,-0.9554185104672095,0.04919805152763124,3.128646059627197,-0.3917754332171839,-0.5149791876422327
4.863504886627197,-0.6653973169785772,0.6604326354173964,0.15279770795607753,-1.3375446182463837,-1.3915950656962037,1.1311512109792936,-7.533777511102676,-1.8136660593516685,-7.221536977245594,0.0918617910982257,-0.9552101336308666,0.03910375914864744,3.128715677852295,-0.3917916456805628,-0.5149520079242151
4.865533113479614,-0.665416629476794,0.6604079696980275,0.15279062998328494,-1.3375398770959912,-1.391611507177766,1.1311877024221964,-7.630173477267081,-1.932998901419431,-7.38083062834888,0.08797430480566647,-0.9502075192143157,0.0341088985839427,3.1286966043659667,-0.39178783098329717,-0.5149334112750452
4.867559909820557,-0.6653887088871907,0.6604585775603163,0.1528462159825949,-1.3375210352681155,-1.3915706737266909,1.1310994974083328,-7.604664067232685,-1.1739639649603217,-7.133832592829541,0.08932938162428927,-0.9505862986183636,0.04654517663707044,3.12873284398999,-0.3918064276324671,-0.5149276892291468
4.8695878982543945,-0.6654095644233972,0.6604225331564448,0.15283487361496664,-1.3375060200821653,-1.391603826876368,1.1311688255101373,-7.583905764066864,-1.747310895818494,-7.140962930557751,0.09090646975707915,-0.9526893243676026,0.0400703105395623,3.128725691432617,-0.3917754332171839,-0.5149276892291468
4.871615886688232,-0.6653866422320667,0.6604481655465816,0.1528235436004075,-1.3375577744608325,-1.391569923709286,1.131149012072181,-7.47777267097469,-1.7592263427171229,-7.339672991113025,0.09402627839167801,-0.9547341611568215,0.04218455557920416,3.128741427058838,-0.39178783098329717,-0.5149276892291468
4.87364387512207,-0.6654159097794832,0.660431672653979,0.15284230049684958,-1.3375170098525628,-1.3916020535949083,1.1311217721559104,-7.609380363234665,-1.7373830801368242,-7.080932345145385,0.09157782187429434,-0.9591635291019726,0.04064326950710022,3.128741427058838,-0.3918188253985804,-0.5149310270892542
4.875672101974487,-0.6654162466553922,0.6604216623980058,0.15283648799644742,-1.337568804106153,-1.3915886553003933,1.1311718954519456,-7.571245559279672,-2.026721839780358,-7.006712943373468,0.08966630491193145,-0.9576109682203022,0.03682644607154942,3.1287576395222167,-0.3918116728412073,-0.5149038473712366
4.877700090408325,-0.6654068214132646,0.6604466848035415,0.15284528937761005,-1.3375863002390707,-1.3915695725424788,1.1311416340647449,-7.578217341223116,-1.7856479742954545,-7.51385609145597,0.08593480271206651,-0.9469007113239238,0.043694016000992014,3.128792925471924,-0.3918269316302698,-0.5149038473712366
4.879727840423584,-0.66541635327336,0.6604320780775159,0.1528561311337043,-1.3375764715773928,-1.3915871368033041,1.1311659393426057,-7.518585677318931,-1.8281173738539034,-7.138896110232894,0.093489144328324,-0.9565435074074338,0.042639404983097234,3.1288129526325683,-0.39181548753847295,-0.5149105230914515
4.881756067276001,-0.6654150227588372,0.6604484273634748,0.15286793634782375,-1.3375835262946218,-1.391565470948714,1.1311467249365206,-7.562784472332815,-1.912421158803198,-7.4013619275473665,0.09206949420509214,-0.9546362824456743,0.04930086123042322,3.1288177210041503,-0.39183026949037725,-0.5148800055133265
4.88378381729126,-0.6654255321625206,0.6604277926935698,0.152892651567993,-1.3374807958364077,-1.3916031444511732,1.1311551156669057,-7.380853028673063,-1.9687071482835345,-7.555182569579497,0.08539913996615014,-0.9589248668578609,0.056113426341407806,3.1287786203571777,-0.3917883078204554,-0.5148957411395472
4.8858256340026855,-0.6654130897094134,0.6604583374879759,0.15286775827641708,-1.3376317718659214,-1.3915532578291923,1.1311430317119993,-7.5216116843610905,-1.6732313531063001,-7.389748260292223,0.08518414623286058,-0.9603549425321948,0.059504487954426616,3.1288649278828125,-0.3918512503253382,-0.5148800055133265
4.8878538608551025,-0.6654477930445223,0.6604291451833961,0.15288714341265752,-1.3375621615166928,-1.3915884148671418,1.131153326817384,-7.513001780130671,-1.8959768431533857,-7.166944102548631,0.08927876065884449,-0.9645683969015543,0.050623084165979715,3.1288296419331054,-0.3918512503253382,-0.5148561636554163
4.88988184928894,-0.6654428414821502,0.6604378896306886,0.1528909173310108,-1.337573282925414,-1.3915761793148866,1.1311681127471649,-7.379487811574025,-2.0595191465191394,-7.514621334323167,0.08508119144581956,-0.9616983343698134,0.050197892484581355,3.12884966909375,-0.3918393293963831,-0.514843765889303
4.891909837722778,-0.6654445317433144,0.660432269687997,0.15288466312816626,-1.3375799348078807,-1.3915836467661418,1.1311850511300854,-7.513685463204407,-1.7468777539470821,-7.148291487418518,0.08510397708684521,-0.9686776105296093,0.06608789721739873,3.128861590022705,-0.39183170000185186,-0.5148537794696253
4.893937826156616,-0.6654480399135896,0.6604412029364304,0.15289711468037098,-1.3375718111955133,-1.3915753499146097,1.1311827038209952,-7.407146798821113,-1.9305831241248597,-7.101843839740871,0.08780308363740608,-0.9617039496655875,0.06871942429248366,3.12887351095166,-0.39183170000185186,-0.5148323217975062
4.895965814590454,-0.6654580874734697,0.6604443116498543,0.15293679977601707,-1.3375188828771898,-1.3915895885774343,1.1311325455001935,-7.482292430580568,-2.2019295990416157,-7.0729843252769475,0.08549959020484077,-0.962469444129459,0.06429475175281886,3.1288816171833496,-0.3918512503253382,-0.514838997517721
4.897993803024292,-0.6654559473468535,0.6604499045588008,0.15290665302832995,-1.3375762856338889,-1.3915601881110577,1.131159457791491,-7.373679394656755,-1.941205279089112,-7.226569686670247,0.08464709503190194,-0.9581120089466678,0.07216612064505788,3.128865881557129,-0.39185935655702764,-0.5147960821734827
4.900022029876709,-0.6654649292731086,0.6604470401080595,0.152928710649339,-1.3375690986277369,-1.3915731059545176,1.1311435046699332,-7.1202282948673865,-2.1191828542799405,-7.2538306693104815,0.08356735755393759,-0.9551418670439039,0.06784539541348929,3.1289006906696777,-0.39187509218324834,-0.514808479939596
4.902049779891968,-0.6654710785419529,0.660452540458801,0.15296845772186685,-1.3375040003124414,-1.3915770408180208,1.1311203677531916,-7.1602051136913385,-2.371314606555395,-7.200359375567667,0.08695415706076745,-0.9588717773203644,0.07332702188075897,3.1288935381123046,-0.3918665091144007,-0.5147908369647425
4.904077768325806,-0.6654889374933627,0.6604322068239362,0.15295399640011428,-1.3375104339058628,-1.3915951057757656,1.1311629890938906,-6.970927822582734,-2.1681072451900376,-7.418733407277805,0.08362656850694855,-0.9592559123391958,0.08723964129387396,3.1288973528095703,-0.39185935655702764,-0.5147841612445276
4.906105995178223,-0.6654734237839315,0.6604677229720005,0.15299967125140315,-1.337487230185915,-1.391562465165559,1.1311035045993325,-6.766503893694775,-2.451015179888471,-7.440358166031128,0.0809887704907673,-0.9614249313747175,0.08714730314327396,3.128913088435791,-0.3918712774859827,-0.5147603193866175
4.9081337451934814,-0.6654813339765071,0.660467621394763,0.15297866619298495,-1.3375454088696261,-1.391554414196944,1.1311137820295978,-6.696761376557537,-2.4847942122328996,-7.33925120815677,0.08111406950982361,-0.9603850640335665,0.09304179211113642,3.128936930293701,-0.3918994108783167,-0.5147483984576624
4.910161733627319,-0.6655216453240625,0.6604293318950344,0.1529936340766644,-1.3374773071088877,-1.3916091005972946,1.131157570552917,-6.641402526525393,-2.433888018151324,-7.231831733543731,0.08064315264112172,-0.9611704027805175,0.10089794234646204,3.1289407449909667,-0.39187938371767217,-0.5147483984576624
4.912189960479736,-0.6655038408207133,0.6604487507758869,0.15298450979771788,-1.337515315991742,-1.3915654272039926,1.1311546575592828,-6.574451519560269,-2.3984704258701313,-7.329094231463396,0.08205231350510789,-0.9585874060141597,0.10576771318222003,3.1289140421101074,-0.3918831984149378,-0.5147059599505823
4.914217948913574,-0.6655186032427965,0.660449347436696,0.15297748840723077,-1.337529081293388,-1.391581580113267,1.1311289373047486,-6.047575296790879,-2.539117893161539,-7.327931836047607,0.0757767726957865,-0.9585932077326205,0.1165303941555115,3.128948851222656,-0.39191943803896123,-0.5147278944598597
4.916244983673096,-0.6655398166899921,0.6604251164743467,0.15300687705367622,-1.3374831555532154,-1.3916068460777098,1.1311567518342887,-5.963550307509894,-2.773288006000546,-7.238913140369041,0.07823446113723026,-0.9637160966616564,0.12142089150556372,3.128948851222656,-0.3919032255755823,-0.5147126356707972
4.918272972106934,-0.6655311335731953,0.6604551623124261,0.1530223326481126,-1.3375127078518148,-1.3915714192193578,1.131089762562057,-5.859758753035585,-2.6884439073794772,-7.442436812101219,0.07553047784276462,-0.9571607305262178,0.12811525807290722,3.128957434291504,-0.39195424715151006,-0.5146883169757288
4.920300722122192,-0.6655319869754031,0.6604478865986074,0.15304594204077793,-1.3374004577542074,-1.391599231554996,1.1311026941157074,-5.8169698022859455,-2.708615829970066,-7.286695176430776,0.06892206437547765,-0.9631567169130254,0.13217677779802067,3.128922625178955,-0.39189178148378545,-0.5147021452533167
4.92232871055603,-0.6655377598414356,0.6604589795625492,0.1530352188761095,-1.337454177614847,-1.3915895768561621,1.1310972987727748,-5.611510549231843,-2.731851664512154,-7.157770726050226,0.06958653399998391,-0.9641588710253292,0.14159314773796622,3.1289731699177246,-0.39192325273622686,-0.5146983305560511
4.924356698989868,-0.6655488718766054,0.6604499740654356,0.15303668222829497,-1.3374781896219947,-1.3915763723158616,1.1310995971788445,-5.452099690365359,-2.778346869068639,-7.2829120891809795,0.06982442984515705,-0.9600485736701773,0.14860244626557712,3.128945513362549,-0.39195043245424444,-0.5146525541888636
4.92638897895813,-0.6655427046397511,0.6604701887003059,0.15309145139296226,-1.3374096547648713,-1.39156764979671,1.1310424394287355,-5.340499776497861,-2.770647960913125,-7.136269558796327,0.07379909500331766,-0.9649009400379869,0.1546787123713397,3.128941698665283,-0.39195043245424444,-0.5146406332599085
4.928416013717651,-0.6655507745349042,0.660470840995047,0.15310472072779052,-1.3374030532066998,-1.3915714206842233,1.1310520666386286,-5.254559872758559,-3.1619007551917377,-7.139344156104087,0.07129547017919817,-0.9708039980680448,0.1552900471389715,3.128969832057617,-0.391947094594137,-0.5146320501910608
4.930444002151489,-0.6655713275469328,0.6604545721774124,0.15309881726139943,-1.3374101408955936,-1.3915776363020254,1.1310706237898178,-5.129986705594363,-2.9512758829211307,-7.104002046939291,0.061784351640262136,-0.9665894845484002,0.1687682597019872,3.1289536195942382,-0.3919623533831995,-0.5146010557757776
4.932481527328491,-0.6655854753737189,0.6604439104830679,0.15312208225191287,-1.337337347649044,-1.391615703202163,1.1310496414606692,-5.082511140331473,-3.087222918014432,-7.399472593153323,0.0666133736274434,-0.9667181024548078,0.17808233499829257,3.128957434291504,-0.39195520082582647,-0.5146339575396937
4.934509754180908,-0.6655885989090695,0.6604412912967974,0.15313017226070103,-1.337332146892433,-1.3915989641812037,1.131108214112303,-4.99964405521756,-3.087451205673063,-7.123582317120083,0.06316734244737637,-0.9702112421310949,0.18921161064041472,3.1289498048969726,-0.3919170538531702,-0.5145772139178675
4.936537981033325,-0.6655817832041664,0.6604580508199995,0.15312734678226297,-1.3373534342865252,-1.3915905194184266,1.1310596012167777,-4.885005131104664,-3.089332729310391,-7.370759299987438,0.05638156326413098,-0.9659692013535617,0.19788440502170515,3.1289660173603515,-0.39195138612856084,-0.5145962874041956
4.938578844070435,-0.6655780530484945,0.6604775246263355,0.15313552065738079,-1.3373687172452011,-1.391572525492094,1.1310163368085902,-4.810090700887441,-3.4034844572935103,-7.147612681993823,0.06297020413229171,-0.9787124861404701,0.2008167712846591,3.1289779382893066,-0.39198333421816045,-0.5145872274981897
4.9406068325042725,-0.6655978417049108,0.6604674700381936,0.15314801242937331,-1.3373473991460465,-1.3915826957982864,1.1310539847644487,-4.782446722712509,-3.4836154413289737,-7.165096017998762,0.061822065526925665,-0.9737573805228955,0.2037591586498671,3.1289936739155273,-0.39196712175478154,-0.5145567099200647
4.94263482093811,-0.6656142263677407,0.6604498947491866,0.15315060929195795,-1.3373508339240971,-1.3915959557698994,1.1310618071016532,-4.738343557125093,-3.2551434202346217,-7.097106911714903,0.05576782774613104,-0.9750751205383686,0.21019722313859937,3.1289898592182617,-0.39198333421816045,-0.5145481268512171
4.944663047790527,-0.6656097404111322,0.6604731145010794,0.15318816219932685,-1.3373364770715537,-1.3915737940165174,1.1310099354343128,-4.833145837216586,-3.4022113923410133,-6.833166982204885,0.06213455333742857,-0.9805290497756473,0.2164945578071873,3.1290017801472167,-0.3920071760760706,-0.5145238081561487
4.9466917514801025,-0.6656171680226034,0.6604705432073215,0.1531809639660071,-1.3373271728417786,-1.391579318864404,1.1309826381530281,-4.708949243457147,-3.3210809679011795,-6.920423630989223,0.058308183008217926,-0.9777001138356682,0.2266478902028411,3.128974123592041,-0.39203101793398076,-0.5145238081561487
4.94872784614563,-0.6656147469729318,0.6604768251355196,0.15317946055339682,-1.3373529690057075,-1.3915622687696252,1.1310174475654184,-4.693256955252591,-3.372439256428447,-7.046228747693073,0.05583981665268272,-0.9750592082237053,0.2321905356209509,3.1289970117756347,-0.39201528230776006,-0.5144966284381312
4.950755834579468,-0.6656245140824818,0.6604803807788444,0.15318966316885335,-1.337382325790382,-1.391558967345516,1.1310043775425533,-4.416894029208947,-3.418317506913918,-7.217624069407492,0.053025316296009394,-0.9637711441143596,0.23599796246553179,3.129037066096924,-0.39204723039735967,-0.5144880453692835
4.952783823013306,-0.6656245140824818,0.6604803807788444,0.15318966316885335,-1.337382325790382,-1.391558967345516,1.1310043775425533,-4.416894029208947,-3.418317506913918,-7.217624069407492,0.053025316296009394,-0.9637711441143596,0.23599796246553179,3.129037066096924,-0.39204723039735967,-0.5144880453692835
4.9548118114471436,-0.6656451835290335,0.6604679344315405,0.1532046555570354,-1.3373333308978377,-1.3915674042137947,1.1310132069966317,-4.645724509396007,-3.272693040267718,-7.01457223580622,0.052293408636198496,-0.9737750809747685,0.24064640329544126,3.128997965449951,-0.39204293886293584,-0.5144456068622034
4.95684289932251,-0.6656475187009119,0.6604859102266777,0.1532211723457343,-1.3373123697809772,-1.391560555185049,1.1309760969179394,-4.540677110776475,-3.512524194773506,-7.0397497057621,0.055835308050904454,-0.9706928029154086,0.24449893021381577,3.129009886378906,-0.39205819765199834,-0.5144365469561976
4.9588706493377686,-0.6656572101317322,0.6604773281888808,0.1532385218141627,-1.3372835945886972,-1.391576452159644,1.1309596024869129,-4.47735118481082,-3.609484535463371,-6.9135157325478565,0.05266208308246298,-0.9613925576606569,0.23901106561035035,3.129006548518799,-0.3920672575580042,-0.5144432226764124
4.9608986377716064,-0.6656692010942952,0.660482063564972,0.1532832964287759,-1.337252496766558,-1.3915665923532963,1.130947610687453,-4.437085326877613,-3.6030128670268224,-6.718259719859999,0.05437937877780319,-0.9562032706968584,0.24532732091870546,3.129013701076172,-0.39207488695253545,-0.5143945852862757
4.962926864624023,-0.6657017994188383,0.6604541781796561,0.15327500625831136,-1.3371856748251087,-1.3916269563075674,1.130947942396094,-4.479911706964174,-3.4076977492869176,-6.80652963478806,0.048621727879286696,-0.9551714753422493,0.25038598244033666,3.129006548518799,-0.39207488695253545,-0.514435116444723
4.964954853057861,-0.6657018493736111,0.6604588001692634,0.1532823277310634,-1.3372332574761832,-1.391593504216925,1.130962746766351,-4.39806126829183,-3.730696397738673,-6.7738105523073155,0.05250671451722855,-0.9565985278876051,0.24719664486452397,3.129006548518799,-0.39209109941591436,-0.5143769423114222
4.966982841491699,-0.665691664033564,0.6604778732144592,0.1532950049846109,-1.337271014725605,-1.3915674706348642,1.130979085387751,-4.144961276239305,-3.7785054851015745,-6.829520343613052,0.049036164292972945,-0.955787391635498,0.2539679349345608,3.1290618616291503,-0.3920834700213831,-0.514357868825094
4.969010829925537,-0.6656827391768528,0.6604992862532539,0.15330859679172676,-1.337234207049947,-1.3915502226885719,1.1308883233932796,-4.189775534123091,-3.6152015495198144,-6.699464543688834,0.05240539383815201,-0.9588043791777056,0.2579746079979905,3.129002733821533,-0.39212209383119756,-0.5143497625934046
4.971038818359375,-0.6656925936751684,0.6604827010078811,0.15330778996732478,-1.3372168914210314,-1.3915793064198052,1.1309300802549762,-4.206181168647909,-3.2427194133307062,-6.582201484339331,0.048252771762097454,-0.9568444404816071,0.2603040086156549,3.1290337282368164,-0.39209252992738897,-0.5143750349627894
4.973086833953857,-0.6657011064360132,0.6604927268775304,0.15330880420396337,-1.3372679481761,-1.3915578130515525,1.1309267833551244,-4.299746361597002,-3.562929131440842,-6.558402617312547,0.04771586062290795,-0.9519172446906016,0.2542253394149163,3.129065676326416,-0.3921273390399378,-0.5143378416644495
4.975114822387695,-0.6657174038082588,0.6604727075968738,0.1533123942438049,-1.3372480225312766,-1.3915713950120052,1.1309700830090992,-4.215252477588159,-3.6113436138867328,-6.400749543057694,0.047070359437476825,-0.9516058076358724,0.2571395979826577,3.129053755397461,-0.39210731187929326,-0.5143139998065394
4.977143287658691,-0.6657318978722659,0.660473544124633,0.15334244577111544,-1.3371930544726602,-1.3915860616678468,1.1309101969022681,-4.177498060039197,-3.462173163571171,-6.590182393677663,0.04579099008301958,-0.9453470722738297,0.2626815234703391,3.129037542934082,-0.39213878313173467,-0.5143139998065394
4.97917103767395,-0.6657395291912834,0.6604728744144858,0.15333825029027928,-1.3371911366205471,-1.3915944998710632,1.130921996786279,-4.130329806575773,-3.637483910412719,-6.111690843186329,0.05172238057889348,-0.9507645338685022,0.2653578160745738,3.1290580469318847,-0.39213496843446904,-0.5143173376666468
4.981197357177734,-0.665761438507451,0.6604474618365426,0.15337764243139163,-1.3371077566765053,-1.391633599203791,1.1309444241918778,-3.8806322591150804,-3.665087805827871,-6.286722434108567,0.05124022683087354,-0.9447147293374231,0.2636195400719705,3.1290580469318847,-0.39210397401918584,-0.5143187681781214
4.983219623565674,-0.6657375330649624,0.660484450252225,0.1533666840915988,-1.337232426048724,-1.3915621942342598,1.1309056904478414,-3.8271272933066314,-3.558372555811347,-6.157586117500916,0.04812053647849883,-0.9473039900228288,0.2709716774298,3.1290809351154785,-0.39216643968691045,-0.5142725149737757
4.985243320465088,-0.6657591147494817,0.660472414929503,0.15337399534613566,-1.3371502055082405,-1.391588755610826,1.130899087804643,-3.6572583227538016,-4.048834684657431,-6.329457947974512,0.052585407992299965,-0.9475925234385231,0.2676228553437446,3.1290337282368164,-0.3921554724322718,-0.5142605940448206
4.987272024154663,-0.6657597338933042,0.6604741230329472,0.15337392601448718,-1.3372229944925578,-1.391570276691403,1.1309474728375741,-3.6610705185977723,-3.6771469499177396,-6.38542008295687,0.044622588900615594,-0.9485803768710463,0.282339537350288,3.1291000086018066,-0.3921554724322718,-0.5142367521869105
4.989300012588501,-0.6657615734495677,0.6604877039239894,0.15341687566710344,-1.3371638128832402,-1.3915590151119956,1.1309061624301673,-3.4828403100755043,-3.8525464865430012,-6.3444323789164665,0.041900074657770674,-0.9472609987251981,0.2852524120751521,3.129077597255371,-0.3921592871295374,-0.5142024199115198
4.991342782974243,-0.6657669379191328,0.6604809719818999,0.1533935823867966,-1.337186221640267,-1.3915711010245297,1.1308898112901096,-3.370496222736323,-3.7876119518526914,-6.286767175381009,0.043975975736591726,-0.9449739502387363,0.28210050437371903,3.1290737825581054,-0.3921869436847132,-0.5142276922809046
4.993370771408081,-0.6657673989176783,0.6604857677668464,0.15342713824200555,-1.3371306086674044,-1.39157678871144,1.130878954031587,-3.4421164672305737,-3.6561799528569447,-6.028822727915975,0.044039363439423426,-0.9435604109125872,0.29010581231102855,3.129077597255371,-0.39216739336122686,-0.5142243544207972
4.995398759841919,-0.6657693957395993,0.6604932403684789,0.15344347625527044,-1.337112010986627,-1.3915750500317094,1.1308556980615365,-3.12137291348227,-3.6416705273060557,-6.2579214857827985,0.03947388044928582,-0.9316264720505271,0.2942630558634968,3.129081888789795,-0.3921759764300745,-0.5142191092120569
4.997453451156616,-0.6657893163303359,0.6604820670806608,0.15344262167538206,-1.3370976446146219,-1.3915883173604573,1.1308556935801573,-3.2729295014879844,-3.87717712526071,-6.184359106295344,0.04021211389546913,-0.9391778910674691,0.2947907794233628,3.12906996786084,-0.392191235219137,-0.5142038504229944
4.9995338916778564,-0.6657915823936411,0.6604868833029897,0.15344022373967084,-1.3371067647747534,-1.3915813364459422,1.1308681627540491,-3.1238615181312728,-4.223793962112572,-6.163611668638868,0.042331111218698196,-0.9406969245280682,0.29850802155889766,3.129081888789795,-0.3921878973590296,-0.5141885916339319
5.001564025878906,-0.6657987549691554,0.6604868194523891,0.1534304022436236,-1.3371735325508205,-1.3915696415191279,1.1308746483242547,-3.049812899098142,-4.111845259530323,-6.219773942227986,0.036232338833041736,-0.9425121128291275,0.3108838371091195,3.129117174739502,-0.3922227064715784,-0.5141733328448694
5.003590822219849,-0.6658234179229672,0.6604637326260194,0.15344511481823503,-1.3371180923871013,-1.3915978075153763,1.1309039560131533,-2.9015903336955535,-4.25807146414983,-6.331141889809393,0.038966240753679264,-0.9344677364466933,0.30493611434728796,3.129101439113281,-0.3922036329852503,-0.5141561667071741
5.005611896514893,-0.665818488588199,0.6604824131742097,0.15347967261206857,-1.3370810369956014,-1.3915829384161844,1.130838416514692,-2.7556549541561584,-3.65342682969514,-6.065170523383294,0.03328693566113207,-0.9339153995611795,0.31954174935097823,3.129081888789795,-0.39222747484316045,-0.5141404310809534
5.007632732391357,-0.665820174229709,0.660485146737066,0.15345643970549872,-1.3371308349216904,-1.3915755081042178,1.1308406414707,-2.5703787864186927,-4.063983034219091,-6.2501446239122105,0.036459418355172676,-0.9235357814666206,0.31333170559281454,3.1290976244160156,-0.3922503630267542,-0.5141404310809534
5.0096564292907715,-0.6658289091890328,0.6604804845799728,0.15346288638784744,-1.337143895928064,-1.391571990035391,1.1308585969108407,-2.67593313516839,-3.9785736620437246,-6.075094119504836,0.031902735953705734,-0.9349938337537564,0.32260083560085107,3.129110022182129,-0.3922541777240198,-0.5141165892230433
5.011686325073242,-0.6658184147553091,0.6605110715740797,0.1534960851561064,-1.3371400772846151,-1.391547428593811,1.1308110391000712,-2.4151094240793167,-4.02403291333006,-6.047351697922043,0.03464460566735973,-0.9312109311199362,0.3266281972126781,3.1291448312946777,-0.39227086702455694,-0.5141046682940882
5.013717174530029,-0.6658421905021775,0.6604856105184033,0.15351512252513969,-1.337077948273753,-1.3915772645355264,1.1308365913000433,-2.4844585666529824,-4.275479488712268,-6.070139233876104,0.029269965962242683,-0.9319685492964638,0.32928054258801087,3.129121943111084,-0.3922513167010706,-0.5140894095050257
5.015747547149658,-0.6658482957748344,0.6604852061712012,0.15349765711712846,-1.3371186308721803,-1.391564064893763,1.1308474603588248,-2.340234049088144,-4.20607340900142,-6.080047198232397,0.03636585596518473,-0.9301903435538423,0.33705704837234524,3.1291181284138183,-0.39227086702455694,-0.5140622297870081
5.017777919769287,-0.6658512583166389,0.660481725876494,0.1535108599245072,-1.3370934416846305,-1.391572650077686,1.1308457672455363,-2.438417613537034,-4.159010252000757,-5.990367302530353,0.0356712527465821,-0.9365640805216974,0.3435072969798394,3.1291181284138183,-0.3922632376300257,-0.5140655676471155
5.019804954528809,-0.6658527297489758,0.660497701337817,0.15351146057069548,-1.337101057947328,-1.3915681493501848,1.130829065925608,-2.4505806096476386,-4.245205416426334,-5.969096020949239,0.028692388298622258,-0.9321114027912422,0.3487832051853197,3.129152937526367,-0.39227515855898076,-0.514068905507223
5.0218400955200195,-0.6658720370653692,0.6604841999171824,0.1535275828957174,-1.3370989382105547,-1.3915827253904258,1.130851113938071,-2.2100800313091398,-4.684547886478225,-5.991681109026748,0.0364913055929516,-0.9322418192003318,0.34988236781529247,3.1291844087788085,-0.3922789732562464,-0.5140565077411097
5.02388072013855,-0.6658808108841172,0.6604818722725733,0.15352914414021845,-1.337072131311648,-1.3915845440899042,1.1308315831123943,-2.071496080224595,-4.777501923961311,-6.060832224822964,0.0269102157947822,-0.9267525093234049,0.3449726065855901,3.129145784968994,-0.39229137102235967,-0.514038387929098
5.025909900665283,-0.6658612384989224,0.6605068887675131,0.15355056335779693,-1.3370719418116008,-1.391555686064094,1.130785548389263,-1.8683820112550673,-4.4837258333243355,-5.962112988298045,0.030435364762910963,-0.9237295088032501,0.3574912884581206,3.1291419702717285,-0.39230281511415654,-0.5140293280230921
5.027937889099121,-0.6658838768297465,0.6604877522936989,0.15356059889653617,-1.3370461702669358,-1.3915746792177635,1.1308296972778513,-1.909741207850586,-4.4163187103037025,-6.0026368379947925,0.027161371761213478,-0.9235989973209529,0.36147117207172086,3.1291495996662597,-0.3922842184649866,-0.5140054861651819
5.029966115951538,-0.6658911394401456,0.6604833955015761,0.15356396141614412,-1.337026135056405,-1.3915904044077556,1.1308003154545758,-1.770633301282489,-4.406601524250109,-6.099154230119133,0.025018439887448937,-0.9221330902168886,0.36480296198182355,3.1291419702717285,-0.39230281511415654,-0.5140240828143519
5.031995058059692,-0.6658813188021996,0.6604931395327255,0.1535642776727215,-1.337034729043332,-1.3915735797791051,1.1307973906738908,-1.6748447821147356,-4.826847301529397,-5.916348795275189,0.03141783377886695,-0.9328284222766844,0.36990761978817144,3.1291348177143554,-0.3922990004168909,-0.5140121618853968
5.034022808074951,-0.6658910614359996,0.6604977233885183,0.15356153546468648,-1.3370639917635032,-1.3915688071064567,1.1307893789156256,-1.7866504891206998,-4.628425005062761,-5.9479666566241365,0.024878848876008122,-0.9318177221437519,0.379200296510833,3.129161520595215,-0.3923271338092249,-0.5140002409564417
5.036050796508789,-0.6659015346506871,0.6604928850851307,0.1535478612898799,-1.337087841622539,-1.3915745866547617,1.1307974327732595,-1.6384396974329025,-4.6518363392655635,-6.009723197587331,0.02178065347048784,-0.9281399191630563,0.3831780511654683,3.1291772562214355,-0.3923428694354456,-0.5140002409564417
5.038078784942627,-0.6659104599915491,0.6604866089579865,0.15358259928037882,-1.3369927505998154,-1.3915916476288515,1.1307615431302633,-1.5175292599418784,-4.480762502474075,-5.9793761770398,0.02003074644991279,-0.926182326884548,0.3852940439648304,3.1291228967854003,-0.39233524004091436,-0.513991657887594
5.040106773376465,-0.6659110185011755,0.660502259591811,0.153582674005228,-1.337104133314265,-1.3915563997796425,1.1307626742355594,-1.6193714999291942,-4.596978482112967,-5.78778733957159,0.02108319580249527,-0.9340029425414603,0.3882963454721368,3.1292010980793457,-0.3923862616168421,-0.513961140309469
5.042134761810303,-0.665903117647221,0.660515609589313,0.15358420793556168,-1.3370275779133916,-1.391561025861593,1.1307036519407319,-1.4877374292595777,-4.7107223451249105,-5.832744731621865,0.02157571939000707,-0.9312859022234975,0.38806429395834485,3.1291348177143554,-0.39238244691957647,-0.5139759222613733
5.04420804977417,-0.6658979013976761,0.660511868639728,0.15358341702770173,-1.337071141646633,-1.391552276298083,1.1307622923289142,-1.4276657676559956,-4.656309382347844,-5.813943085437316,0.019601979896970642,-0.9349897867547308,0.39593262314184097,3.1291820245930175,-0.3923557440387171,-0.5139678160296839
5.046235799789429,-0.6659214456567412,0.6605045694245951,0.15360386259443085,-1.337110915720405,-1.3915330120167428,1.1308064502278075,-1.1671890198195738,-4.861411511860781,-6.0773144812564315,0.017549422021186777,-0.9268334606124612,0.39663578171801184,3.1292130190083007,-0.3923714796649378,-0.5138872305499476
5.048263788223267,-0.6659287596825301,0.6604883626722602,0.15359284937632448,-1.3370787772398807,-1.3915565263059335,1.1308259729712373,-1.0416685054872286,-4.7874764811229715,-6.023325208958001,0.02130625077899643,-0.9295772820952309,0.40669242561155683,3.1291891771503906,-0.39235097566713506,-0.5139029661761683
5.0502917766571045,-0.6659305073630878,0.6605124660499058,0.15362420854574435,-1.3370225073773572,-1.3915552436915397,1.1307255179724642,-1.2610665667017738,-4.803571162477783,-5.647454789297476,0.01453096343175743,-0.9371035612009643,0.40911110896564123,3.1291748720356445,-0.39239389101137334,-0.5139096418963831
5.0523200035095215,-0.6659423639668675,0.6605020584553438,0.1536144623824961,-1.337052303565595,-1.3915671078118224,1.1307032901581322,-1.0358975937598962,-4.787124320907892,-5.926162621751173,0.01565782662142807,-0.9309378933014445,0.41282551228298364,3.1291820245930175,-0.3924372831927698,-0.5139249006854456
5.05434775352478,-0.6659483862515615,0.6605032254373712,0.15361843731230052,-1.3370681394512332,-1.3915420894412114,1.130742142588066,-1.0265523483052108,-4.740324398198117,-5.891789337338173,0.018118136510622274,-0.9294973848702472,0.41411195239314785,3.129171057338379,-0.39242679277528936,-0.5138581434832972
5.056398153305054,-0.6659492064611379,0.6605028423825476,0.15362493494803348,-1.3370453705579897,-1.3915545871918868,1.1307379374878328,-0.8415120099404647,-4.808758440993554,-5.9297563898807715,0.01490908915655572,-0.9266628824499563,0.4122049393695808,3.1291820245930175,-0.3924177328692835,-0.5138772169696253
5.058427810668945,-0.6659796691971849,0.6604743259943573,0.15360748100642876,-1.3370748283960758,-1.3915813287559564,1.1307910839126782,-0.9118901312034049,-4.783669351558269,-5.7340839579918885,0.013866086933378388,-0.927966608981472,0.41595603334452724,3.1292130190083007,-0.39242679277528936,-0.5138705412494105
5.060459613800049,-0.6659607939876927,0.6604990554653006,0.15364006311159129,-1.3370504801668133,-1.3915489696018717,1.1307482691625628,-0.6715948352366319,-4.851973800570707,-5.878295005932079,0.017250525378120656,-0.9247538005244671,0.41918751356993833,3.129190130824707,-0.39242679277528936,-0.5138428846942347
5.062500715255737,-0.6659692971397247,0.6604881261785478,0.15361422700430172,-1.3370446097743682,-1.3915658793390369,1.1307784725317278,-0.6152138362594339,-4.7326797053096294,-5.784029225159884,0.014242955970852143,-0.9253247352040206,0.42405590643817964,3.1291820245930175,-0.39241058031191045,-0.5138528982745569
5.064528942108154,-0.6659829796999358,0.6604841205177693,0.15364250374643362,-1.3369959666830111,-1.3915874137219644,1.1307726810720908,-0.4221485552801503,-4.855622377583251,-5.874111000520799,0.011756399161610934,-0.9189877303324039,0.425274125406708,3.1292058664509277,-0.3924034277545374,-0.5138595739947718
5.066556930541992,-0.6659741493135182,0.660502905554218,0.15364518783405726,-1.3370428785382562,-1.391547662498921,1.1307701374512398,-0.4519999566425541,-4.972212515070111,-5.805124261857548,0.017807708976365952,-0.9204900457923402,0.4252222695527435,3.1292130190083007,-0.3924191633807581,-0.5138137976275843
5.06858491897583,-0.665968318420741,0.660513357616677,0.15365056486651713,-1.3370840133749327,-1.3915167030260334,1.130744667000895,-0.34884254678794857,-4.9134929603484565,-5.6872808615401045,0.013325994225342142,-0.9221490408151914,0.42570535678378923,3.1292010980793457,-0.39245397249330694,-0.5137794653521937
5.070612668991089,-0.6659872053221997,0.6604966657402978,0.15364965447961604,-1.3370213716806156,-1.391560983698832,1.13073248996926,-0.4101754405767357,-4.983226962480924,-5.575056532585619,0.011850556028311011,-0.9261019274278118,0.42182155031432705,3.129190130824707,-0.3924506346331995,-0.5138171354876917
5.072640657424927,-0.6659903016045445,0.660500011384189,0.15365912469308918,-1.3370033051354926,-1.3915661738737133,1.130706666489174,-0.26965909216461337,-4.812574905943399,-5.4697580515005715,0.014466348974214643,-0.9228789577400435,0.4250216794464159,3.129190130824707,-0.3924625555621546,-0.5138238112079065
5.074668645858765,-0.665998068242147,0.6604975619067679,0.1536604294332437,-1.3370285449367907,-1.3915615426253216,1.1307447554681664,-0.25608772564291926,-4.639563414068963,-5.624032882364087,0.013888692726106835,-0.9144350379858982,0.42705588632343733,3.129224939937256,-0.39245492616762334,-0.513801399861471
5.076697111129761,-0.6660213538309112,0.6604872953287874,0.15367326054863056,-1.33700071614651,-1.3915803888597853,1.1307382661159942,-0.3459722185120435,-4.722508748303411,-5.4999598466668465,0.022247007970523668,-0.9188959602859484,0.42710657404013563,3.1292287546345214,-0.39247066179384404,-0.5137899557696741
5.078725814819336,-0.6659994656713141,0.6605133478006778,0.15369566697899772,-1.336953650190991,-1.391566365651728,1.1306765146481705,-0.021892299295918516,-4.826302455641729,-5.518133293088195,0.01508170712324293,-0.9159154310296135,0.42751754832909544,3.1292058664509277,-0.3924668470965784,-0.5138047377215784
5.080753803253174,-0.6660056539439528,0.6605154577221259,0.1536864068659634,-1.3370281218799176,-1.3915361341509962,1.130700608917571,-0.025364806458173073,-4.673667166204797,-5.43833791883699,0.010498975962815717,-0.919310954967648,0.433338418690739,3.1292216020771484,-0.3924945036517542,-0.5137503782855433
5.082781791687012,-0.6660255321410664,0.6604890455161921,0.1536898167462432,-1.3369613669945215,-1.3915765159580389,1.1307097672895439,0.10346176479735436,-5.044747288012944,-5.507538158594093,0.016461473760893852,-0.9185327121378989,0.4279474035567208,3.1291867929645996,-0.3924792448626917,-0.513766113911764
5.084810018539429,-0.6660377734366112,0.6604843954298513,0.15368466024733363,-1.3369815431753067,-1.3915817721233077,1.1307388306383392,0.05171950326519159,-4.9362464235031025,-5.355918225497378,0.011218780852067602,-0.920337083730326,0.43187671425616525,3.1292216020771484,-0.3924792448626917,-0.5137570540057581
5.0868377685546875,-0.6660484100999721,0.6604841027864886,0.15367557792825326,-1.3370272643274086,-1.3915672732205402,1.1307387927474188,0.31828261172784034,-4.964128509478842,-5.448717745426411,0.012914993298727417,-0.9130217232346057,0.43417424828296725,3.129224939937256,-0.39251405397524053,-0.5137231985675257
5.0888659954071045,-0.6660299980555622,0.6605015828509869,0.15370460851211964,-1.3369520772297765,-1.3915677366464458,1.1307004991988265,0.18938843849558595,-4.618877928047581,-5.248388879073439,0.011665304342754652,-0.9150934109066209,0.43627970132279675,3.1292058664509277,-0.39248353639711553,-0.513745133076803
5.090893745422363,-0.6660351493372375,0.6605022772060676,0.15368519554325905,-1.3370038846537915,-1.3915578894638478,1.1307034918849526,0.3425881174067892,-4.681175368513587,-5.466717906631347,0.009979028682722615,-0.9096736104011671,0.4395089762461785,3.1292177873798828,-0.3925116697894495,-0.513733212147848
5.092921733856201,-0.6660543587919666,0.6604883335617083,0.15370258366655726,-1.3369739209117792,-1.3915773249160182,1.1307084573182176,0.3517435080899314,-4.983632710419835,-5.720380321964479,0.0038110970197507144,-0.9049899892457093,0.43594749638258623,3.1292216020771484,-0.39251500764955694,-0.5137246290790003
5.094949722290039,-0.6660449566258713,0.6605145085923916,0.15370901677568843,-1.3369808604848796,-1.3915505726899315,1.130668381227584,0.43724721040660897,-4.710329957878701,-5.410220618515392,0.01075308585300104,-0.9096675605294946,0.44300023857292814,3.1292216020771484,-0.39253455797304326,-0.5137060324298304
5.0970118045806885,-0.6660446513494083,0.6605098941117808,0.15367020714668522,-1.3370142118880068,-1.3915474705120365,1.1306662405368322,0.506148455790995,-5.22296881728985,-5.222514039585902,0.01628797484429599,-0.9122253750469432,0.4350784207865521,3.1291867929645996,-0.3925536314593714,-0.5137093702899378
5.0990400314331055,-0.666057916330755,0.6605014954688293,0.1536678338050349,-1.337025028214134,-1.3915473896651813,1.13072534014518,0.6499382041149915,-4.819229918168827,-5.460959498356823,0.00902687355519144,-0.9070915179289355,0.44620534409616647,3.1292096811481933,-0.39253074327577764,-0.5136755148517054
5.101068019866943,-0.6660569443077944,0.6605058734255085,0.15369123330395726,-1.3369909005130565,-1.39155379879,1.1307043619931938,0.6954526005774856,-4.928749861396485,-5.12088141597815,0.008341958701251435,-0.909019840532923,0.4435818127080678,3.1292177873798828,-0.392526928578512,-0.5136855284320276
5.103095769882202,-0.6660676033462538,0.6604982733316573,0.1537149728229883,-1.3369574691944552,-1.391560083991621,1.130695996725428,0.6591282915728399,-4.6661530829281,-5.29966741216715,0.009617542418882782,-0.9002726567962743,0.44917499788078624,3.129202051753662,-0.39253074327577764,-0.5136664549456995
5.105123996734619,-0.6660743023859088,0.6605013268328259,0.1536868640737685,-1.3370180522804906,-1.3915590044743884,1.1306667213184514,0.5662979413378689,-4.814078998732224,-5.02747054225433,0.009509149282728155,-0.9050685906416704,0.44466556627714776,3.1292216020771484,-0.392585579548971,-0.5136821905719202
5.107152938842773,-0.6660828003622327,0.6604941755021159,0.15367586195843297,-1.336994437485712,-1.3915767787452114,1.1307035753526677,0.7609435011243861,-4.690572547570382,-5.175496390457112,0.0050656914826283095,-0.9015856034871766,0.45333626857661197,3.129230185145996,-0.3925545851336878,-0.5136888662921351
5.109180927276611,-0.6660963336695838,0.6604750138200322,0.15367327897361716,-1.336998789863797,-1.3915952366634885,1.1307337969101412,0.8419649401593455,-4.945351592276023,-5.054140999562772,0.00893713364153697,-0.9045458295523715,0.45064359345170896,3.129242106074951,-0.39255077043642217,-0.5136922041522425
5.111208915710449,-0.6661056963417771,0.6604838452149004,0.15368918423768835,-1.3369912918846574,-1.3915827960421745,1.1306786472764287,0.6824657472426079,-4.805883185668576,-4.99844733231799,0.004741442152764674,-0.9041713576968536,0.45812872895508305,3.1292177873798828,-0.3925979773150843,-0.5136612097369593
5.113236904144287,-0.6660939143595025,0.6604941449077488,0.1536613041284522,-1.337018875925482,-1.3915631750737825,1.1307009045498966,0.9946174018323839,-5.0390965031548705,-4.984680494709336,0.011439722973484515,-0.899278196807953,0.45596797336895595,3.1292058664509277,-0.3925822416888636,-0.5136492888080042
5.115264654159546,-0.6660924995381876,0.6605008034401854,0.15367849695788546,-1.337036292758766,-1.3915425304729356,1.1307007668306748,0.9652872995150299,-4.9557498979621775,-4.952264024004712,0.005199157093989382,-0.8997244887652559,0.45874944475059853,3.129213972682617,-0.39259082475771123,-0.5136154333697718
5.117292642593384,-0.6660942815507789,0.6604928906829292,0.15364174256663687,-1.3370404918381984,-1.3915570074248866,1.1307270758060108,0.9761697975427122,-4.968904530009451,-5.0064616366292425,0.007492704318653287,-0.8976715093931735,0.46099953187597326,3.129202051753662,-0.3925746122943323,-0.5136373678790491
5.11932110786438,-0.6661123588547595,0.6604884565224304,0.15366412019712963,-1.3369994712878743,-1.391569172567906,1.1306991260118366,1.1253348711710385,-4.866038621463578,-4.818832671887844,0.007477659053683604,-0.8983850668609913,0.4634272597784506,3.129190130824707,-0.39259463945497686,-0.5136221090899866
5.121349096298218,-0.6661156540107785,0.6604948141955189,0.15367656482119824,-1.3369994877791989,-1.3915735128804643,1.130708514795557,1.010991746995022,-5.08627595830426,-4.732332314335027,0.010829733828889618,-0.8948272057239467,0.4586630664681613,3.1292411524006347,-0.3925870100604456,-0.5136287848102015
5.123376846313477,-0.6661072479288261,0.6605056651546671,0.15366387688668404,-1.3370359116103958,-1.3915457836509366,1.1307010220492089,1.1687165707565184,-4.895926385119409,-4.66488574569604,0.007817307202094802,-0.8917462381718514,0.46284411733814446,3.1292216020771484,-0.3926027456866663,-0.5136016050921839
5.1254048347473145,-0.6661249601380216,0.660490450098693,0.15368672138430456,-1.3369511820880275,-1.3915850057074939,1.1306913858042138,1.4013486129683574,-5.121358913693996,-4.7564841295764175,0.006404935992534347,-0.8853831933326375,0.46055443126278267,3.1292096811481933,-0.3925870100604456,-0.5136221090899866
5.127432823181152,-0.666128843501189,0.6604859492181685,0.15367984578301064,-1.3369355458881709,-1.3915848010740892,1.1307210815009734,1.456208375995376,-5.337972714023977,-4.534911525811627,0.0063225133484632184,-0.8887771805107928,0.463475159548072,3.129190130824707,-0.39256364503969365,-0.5136016050921839
5.12946081161499,-0.666117362701551,0.6605109890946688,0.15366836872330847,-1.3369994133782224,-1.3915599995104313,1.1306490613108695,1.4889482446668205,-5.170611030337511,-4.588992957215012,0.007364120447495376,-0.8859864395864832,0.46946646579613094,3.1292096811481933,-0.3926304022418421,-0.5136163870440882
5.131488800048828,-0.6661229194274596,0.6605047859895561,0.15362235100348576,-1.3370500192397687,-1.3915489486461277,1.1306936937975958,1.350910265551553,-4.844759058611223,-4.678422754649858,0.0011473879170910972,-0.8741358005976052,0.4741802530626223,3.129190130824707,-0.3926304022418421,-0.5135892073260706
5.133516788482666,-0.6661312584111938,0.660501344297572,0.1536261517568557,-1.3370462189799468,-1.3915589550598941,1.1306854266726287,1.5880976069836206,-5.012144453715558,-4.391696714447631,0.006282680262312379,-0.8717749537072917,0.4699018281541762,3.129202051753662,-0.39264232317079717,-0.5135958830462855
5.135544776916504,-0.6661377215100186,0.660502993494589,0.15363345991725813,-1.3370307600415094,-1.3915556160117784,1.1306808256667762,1.54101817448646,-4.968972586146878,-4.3380361836431875,0.0036473105570049985,-0.8655947237470173,0.4727932292806334,3.129190130824707,-0.3926456610309046,-0.5135739485370081
5.137572765350342,-0.6661357233718935,0.6605037561447301,0.15363084697657484,-1.3370408123572588,-1.3915481847331825,1.130695544461999,1.7630900025675487,-5.079891764094061,-4.1955204106950275,0.004926318104117866,-0.8572800336626186,0.47447249428753246,3.129190130824707,-0.39263850847353154,-0.513562027608053
5.13960075378418,-0.6661607129824951,0.6604737447026748,0.1536195835556722,-1.3370320638977184,-1.3915835801097005,1.1307699507622972,1.8099097029840479,-4.927644326999891,-4.163479401235387,-4.782700978621379e-05,-0.8477844562635927,0.47937976694231693,3.1292168337055664,-0.39260751405824834,-0.5135653654681605
5.141631603240967,-0.6661610547488739,0.6604820235156708,0.1536241635635363,-1.336988206551447,-1.391589977486315,1.1307021924805474,1.8702131035813618,-4.861206192206188,-3.700996362038451,0.005383085762122222,-0.842599271613082,0.4825533429837115,3.1291748720356445,-0.3926346937762659,-0.513580624257223
5.143660068511963,-0.6661621149355983,0.6604781009588407,0.15360842825764762,-1.3370076410185865,-1.3915885545398408,1.1307493064127991,1.8455980777480372,-4.871346303510891,-3.8009002477848965,0.003344253925669005,-0.8309614943788112,0.4804873375534708,3.129190130824707,-0.39261085191835576,-0.5135720411883753
5.145687818527222,-0.6661420772700786,0.660509580224949,0.15358901092740096,-1.337076815170529,-1.3915432318334986,1.130718961690969,2.0595507421371324,-4.685922830689116,-3.7210745480673713,0.003552519329943618,-0.8178938793963414,0.4829307430829108,3.1291977602192382,-0.39264232317079717,-0.5135534445392054
5.14771580696106,-0.666173573167366,0.6604823208822993,0.15358123019440056,-1.33710784415978,-1.3915491274493796,1.1307761387021327,2.205633041532012,-4.993245281348012,-3.7150433424486393,0.0048730355392860025,-0.7984775194542604,0.4756177254727608,3.1291977602192382,-0.39265472093691045,-0.513498608266012
5.149777173995972,-0.666182678335924,0.6604785781170187,0.15357434916079246,-1.337085545680779,-1.3915684267174948,1.1307711214768388,2.22780943889287,-5.081777645275732,-3.3722413041850348,0.0011074920050619386,-0.7926253878741564,0.47688009712638074,3.1292010980793457,-0.39265472093691045,-0.5135176817523401
5.151810646057129,-0.6661856524473139,0.6604770809836253,0.1535595849308592,-1.3370819825268785,-1.3915687799299288,1.1307739607889051,2.287812087424897,-5.055825741995784,-3.3959687761015105,0.005294825690038613,-0.7779355854093334,0.48062652576792747,3.129178209895752,-0.39265472093691045,-0.5135110060321253
5.153838872909546,-0.6661776822385198,0.6604881730402987,0.15356199409173582,-1.3370803091165695,-1.3915556000597948,1.130787011901341,2.1897447812644204,-4.988477451688963,-3.0585332586478238,0.006183237306795375,-0.7691150431212977,0.48635399009367897,3.129185839290283,-0.3926346937762659,-0.513498608266012
5.155866861343384,-0.6661754787947194,0.6604980482490632,0.15354308852964577,-1.337084718714151,-1.3915540671558757,1.1307447051005532,2.3624173508157336,-4.605775097934195,-2.8731675761818,0.0037474735260064063,-0.7557070782176832,0.49266445641860884,3.129166288966797,-0.3926628271685999,-0.5135143438922327
5.157894849777222,-0.6661941984426567,0.6604740957049137,0.1535537168552058,-1.3370345456602875,-1.3915763258141218,1.1307835862918616,2.5188388893902154,-4.717788422488672,-3.04525921898356,-0.0019212796158052103,-0.7411074777492321,0.4921684279470298,3.129138632411621,-0.3926346937762659,-0.5134933630572718
5.15992283821106,-0.666195605823509,0.6604742215356877,0.15351876640957568,-1.3371055027502932,-1.3915711005733002,1.1308023626943127,2.5665217616080045,-4.900436344144449,-2.7654794454272364,0.0028195400396489045,-0.7312008669514498,0.4924564366473848,3.1291701036640625,-0.39265472093691045,-0.5135019461261194
5.1619508266448975,-0.6662042043490821,0.6604714115107658,0.15352528378278157,-1.3370511554871327,-1.3915895752208074,1.1307990702696507,2.701950849269452,-4.643731328670264,-2.8015587179151837,0.005751442227813833,-0.715647876984048,0.4957692815402231,3.129157705897949,-0.39263850847353154,-0.5135086218463343
5.1639790534973145,-0.6662019962210737,0.6604770894210393,0.15352626836687672,-1.33706689855613,-1.3915730504384078,1.130796276701071,2.7153577045900037,-4.854822574076536,-2.5226970350179534,0.005075859582423431,-0.7085690990585237,0.4921814426774628,3.1291495996662597,-0.3926470915423792,-0.5134847799884241
5.166006803512573,-0.6662027215319526,0.6604809185609852,0.15349923013585534,-1.337109162797332,-1.3915573647170079,1.130815216425191,2.8724963460733166,-4.803463117306781,-2.240454690932394,0.00404513310957802,-0.7000601942217373,0.4994922111464488,3.129145784968994,-0.39265472093691045,-0.5134628454791468
5.168034791946411,-0.6662263843811428,0.6604537584538062,0.15348504842538777,-1.337050463715151,-1.3916094702282862,1.1308321317490935,2.727990692034591,-5.0777386384451,-2.1568763784555793,-0.0004982707039017098,-0.6868429599993591,0.4939667317606849,3.1291300493427734,-0.39263850847353154,-0.5135000387774866
5.170063257217407,-0.6661865649158196,0.6604969821286483,0.15349635528808342,-1.3371111687693586,-1.3915412513242529,1.1308227514512459,2.868174239454272,-4.741797200694365,-2.2725172848866486,-0.0022516368751931137,-0.6745484146545605,0.50383720294317,3.129152937526367,-0.3926308790790003,-0.5134628454791468
5.1720921993255615,-0.6661895598679674,0.6604919915493698,0.1534529455621293,-1.337156452050123,-1.3915354191722307,1.1308268520027989,2.9975299326041354,-4.921055431431325,-2.268733316629064,0.004156011192619394,-0.6596800172443583,0.503312377999667,3.129121943111084,-0.39265472093691045,-0.5134576002704065
5.174121141433716,-0.6662129202309603,0.6604865716497405,0.15348469274077253,-1.3370576562553336,-1.3915742376947553,1.1307954659031103,3.044783262472601,-4.942603659588359,-1.7666286425806152,0.002287568744864188,-0.6506552755502784,0.5055763200351132,3.129121943111084,-0.3926509062396448,-0.513472859059469
5.17615008354187,-0.6662087371864905,0.6604880164183228,0.15344053370683897,-1.3371053542590108,-1.391564518450819,1.130815563364577,3.0486194764316004,-4.6094467484442845,-1.7088872076882011,0.003910485484855661,-0.6509237873808172,0.5100309601678752,3.129110022182129,-0.39265472093691045,-0.513472859059469
5.178179025650024,-0.666203848857565,0.6604977886049306,0.15343097514062742,-1.3371296154718322,-1.3915522902838875,1.1307903696375134,3.187629429827556,-5.0450203985411015,-1.644316642105367,0.003101049700316383,-0.6311095169759938,0.5011369073868949,3.1291062074848632,-0.3926785627948206,-0.513472859059469
5.180208683013916,-0.6662247922043103,0.6604551676238284,0.15338914777704782,-1.3371475213531228,-1.39157252276026,1.1309137845875945,3.1164781845169163,-4.8153492034270595,-1.6746607474187254,0.0010870755111745123,-0.6225001587170405,0.5044821073525212,3.1290785509296875,-0.3926275412188929,-0.5134418646441858
5.182237148284912,-0.6662058388949359,0.6604973123728406,0.15340191486014215,-1.3371768365057004,-1.3915308722925934,1.1308541701235353,3.27248961522941,-4.8075084079236285,-1.4116626771783847,0.002857635156634883,-0.6283526260634325,0.5143265562918357,3.1291062074848632,-0.3926590124713343,-0.5134270826922815
5.184260368347168,-0.6662133909338395,0.6604873245375259,0.15339260968777074,-1.3371587606706579,-1.3915361969395799,1.1308684135909142,3.335094533895444,-5.103355814671101,-1.5663446170666329,0.0032038992474116568,-0.619702868058192,0.5187657693115927,3.12906996786084,-0.3926509062396448,-0.5134113470660608
5.186284303665161,-0.6662273689962906,0.6604703192365301,0.15337071589254964,-1.3371578874569794,-1.3915632679568144,1.1309138203875708,3.3607727372407408,-4.965393817970911,-1.265993000574667,0.006044517923793152,-0.6170049354028707,0.5218057123793218,3.129089518184326,-0.3926308790790003,-0.513430420552389
5.188313007354736,-0.6662375215483155,0.660467996076001,0.15335160621647573,-1.3371783800971933,-1.3915617314385353,1.1309042163663832,3.4122225635798173,-5.042513497116335,-1.228377088528374,0.003500466476468775,-0.6065221676868191,0.5142126106344167,3.1290737825581054,-0.3926590124713343,-0.5134180227862757
5.19034218788147,-0.6662107757174975,0.6604948916161275,0.15336134707949917,-1.3371542938414398,-1.3915393249360872,1.1308259574237989,3.6224998414042338,-4.718355881417585,-1.366705471265865,1.745701542271716e-05,-0.5971397967909361,0.5211237497554417,3.129030390376709,-0.392674748097555,-0.5134337584124964
5.1923723220825195,-0.6662212038282238,0.6604791847540803,0.15333731801392636,-1.3371401014690913,-1.3915590538434788,1.130896579167565,3.573541642772412,-4.8803663689214165,-1.0880476434507362,0.0024046152101354357,-0.5960736496262061,0.5196958234754764,3.1290337282368164,-0.3926275412188929,-0.5134337584124964
5.194399833679199,-0.6662400816397929,0.6604697139314087,0.15333658822325225,-1.3371325590214305,-1.391574972423118,1.130855045269067,3.674769236942505,-5.081663652674873,-1.1382236141349222,0.0005547915324101149,-0.5873613347211591,0.5244984033406185,3.1290151315876464,-0.392674748097555,-0.5134370962726038
5.196443319320679,-0.6662121042944066,0.6604947308066142,0.15329730693016566,-1.3372128884532362,-1.3915324171630497,1.130880821000319,3.829844237883596,-4.981370289027968,-0.9348245785591193,-0.0005601831454408734,-0.5867729596661855,0.5245527704438895,3.129030390376709,-0.3926628271685999,-0.513428036366598
5.198484659194946,-0.6662334762554059,0.660492450578811,0.15329923118446112,-1.3372307498542415,-1.3915315552946015,1.1308388193838523,3.769640996365951,-5.067281440008638,-1.0134980500298816,0.0007712277703714604,-0.5797704394577751,0.5269076500353018,3.1290222841450195,-0.3927252928363245,-0.5134032408343714
5.200512886047363,-0.6662453250404702,0.6604772396514831,0.1532896964035738,-1.3371875414302343,-1.391562105391831,1.1308733685034118,3.828075266386385,-4.939671100881561,-0.834436923585498,-0.004773271695835607,-0.571190945872323,0.5246031221723171,3.129018946284912,-0.3926909605609339,-0.5134213606463831
5.202570199966431,-0.6662268868751331,0.6604929079101942,0.15325365156762927,-1.337234403496505,-1.3915336316791391,1.1308822142657875,3.7751773472849797,-4.849102314077864,-0.697478994155173,-0.004734671213134908,-0.5703260568854682,0.5319798991895457,3.1290017801472167,-0.39268714586366826,-0.5134132544146937
5.204599142074585,-0.6662441302225688,0.660481530354392,0.153255060396002,-1.3372225890601017,-1.391549500218097,1.1308584895667833,3.9821988164468163,-5.282667570012648,-0.7697688374255247,0.0023345368007650635,-0.5595308447944544,0.526373448832861,3.128986044520996,-0.39271814027895147,-0.5134132544146937
5.206630229949951,-0.6662392522357158,0.6604782666031408,0.15321451942694114,-1.337274332098308,-1.3915337071842366,1.1309255882014013,4.166025030564249,-4.936153615412329,-0.7654039553456867,-0.004810448078405041,-0.5550739078991634,0.5359365653906091,3.1289827066608886,-0.3926909605609339,-0.5133908430682581
5.2086570262908936,-0.6662261173958771,0.6605084816704357,0.1532162381745662,-1.3372388461068303,-1.3915187639870683,1.130875588024712,4.436024189475732,-5.029296127254335,-0.5504473100726698,-0.001151464651883663,-0.5448438977930583,0.5336576841646996,3.1289660173603515,-0.3926909605609339,-0.5133941809283655
5.210680723190308,-0.6662351852452836,0.6604882095981742,0.15319704066307066,-1.3372820876986724,-1.3915249250922386,1.1309532103649422,4.589648044967485,-4.9364296234323275,-0.5375504313684598,-0.00546276742274239,-0.5349412259872572,0.5350123770679542,3.128993197078369,-0.39266759554018194,-0.5133822599994105
5.212706089019775,-0.6662422330529224,0.660486652335983,0.15318897295945555,-1.337257196720467,-1.391544182638601,1.1309017463511104,4.495432786962907,-4.898390726941171,-0.379768737587457,-0.0031144001061399057,-0.5314200467176431,0.5353313420790462,3.128969832057617,-0.39269858995546514,-0.5134132544146937
5.214733839035034,-0.6662584985574711,0.6604687573743004,0.15317694061279927,-1.3372233402232854,-1.3915692466545808,1.1309371461962932,4.5704562781665965,-5.1158811773381245,-0.23536458413194772,0.0010012068687403342,-0.5238330190511368,0.5329443417932783,3.1289536195942382,-0.392674748097555,-0.5134132544146937
5.216761827468872,-0.6662427120659808,0.660475805061721,0.15316213712513183,-1.337223031057195,-1.3915506919052814,1.1309434990562637,4.7973250081727805,-5.070092485500976,-0.537237649478139,-0.006041056973423983,-0.5123054903160889,0.5414377712074273,3.12891070425,-0.39265567461122686,-0.5134008566485804
5.218790531158447,-0.6662442578549377,0.6604796843231647,0.15315556007386372,-1.337212350987054,-1.391557230798029,1.1309351243468586,4.731701639959896,-5.0637692782929005,-0.12928592280289253,-0.003607842956738619,-0.5131508671218294,0.5460792254144435,3.1289140421101074,-0.39265567461122686,-0.5134132544146937
5.220818758010864,-0.6662582596095095,0.660476465517726,0.15312688593663576,-1.3372809633786351,-1.3915500748667382,1.130932135628836,5.051722493900029,-5.1074033223889055,-0.039281688583900576,-0.0009914041554507647,-0.5003674935337596,0.5437807301626857,3.1289259630390625,-0.3927057425128382,-0.513397518788473
5.222877264022827,-0.6662742955101242,0.6604635660557802,0.15308055039651983,-1.337284897885155,-1.3915671625989583,1.1309460309477561,5.074567663690278,-4.989198082404121,0.25075040557388806,-0.007091618750637907,-0.4815313437475833,0.5512939260064783,3.128889723415039,-0.39271480241884404,-0.5134008566485804
5.22490668296814,-0.666263326241097,0.6604778851389859,0.15310211950382588,-1.337218234549861,-1.3915688743420176,1.1308957631665526,5.29179183034177,-4.7160907411187365,0.28632338838878557,-0.0038773953423873603,-0.4756922626021454,0.5556830226438074,3.128858728999756,-0.3927057425128382,-0.5134165922748011
5.226951599121094,-0.6662412219114997,0.6604871770717865,0.15305581385375672,-1.3373087417922487,-1.3915305780051461,1.1309610042025249,5.524391978578449,-5.152328310139638,0.36639304094435277,-0.004522300737064069,-0.4633430710968815,0.554616438662445,3.128865881557129,-0.3926799933062952,-0.5133941809283655
5.228982210159302,-0.6662557818001031,0.6604875416982661,0.15305465548949904,-1.3373123893122303,-1.3915286180575017,1.130944055253493,5.6179754783866445,-4.885654749795776,0.4477410069017962,-0.007880579001783086,-0.46172201137498675,0.5654570759472279,3.1288577753254394,-0.3927095572101038,-0.5133703390704554
5.231011152267456,-0.6662684711188118,0.66046521863303,0.1530025582383085,-1.3373794591043666,-1.3915364461174187,1.1310035621127592,5.803553794433687,-5.0490069830421564,0.42468597243772477,-0.007825955237367663,-0.4456313526791274,0.5678762452313547,3.1288577753254394,-0.39271480241884404,-0.513367001210348
5.23304009437561,-0.666263237602624,0.6604633331361689,0.1530005250500816,-1.337334433350219,-1.391555589156628,1.1310066640525984,5.955271231915218,-5.267410802150702,0.5283674602728055,-0.008952671012192243,-0.43567219611264546,0.5715528710247448,3.12884966909375,-0.39268333116640264,-0.5134008566485804
5.235068082809448,-0.6662755316915973,0.6604617416123858,0.15299088653918766,-1.3373380181371513,-1.3915457851327384,1.1310093811091235,6.042524040711469,-5.185579188814635,0.7322305627847708,-0.010413842842316876,-0.42836433499404813,0.5733725472783174,3.1288177210041503,-0.39269858995546514,-0.5133584181415003
5.237097501754761,-0.6662630428235166,0.6604757191016633,0.15296033624823016,-1.33737617943486,-1.3915396053576607,1.1310044658596223,6.1490704243175935,-5.31589599878593,0.6622399498943327,-0.00881575861797182,-0.41629536156943936,0.5767650377229129,3.128840609187744,-0.39270240465273076,-0.5133889357196253
5.239125967025757,-0.6662732432900664,0.6604615652607988,0.15295414204884478,-1.3373372594967898,-1.3915597098797516,1.131016934097548,6.197336268970979,-4.991109348693206,0.8818392126615352,-0.006052757896765709,-0.4099742516363207,0.5885955465179843,3.128809614772461,-0.39268714586366826,-0.5133922735797327
5.241154193878174,-0.6662535655101016,0.6604841786284694,0.15293076560228486,-1.337383028005945,-1.391522823914668,1.1310115579409836,6.2009791899844044,-5.206193291324348,1.3050609932086896,-0.010905257975308433,-0.3823556206120144,0.5854524018320854,3.128797693843506,-0.3926914373980921,-0.5133736769305628
5.243183135986328,-0.6662710787518598,0.6604657843548619,0.15290456984589637,-1.3374085712710504,-1.3915330753953654,1.1310526129863587,6.205459921159924,-5.11852254464873,1.597940567621366,-0.013226626081554962,-0.3507600681206923,0.5826437533491451,3.128792925471924,-0.3926947752581995,-0.5133584181415003
5.245210886001587,-0.6662613787296111,0.6604679155476626,0.15289352759535024,-1.3373778137064583,-1.3915348688861897,1.131025131249864,6.34350966290904,-4.819469189395356,1.7308881313482531,-0.01186883346561697,-0.31660657732570585,0.5820904186547072,3.1287385660358886,-0.3926909605609339,-0.5133736769305628
5.247239112854004,-0.6662684484305404,0.6604687987709978,0.15287043368586856,-1.3373769694156294,-1.391547233974773,1.1310146858130605,6.076420167382805,-4.7101937633289035,2.1889757947487594,-0.006149021580415165,-0.28944940179224465,0.5778516023883593,3.128737612361572,-0.39270240465273076,-0.5133922735797327
5.249266862869263,-0.6662832166316298,0.660451624144457,0.15284509496179463,-1.3374026162524584,-1.391548298510145,1.1310740563435753,6.297730233442742,-4.871427287738792,2.7503084822931854,-0.006095114699089771,-0.2647680878158547,0.5767580949208136,3.128725691432617,-0.3926909605609339,-0.5133584181415003
5.251294851303101,-0.6662697372370291,0.6604687766809552,0.1528451015106743,-1.3374109934855338,-1.3915294751465759,1.1310576219965305,6.075272881228843,-4.545842996068361,2.8600809904336764,-0.011941997085790496,-0.23617254439416177,0.5786825700429463,3.128725691432617,-0.3926909605609339,-0.5133550802813929
5.2533228397369385,-0.6662705561253355,0.6604565402645547,0.15285169363608567,-1.3373421025409198,-1.3915535753513657,1.131048226203965,6.147029896029692,-4.655790583341446,2.667137320635156,-0.005394408527395644,-0.22523913145539212,0.5709435106041791,3.128678484553955,-0.39266759554018194,-0.5133770147906702
5.255373477935791,-0.6662695573457771,0.660458192971718,0.15279105311240326,-1.337429014117793,-1.391544461993855,1.1310795092078796,6.055222046350409,-4.718734699193488,2.7646019447352876,0.0045063752490733106,-0.2112610991509721,0.5679168679941098,3.128697558040283,-0.39268333116640264,-0.5133855978595179
5.257427930831909,-0.6662773701843192,0.6604533174652379,0.15278724214614597,-1.3373942567596484,-1.39155026604435,1.1310599051954637,6.117783643478542,-4.51120138869445,2.845064578356808,0.0014596048465249228,-0.19685140396865375,0.5831252824313309,3.128646059627197,-0.3926914373980921,-0.5133736769305628
5.2594568729400635,-0.6662673294540324,0.660468896089653,0.15275954496263544,-1.3374743574655263,-1.3915271958292303,1.1310615106398736,6.30652383903966,-4.705132251721596,3.189241656563863,-0.001680525605755448,-0.1927333534899072,0.5692122155002092,3.1286846834370117,-0.39271480241884404,-0.5133770147906702
5.261486291885376,-0.6662699092905822,0.660463631043815,0.15276303930897825,-1.3374101647083116,-1.3915395063160094,1.1310825732665284,6.040532806619583,-4.629289533189375,3.033314436310145,0.005658309674634751,-0.17940653931971515,0.5625038089261736,3.1286493974873046,-0.39267236391176397,-0.5133703390704554
5.263528823852539,-0.6662692121515087,0.6604570363217188,0.15276362516551095,-1.3373825326278004,-1.3915510684971353,1.1310508502234906,6.268125812927232,-4.5087056926411435,3.1939001825936035,0.0025987389727460813,-0.16810023779566613,0.568501352072801,3.128610296840332,-0.39268333116640264,-0.5133889357196253
5.2655580043792725,-0.6662685672902909,0.6604655377542482,0.15277402049366884,-1.3373815279774401,-1.391555201294963,1.1310324465256938,6.465142754169494,-4.7421194869813865,3.4562994957154363,0.00013061835857047788,-0.14289283613346726,0.5641927955444894,3.128645582790039,-0.3926914373980921,-0.5134075323687952
5.267586708068848,-0.6662536522092269,0.6604779777090178,0.15276388018848522,-1.3373987474935365,-1.3915248936844762,1.1310573486394464,6.373666020011149,-4.729439721546736,2.984922656604891,0.0026707073278886967,-0.1540485851155325,0.5763474144900813,3.1286255556293945,-0.39266759554018194,-0.5133736769305628
5.269614934921265,-0.6662691338481237,0.6604628671277252,0.15276243816128954,-1.337434674642945,-1.3915317154743265,1.1310180747014518,6.53728203084641,-5.050910298622037,3.091216660131983,0.01026982215686166,-0.16062288071507483,0.5820561593721612,3.1286136347004394,-0.39273339906801397,-0.5133736769305628
5.271644115447998,-0.6662574428960559,0.6604670441750429,0.1527413141791807,-1.3374350001965223,-1.3915242459734987,1.1310490747086992,6.367311545260065,-4.774733757490514,3.208250427116302,0.011242719225893302,-0.13969723842540727,0.587869875453598,3.128598375911377,-0.39269858995546514,-0.5133736769305628
5.273671865463257,-0.6662698727804021,0.6604608334130689,0.1527418563289797,-1.3374172069389085,-1.3915338871385037,1.1310651042575453,6.34645822451911,-4.688751779310243,3.4920284099099597,0.005876310348702549,-0.14048764694797367,0.5811098641690783,3.128598375911377,-0.3926914373980921,-0.5133617560016077
5.275699853897095,-0.6662767533727996,0.6604535831463939,0.1527666708574644,-1.3374016268775102,-1.3915429122483003,1.1310564924819673,6.660562064008187,-4.748378281553541,3.1803881335760544,0.006173650399566383,-0.14349294610759095,0.5809125490028376,3.1286093431660156,-0.39269858995546514,-0.5133617560016077
5.277727842330933,-0.6662539418625764,0.6604895102102711,0.1527800342753351,-1.3373852073251002,-1.3915054676145149,1.1309923856355175,6.696214920698526,-4.659670317617175,2.842878005913279,0.004092343677686711,-0.1486911488118799,0.5898097715266076,3.128577871913574,-0.3927109877215784,-0.5133431593524378
5.27975606918335,-0.6662582087712933,0.6604760206789091,0.1527770900718825,-1.337389265450783,-1.39152134519098,1.1310285210076296,6.655597499446746,-4.624354076663147,2.8193991985808813,-0.0014171552627474798,-0.15313954620956105,0.5942614475244753,3.128600760097168,-0.3926914373980921,-0.5133584181415003
5.281785011291504,-0.6662715974905717,0.660462746886515,0.15275231164697367,-1.3373750069216657,-1.3915426091151786,1.1310129306573937,6.722901946645073,-4.856756255708173,3.003905057936495,0.001249926231354101,-0.16271322858997606,0.5925643294505378,3.1285621362873535,-0.3927109877215784,-0.5133736769305628
5.283813953399658,-0.6662689691250995,0.6604543882886981,0.15275120330601524,-1.3373831315791493,-1.3915537644262408,1.1310610637179637,6.697999755155196,-4.43630249696194,3.058271675267083,0.001801269707825015,-0.16707554374304648,0.592007210903025,3.128600760097168,-0.3926761786090296,-0.5133922735797327
5.2858428955078125,-0.6662862585755462,0.6604453549281448,0.15276142867526424,-1.3373905943435593,-1.3915583928236324,1.131045897786868,6.6880281376701,-4.719272532658802,2.96675953018403,0.002609787338812661,-0.17521427676421486,0.5808136453453878,3.128600760097168,-0.3927109877215784,-0.5133736769305628
5.28787088394165,-0.666277379228057,0.6604584173790816,0.15275798232190296,-1.3373387042015916,-1.3915593539389006,1.130996325001726,6.622483960193878,-5.1931523171247616,2.765543371279729,0.005565443843653414,-0.19927606716559138,0.5732564371126325,3.1285502153583984,-0.3927109877215784,-0.5133889357196253
5.289898872375488,-0.666278213228756,0.6604548561493729,0.1527614574158242,-1.3373710077009944,-1.3915436312079124,1.1310133073640292,6.736454901112859,-4.722822585888478,2.5019493388916305,0.004398122290932546,-0.21475525912711568,0.5782827958286552,3.1285502153583984,-0.39271861711610967,-0.5133584181415003
5.291926860809326,-0.66626649312622,0.6604635124113156,0.1527542056263867,-1.3373916663898346,-1.3915370829876923,1.1310266097399826,6.680816433170474,-4.642026618498579,2.0620933621630995,0.002194258446649805,-0.22396880767051427,0.5755312553229865,3.128577871913574,-0.3927038351642054,-0.5133736769305628
5.293955087661743,-0.6662861007907931,0.6604558984133265,0.1527701944274536,-1.337402635913381,-1.3915481729325485,1.1309977989693059,6.610675736185218,-4.513965595474758,1.9984076935390145,0.007163210485294946,-0.24087408731401344,0.5670512600488294,3.128600760097168,-0.3927505652057093,-0.5133703390704554
5.295982837677002,-0.6662824541956475,0.6604455729574739,0.15273634519800303,-1.337426229699994,-1.3915555571871931,1.1310525601619585,6.658578188823797,-4.877298619480839,1.9405390590258143,0.006513529102026849,-0.2571068045347833,0.5523250261891167,3.1286045747944335,-0.39271861711610967,-0.5133855978595179
5.298011064529419,-0.6662866738929115,0.6604495149581888,0.15275718543887531,-1.3373688735422784,-1.3915681365412662,1.1310131945004103,6.639431753485629,-4.491656912793168,1.9504780100357517,0.00838526671918502,-0.27098694180042154,0.5481284885443028,3.128588839168213,-0.3927224318133753,-0.5133956114398401
5.300038814544678,-0.6662765909991842,0.6604607260486333,0.15277121647421812,-1.3373756922927327,-1.391540627005123,1.131001381580588,6.671631531768558,-4.651003164549858,1.785248849506774,0.005821116815263261,-0.2765613751232432,0.54448066136907,3.1285692888447265,-0.3927262465106409,-0.5133617560016077
5.302072048187256,-0.6662730992656005,0.6604609472483899,0.15274433151902184,-1.337414008014282,-1.3915380263772512,1.1310137489034333,6.7248127947542855,-4.583050530067749,1.512116848366946,0.006169559370612407,-0.2868388208922984,0.536709340745401,3.128577871913574,-0.39273101488222295,-0.5133736769305628
5.304099798202515,-0.6662911516067294,0.6604463131099955,0.1527522088689478,-1.337400594206995,-1.3915492927116284,1.1310136209047266,6.627165441807417,-4.471772900896441,1.5726232822722996,0.004929808638195518,-0.29666555343910966,0.5353744133055145,3.1285621362873535,-0.39274675050844365,-0.5133550802813929
5.306128025054932,-0.6662748856865018,0.6604726047706382,0.15275671097499757,-1.3373913229435406,-1.3915314266773637,1.1309266654766108,6.735295990332004,-4.357321411606877,1.4165661497092192,0.005220906189813579,-0.30319460347620264,0.5279536256452565,3.1285344797321777,-0.3927853743182581,-0.5133703390704554
5.308172941207886,-0.6662990164485407,0.6604390082106876,0.15279169932180747,-1.3373118022838564,-1.3915865633338873,1.131014728460229,6.741372571551983,-4.425961137998917,1.491538180155024,0.008271971908310319,-0.3088421561548902,0.5210765184542471,3.128588839168213,-0.3927081266986292,-0.5133889357196253
5.310200929641724,-0.6662838832027805,0.6604613908319518,0.1527967926005903,-1.3373641195605244,-1.3915412063945356,1.1309556161592065,6.739407320204361,-4.329787286167976,1.3577107752914435,0.0036784624773916197,-0.31875318143700854,0.5208791917303393,3.128565474147461,-0.39276248613466436,-0.5133550802813929
5.312229156494141,-0.6662803415354395,0.6604568713372141,0.15276388185754936,-1.3373877224986892,-1.3915386012276956,1.1309891996228605,6.542066213152444,-4.309906210037912,1.4040273431578407,0.00632718693799092,-0.32513226201014434,0.5214319887311768,3.1285502153583984,-0.39274675050844365,-0.5133550802813929
5.3142571449279785,-0.6662949547219097,0.660448127374137,0.15277043876743523,-1.3373498427328308,-1.3915703314516783,1.1309759099641206,6.651134226407268,-4.3717470195561505,1.0587923941285013,0.01108542442857828,-0.3178565374210167,0.5125047362318633,3.128565474147461,-0.3927505652057093,-0.5133855978595179
5.316284894943237,-0.6662873066113914,0.6604588189783774,0.15276636963965842,-1.3373510209922475,-1.3915576598631632,1.1309647005125785,6.625609578169507,-4.301536602788309,1.4396672196432534,0.004548567603931214,-0.3221474833411883,0.5041891040209305,3.128553553218506,-0.3927505652057093,-0.513378922139303
5.318312883377075,-0.6662784814414149,0.6604556730380834,0.1527756467750712,-1.3373580649698873,-1.391548991740032,1.1309873113171192,6.69428847382438,-4.223155374291909,1.2447002914433742,0.0055648999277738975,-0.3132280300999656,0.4980000861727403,3.128553553218506,-0.39273101488222295,-0.5133703390704554
5.320340871810913,-0.6663044337881789,0.6604449656784209,0.15276402389979632,-1.337362066761078,-1.3915745575862728,1.1309551718949813,6.677032833787913,-3.8299632658787472,1.201220800202979,0.005208600805048369,-0.31308377964878653,0.5112241317633467,3.128561182613037,-0.3927815596209925,-0.5133855978595179
5.322374105453491,-0.6662793245235772,0.6604567966157623,0.15276223822844995,-1.3373079782730608,-1.3915780576684957,1.1309535911368787,6.653471129312136,-4.230796314909965,1.2706477059369985,0.005800818885369027,-0.31424094935171654,0.5049576733443242,3.1285382944294433,-0.39272767702211553,-0.5134232679950159
5.3244030475616455,-0.666292733260331,0.6604546743213477,0.1527784939216654,-1.3373488459965575,-1.3915521825034243,1.1309589268912903,6.427135781280781,-4.275455121328045,1.4303122461800428,0.01190601397287068,-0.318216624059062,0.5045619406428001,3.1285382944294433,-0.39276248613466436,-0.5133550802813929
5.3264319896698,-0.6663107213836423,0.6604310004097667,0.15275999063571524,-1.3373501604448859,-1.3915861656175477,1.1309700624473815,6.566544241753735,-3.874566786960094,1.426434646346773,0.005690673791941089,-0.3039179868083822,0.5093723820106218,3.1285416322895507,-0.39277440706361944,-0.5133855978595179
5.328459978103638,-0.6662968624949093,0.6604396657887933,0.15274555302574672,-1.3373838510886573,-1.3915751878950313,1.1310117101682888,6.592659487698187,-3.892167223191504,1.636523286394837,0.0052518062614442945,-0.29735295888925706,0.5000961146526297,3.128580256099365,-0.39274293581117803,-0.5133941809283655
5.330488920211792,-0.6662789920466957,0.6604592303904714,0.1527654414125772,-1.3373232730749227,-1.3915629918833503,1.1309499171595203,6.581010477221159,-4.077650458107681,1.5648049002362259,0.0059267517156295635,-0.28906310805777796,0.49370772140356217,3.1285263735004882,-0.3927395979510706,-0.513397518788473
5.332517147064209,-0.6662911202653683,0.6604429354027661,0.15274922600463728,-1.3373597001864432,-1.3915758729769132,1.1309986011878648,6.499050436731255,-3.6415249336760134,1.7053265556773527,0.006445915337585914,-0.2856437812112642,0.5007207763294943,3.128561182613037,-0.3927348295794886,-0.5134008566485804
5.334545135498047,-0.6662912948294586,0.6604403335982977,0.1527735326399311,-1.3373033449211609,-1.3915762707792114,1.1309815895796935,6.531482929056998,-4.037943961751519,1.721605397206978,0.006421726782278647,-0.28119916433014375,0.5033235491572082,3.128514452571533,-0.3927238623248499,-0.5133822599994105
5.336573123931885,-0.6662814636533851,0.6604564658180002,0.1527725292206174,-1.3373268404056076,-1.3915727959973403,1.1309597659039134,6.51852864581921,-4.2293771454888,1.8120329247609828,0.009620048169435694,-0.27752844211255956,0.5058834376769481,3.128561182613037,-0.3927348295794886,-0.5134132544146937
5.3386008739471436,-0.6663012232639725,0.66043285591212,0.15278543207161852,-1.3372650167001083,-1.3916019003031608,1.1309535540846518,6.490616889957822,-4.169138920876749,2.0297532963808154,0.006294164980525457,-0.2712236558493175,0.5082821517863725,3.128514452571533,-0.3927348295794886,-0.5134099165545862
5.3406288623809814,-0.6662956643602193,0.6604595055165349,0.15277897717603578,-1.337324868770747,-1.3915731834891576,1.130908948454626,6.459305434933986,-4.26295663119005,2.1109007739149526,0.007778637183635348,-0.26116836644825825,0.5091885363352393,3.128549261684082,-0.3927853743182581,-0.5134008566485804
5.342656850814819,-0.6662917528365658,0.6604437777473967,0.15276999506922673,-1.3373271315753892,-1.3915757780849256,1.1309836040051764,6.515259013234883,-3.886101840033712,2.15249532556633,0.0024738860612637387,-0.25684376915124374,0.5077938285247923,3.1285454469868164,-0.39273196855653936,-0.5133908430682581
5.344685077667236,-0.6663015562474945,0.6604369994160144,0.1527907803656926,-1.3372727733926613,-1.3915934468043016,1.130943205183789,6.435749824959105,-3.9995522941775747,2.036466637908317,0.0037860787114367966,-0.2540320627205903,0.5041835090769818,3.128514452571533,-0.39274675050844365,-0.513397518788473
5.34671425819397,-0.6662743685166121,0.6604626828422998,0.15276191364342537,-1.3373495427087498,-1.3915634453503025,1.1309380245704297,6.324774417299062,-4.212087122408611,2.023804858151433,-0.0011702502798976305,-0.25704635161733547,0.5021467272764925,3.1285525995441894,-0.3927539030658167,-0.5134199301349085
5.348743915557861,-0.6662800804757121,0.660446428659615,0.15275035762706962,-1.3373383324540598,-1.3915744203915525,1.1310007994854119,6.5037306512435675,-4.359973852128587,1.8987705656821494,0.003676601255779788,-0.25005127901968927,0.505133602750879,3.1285454469868164,-0.3927114645587366,-0.5134099165545862
5.350771903991699,-0.6663090160930216,0.6604354673643107,0.1527775110089018,-1.337258878695192,-1.3916181372540428,1.1309126863044763,6.432288901051588,-4.290368109160212,1.76027196999274,-0.0004982305361840716,-0.24104697084494447,0.511716789400859,3.1285225588032226,-0.3927658239947718,-0.5134404341327112
5.3528008460998535,-0.6663036907873248,0.6604291356834285,0.1527644518982843,-1.3373108634526536,-1.3916017428485146,1.1309909393872482,6.589959854356854,-4.394172144967245,2.171716896508709,-0.0012347356797506454,-0.24304908141414797,0.5127697613713015,3.128549261684082,-0.39273101488222295,-0.5134132544146937
5.354830026626587,-0.6662925009792868,0.6604407143566833,0.15272664756527188,-1.3373792875383204,-1.391578163650239,1.130996833226589,6.387766962010301,-4.17524998429052,2.2662910159981084,-0.0008192795395262631,-0.2430341079536052,0.5197974926700624,3.1285525995441894,-0.39274675050844365,-0.5134099165545862
5.356858730316162,-0.6662924811099106,0.6604524007683307,0.15276959221678987,-1.3373599178474571,-1.3915725164899853,1.1309248948559298,6.215215187096932,-4.463528273970743,2.175366720131821,0.0015787902742586124,-0.24274679092221482,0.5130653018011263,3.128561182613037,-0.39278871217836553,-0.5134099165545862
5.3588879108428955,-0.6663047644549058,0.6604318820622622,0.15275481065934543,-1.3373490598875835,-1.3915945646222472,1.1310155811807,6.346834458127392,-4.388640979605488,2.1403051069875185,-0.0037907322865193827,-0.240670328020241,0.5140913178775492,3.1285835939594726,-0.39273101488222295,-0.5134065786944788
5.360932111740112,-0.6663003932924576,0.6604329511749502,0.1527638732976021,-1.3373003518712225,-1.3915998742890663,1.1309631577085912,6.281533752110432,-4.170512997358694,2.1292033291085373,-0.006312243174725687,-0.23783804297220928,0.5197482465426565,3.1285263735004882,-0.39274293581117803,-0.5134180227862757
5.3629608154296875,-0.6662881047858311,0.6604438032052609,0.15274801088765777,-1.337334409840666,-1.3915885124891942,1.1309341665281543,6.490322663180084,-4.434066668405586,1.9235640537504946,-0.0028081585913529578,-0.23066394905110346,0.5185534242934313,3.1285263735004882,-0.3927658239947718,-0.5134370962726038
5.364989995956421,-0.666300702279345,0.660426961634622,0.1527484011901978,-1.3372839315679461,-1.391614495064191,1.1309848296292846,6.307805328729093,-3.9814012794363673,2.1915200117297724,-0.008546235474318736,-0.23433638310522328,0.5257080021589858,3.128521605128906,-0.39271861711610967,-0.5134370962726038
5.367018938064575,-0.6662883137546719,0.660437062415208,0.1527207413890983,-1.3373942886030168,-1.3915755711678826,1.1310123498319722,6.399224599522253,-4.342587419973735,2.1283163313914755,-0.013149775219273283,-0.23261965737743534,0.5226776097537811,3.1285525995441894,-0.3927395979510706,-0.5134113470660608
5.369047164916992,-0.6662848608446038,0.6604472129143156,0.15276311708125304,-1.337301777229505,-1.3915890758303078,1.1309546152539804,6.3841297928818035,-4.37144497277349,2.204916134492911,-0.011243550322077703,-0.23424288651387384,0.5227470763908393,3.1285335260578613,-0.39273101488222295,-0.513430420552389
5.3710761070251465,-0.6662818621326281,0.6604573904474292,0.1527648103629195,-1.3372693531193707,-1.3916012486310274,1.1309169729581343,6.324440042897632,-4.27625852784699,2.097707389928235,-0.01286074092260174,-0.22680161768424803,0.5176160523415585,3.128537340755127,-0.3927348295794886,-0.5134642759906214
5.373104095458984,-0.6662769254355826,0.6604527129587914,0.15275733999471208,-1.337328201566339,-1.3915775194093496,1.1309551592860265,6.306821657774526,-4.591684636037928,2.272051649289829,-0.00643279061695852,-0.2304019570376168,0.5073910773189572,3.1285406786152343,-0.3927348295794886,-0.513430420552389
5.375131845474243,-0.666282863773475,0.660443386278379,0.15275991845422834,-1.3372868912716847,-1.3915991013418445,1.1309736242305828,6.424275480328766,-4.2984109824810295,2.1479416218467864,-0.01263322140325103,-0.22625888034270078,0.508810836164194,3.1285382944294433,-0.3927071730243128,-0.5134452025042933
5.377159833908081,-0.6662890993720847,0.6604377381844707,0.15275836418716043,-1.337287387325586,-1.3915953114624289,1.1309501277489546,6.1284244261376575,-4.1478419188392746,2.2353396459628825,-0.0114945661314578,-0.2325132882043523,0.5083045785396717,3.1284982401081542,-0.3927348295794886,-0.5134270826922815
5.379187822341919,-0.6662856819734478,0.6604458226618792,0.15275883802489867,-1.3372756312144627,-1.3915992720403216,1.1309543432040088,6.312977972374782,-4.402592491711875,2.0545523098190315,-0.016412708399301673,-0.2321135903220106,0.5024382176027895,3.128521605128906,-0.39271861711610967,-0.5134418646441858
5.381216526031494,-0.6663008464051763,0.6604273557844073,0.15274981780762203,-1.3372718491305617,-1.3916261421103329,1.1309738661366568,6.221854309684854,-4.224234064043578,1.9067195983983432,-0.015548568560633302,-0.22837302330596052,0.5028626251751785,3.1285335260578613,-0.39271861711610967,-0.513460938130514
5.383274793624878,-0.6662793694149904,0.6604500089962199,0.152764807423169,-1.3372544759085176,-1.3916087745412506,1.1309115924616968,6.1598183998126474,-4.095145719633852,2.1732439180095597,-0.015281997299973274,-0.2326624245465818,0.5026290534646678,3.128514452571533,-0.39273101488222295,-0.5134761969195765
5.385299205780029,-0.6662778008334873,0.6604559319467508,0.1527485289502707,-1.3372753115090128,-1.3916113240256431,1.1309075834583824,6.04908062898974,-3.7348782682796076,2.2095212892349054,-0.02040750204387269,-0.2350138304513123,0.4928295770503236,3.128537340755127,-0.3927386442767542,-0.5134967009173792
5.387321472167969,-0.666291155049302,0.6604419648765055,0.15277478200596192,-1.3372362174808299,-1.3916201131259316,1.1309173433141217,6.128767265255253,-3.9360303577748135,2.082343175170495,-0.018720199067955218,-0.23678898587142422,0.48662994526756875,3.1285177904316406,-0.39273101488222295,-0.5134695211993616
5.389343976974487,-0.6662702887124844,0.6604592943245724,0.15277196658328573,-1.3372234927937947,-1.391613444492981,1.1308909910002736,6.012650605511676,-4.261067545653397,1.9209794598481098,-0.017608521512082392,-0.23835022556220606,0.4782323935560414,3.128514452571533,-0.39271861711610967,-0.5135000387774866
5.39136528968811,-0.6662705199382736,0.6604467709594902,0.1527289322263322,-1.3372810631944896,-1.3916111106127536,1.130952591314129,5.998575950908829,-3.8766024267053587,1.8344992799555029,-0.026316615264398165,-0.24006323149664477,0.48132582693430853,3.1285177904316406,-0.3927038351642054,-0.5134967009173792
5.393388032913208,-0.6662820566894845,0.6604509726536995,0.15276218732581162,-1.3372739647252938,-1.391613351238221,1.1309099852766538,5.995548154511169,-3.9401163232335907,1.8068840444550047,-0.02256093038623634,-0.2402972139748,0.4710573580973561,3.1285454469868164,-0.3927419821368616,-0.5134900251971644
5.395416021347046,-0.6662796088478148,0.660461271600506,0.15274600391028761,-1.3372955150466461,-1.3916094320472632,1.1308784639325393,5.997178055324637,-4.024202805916042,1.8873425324305804,-0.023411891667346765,-0.24562174492915873,0.4791724499767179,3.128549261684082,-0.3927696386920374,-0.5135052839862269
5.397450923919678,-0.6662800295117322,0.6604556370072047,0.15274422268030677,-1.3372860302207177,-1.391618615520125,1.1308628647201977,5.957702117575449,-4.146772352976278,2.091411476464743,-0.025118154916955418,-0.25770857820809945,0.4709744561583958,3.1285335260578613,-0.39277774492372686,-0.5135210196124476
5.3994927406311035,-0.6662810092897684,0.6604567977665159,0.15275384958885313,-1.3372701673772758,-1.3916145162300804,1.130861874983738,5.738516698699393,-3.814164200568153,1.7521702087588,-0.03520304108994072,-0.25959180597940734,0.47799735635752705,3.128521605128906,-0.3927729765521448,-0.5135052839862269
5.401520729064941,-0.6662701412783971,0.6604490762990843,0.15273939299305284,-1.3372783420074663,-1.391622658332741,1.130930077960343,6.064370542641718,-3.870130073775616,1.6503253334563703,-0.03250921205556119,-0.25349991781475945,0.46720945289569943,3.128548784846924,-0.39271527925600225,-0.5135276953326624
5.403548955917358,-0.6662864767472148,0.660431094668561,0.15273533565405573,-1.3372702693395078,-1.3916362884623499,1.1309269230596644,6.0299768153386575,-3.7761963567465378,2.0274016930370307,-0.031066210681523064,-0.2640832067689013,0.4638664099259934,3.1285177904316406,-0.3927348295794886,-0.5135176817523401
5.405576944351196,-0.6662838947180707,0.6604338454831699,0.15277620101847383,-1.3372088115518899,-1.3916281597215372,1.1309457975746946,5.765814509769878,-3.9150504499720324,2.0211456217935124,-0.03166294367148581,-0.26192284094268914,0.45845280051864196,3.12850205480542,-0.3926914373980921,-0.5134795347796839
5.40760612487793,-0.6662783407842612,0.6604395428678973,0.1527318110875113,-1.3373131794084514,-1.391619296970262,1.130941976936181,5.914617218024735,-3.6714785614516323,1.5388753684502572,-0.03848408500252587,-0.2510590065021887,0.4561212463121084,3.128549261684082,-0.3927348295794886,-0.5135110060321253
5.409647226333618,-0.6662900764589077,0.6604159308895098,0.15272974306222742,-1.3372849544765149,-1.391651573132819,1.1309802210957296,5.850706526453445,-4.116248027393911,1.93148809981734,-0.027940890576703327,-0.26148171697644085,0.45176557719863725,3.1285525995441894,-0.3927071730243128,-0.5135324637042444
5.411674499511719,-0.6662823560497871,0.6604319534271005,0.15275745260180826,-1.3372364729384036,-1.3916421991896681,1.130946934266283,5.837550498867887,-3.6227032841238653,1.7795639166655732,-0.03674839893529766,-0.2581136185830928,0.4590373285149486,3.128537340755127,-0.39269858995546514,-0.5135224501239222
5.413712978363037,-0.666285277843441,0.6604292580756759,0.15273467106540745,-1.3372029756564123,-1.39166927277314,1.1309077375604175,5.988218351494417,-3.5790264654816095,1.713533581069138,-0.03420888304994812,-0.2499420389354176,0.4566096594131531,3.128509207362793,-0.3927109877215784,-0.5135720411883753
5.415734529495239,-0.6662698933001601,0.6604539009844975,0.15273667310785521,-1.3373070040838535,-1.391621732720052,1.130918209768879,6.087330398244413,-4.295031339359152,2.001013303773744,-0.030146987594489603,-0.2541697276210697,0.4389516565753454,3.128580256099365,-0.3927348295794886,-0.5135415236102503
5.417755603790283,-0.6662817440555403,0.6604388727202126,0.15274801830869325,-1.3372258266928783,-1.3916472186365112,1.1308935481577513,6.041901515896822,-3.6075424994004264,1.7597538112749955,-0.04290482445566864,-0.24316732276016068,0.4445315272393651,3.128514452571533,-0.39272958437074834,-0.5135448614703577
5.419776201248169,-0.6662960871001188,0.6604172035322345,0.1527254791836904,-1.3372589409602338,-1.3916671988179679,1.130937664113458,6.1683771022225775,-3.743072643817951,2.0677049363709603,-0.03179864343497824,-0.24194775056782275,0.4398699673741593,3.128537340755127,-0.39272958437074834,-0.5135567823993128
5.421798944473267,-0.6662895920482461,0.6604224266071879,0.15275172218337518,-1.3371910175141435,-1.3916635506838806,1.130917101361718,6.129307234548841,-3.424031595444789,1.6218065503116343,-0.04615784092311823,-0.22908431702243173,0.44446892433958657,3.128490133876465,-0.3927071730243128,-0.5135415236102503
5.4238269329071045,-0.6662774056338343,0.660439589238288,0.15276663029703166,-1.337195885047848,-1.3916590324460245,1.1308903173778895,6.111930405253534,-3.6836322758091873,2.397065148904319,-0.032692419060534814,-0.23986784027025226,0.4393203691855167,3.1285335260578613,-0.3927109877215784,-0.5135687033282679
5.425854921340942,-0.6662767092166841,0.6604416444956467,0.15272886602794739,-1.3372963723452265,-1.3916201616142223,1.1308983356473419,6.017041990261143,-3.438020793812892,2.1138800233585067,-0.038571759319169986,-0.22583568854498987,0.4432374461932665,3.128509207362793,-0.3927577177630823,-0.5135186354266565
5.427882671356201,-0.6662819997541319,0.6604265653398104,0.15273685691209146,-1.3372365037645602,-1.3916656324235468,1.1309204419693133,6.120455283096678,-4.162300566710386,2.286369178379826,-0.029842870876981266,-0.22674134017618097,0.4336580866769349,3.128537340755127,-0.39271480241884404,-0.5135772863971155
5.42992639541626,-0.6662708490626978,0.6604443761430993,0.1527626660405049,-1.3372131815619175,-1.3916493045004215,1.1309180761092321,6.296958941274403,-3.2491102573272395,2.058050171846407,-0.04434131208830422,-0.21782857390572877,0.4464654825685758,3.1285525995441894,-0.3926914373980921,-0.513562027608053
5.4319679737091064,-0.6662784266444621,0.6604253515045031,0.15271300298102036,-1.3372635348935848,-1.3916700889854554,1.1309358913710952,6.07800376971117,-3.6922418683426255,2.316822696449388,-0.03847218658986808,-0.22099402467221238,0.44544529551825834,3.1285525995441894,-0.3927109877215784,-0.5135996977435511
5.433995723724365,-0.6662689628974684,0.6604295238414065,0.152746784471928,-1.3372073420422608,-1.3916700015175454,1.1309243762612604,6.267402971373865,-3.7534183817411537,2.1989860809143145,-0.03993173097732464,-0.2102854989552147,0.43501052547613367,3.128537340755127,-0.39268333116640264,-0.5135992209063929
5.436023712158203,-0.6662652816308064,0.6604355843388817,0.15272543325995616,-1.3372593840881837,-1.3916549865368126,1.1309150418773475,6.114030552525603,-3.4237891846951767,2.052675607625786,-0.045268898164446965,-0.20070619705714599,0.4400779590736684,3.1285406786152343,-0.3927109877215784,-0.5135958830462855
5.438051700592041,-0.6662714389896709,0.6604219588773493,0.15272174355127568,-1.3372286464466763,-1.3916671750900436,1.1309203242200463,6.006433919950034,-3.7768955369445316,2.613659222984981,-0.03980977557627131,-0.21204374470041268,0.43209973358716813,3.1284982401081542,-0.39270240465273076,-0.513592545186178
5.440080165863037,-0.6662675879364408,0.6604345931631075,0.1527181742301531,-1.337233029505692,-1.391666710161133,1.1308945074924779,6.00050102319062,-3.631767119350614,2.5804039992805627,-0.04067002545214006,-0.20622761924031546,0.4290804837334918,3.1285177904316406,-0.39271480241884404,-0.5136120955096644
5.442107915878296,-0.6662654585952499,0.6604325841018435,0.15273174350732216,-1.3372546270344652,-1.3916432503065204,1.1309344209947416,5.9253594791340785,-3.2810908940961148,2.1692441566407465,-0.04614395630626584,-0.19951095266498198,0.4381124905345782,3.1285177904316406,-0.39269858995546514,-0.513562027608053
5.444135904312134,-0.666274800526684,0.6604215755912255,0.15272536016598626,-1.3372448616820336,-1.3916587587424434,1.1309372420721209,5.977440022427443,-3.961699001725553,2.2342503201211086,-0.036221174400590354,-0.2025968683594255,0.4344401263357212,3.128509207362793,-0.39270240465273076,-0.5135706106769007
5.446163892745972,-0.66626668468703,0.6604332618088229,0.15270004469956636,-1.3372940283851324,-1.391659006717986,1.1309278744750673,5.742966736775872,-3.8762222346916264,2.543723671431154,-0.04246519785005479,-0.20315482411380334,0.43041975571193986,3.1285573679157714,-0.39271814027895147,-0.5136116186725062
5.44819188117981,-0.6662741166014305,0.6604198083811486,0.15270476705579816,-1.3372408437056233,-1.39168036847817,1.1309280099053707,5.876530878663789,-3.432655575704854,2.101675526866414,-0.046338853922169285,-0.18704772955863905,0.43019822819664266,3.128521605128906,-0.39270240465273076,-0.5136197249041956
5.450219631195068,-0.6662758765139152,0.6604112763298148,0.15272918850217387,-1.337242454776157,-1.3916651211245232,1.1309660367727465,5.542134600721836,-3.4426397679961274,2.6875130291198293,-0.04102879744956651,-0.20103185968127749,0.42794450745408136,3.128514452571533,-0.39268333116640264,-0.5135706106769007
5.4522480964660645,-0.6662727948328812,0.660412277677898,0.15269418299654583,-1.3373113339696032,-1.3916541166921441,1.1310004660240078,5.577780790736438,-3.578508253319503,2.62983187543129,-0.04338954962397804,-0.1944171890440017,0.41879500568108374,3.1285406786152343,-0.39268714586366826,-0.5135706106769007
5.454276084899902,-0.6662684099971106,0.6604246723855847,0.15274247883602166,-1.3371978238681166,-1.3916744192613848,1.1309357676180254,5.6047408868519515,-3.3287164966018112,2.490237588712141,-0.050147024027464085,-0.18828380419895666,0.41607971696612656,3.128525419826172,-0.39267093340028936,-0.5136016050921839
5.456303834915161,-0.6662748370136702,0.6604185421220743,0.15272593329888687,-1.337214224078103,-1.3916826603828292,1.130928298157564,5.401957997915026,-3.2617537275411173,2.3326026659637673,-0.04623088342961293,-0.18499756265906084,0.41767600273648436,3.128521605128906,-0.3926909605609339,-0.5136130491839808
5.458331823348999,-0.666266139082462,0.6604165884381877,0.15271427658395842,-1.3372512840538868,-1.3916720462125092,1.1309429321509554,5.215605051990296,-2.943352509640692,2.322769228341701,-0.052294988792040906,-0.17900283827702712,0.42061270314592897,3.128521605128906,-0.3926909605609339,-0.5136130491839808
5.460360050201416,-0.6662651642420062,0.6604044668682199,0.15271762477143205,-1.3372105958737512,-1.3916928212316546,1.1310015815768497,5.129455691290899,-3.1111981762367535,2.3682908893606522,-0.05124062026331211,-0.1761421267643901,0.41050788063107013,3.1285335260578613,-0.3926275412188929,-0.5136287848102015
5.462413787841797,-0.6662585271308443,0.6604142432095483,0.15268584322643075,-1.3372719997575069,-1.391666284302598,1.1309950254495622,5.120128366447233,-3.0733509599334248,2.3533911290163827,-0.04811604917584265,-0.17238733100333162,0.40282453375030347,3.1285177904316406,-0.39265567461122686,-0.5136097113238733
5.464441776275635,-0.6662750024417473,0.6604030679266276,0.15267392130972388,-1.3373102406850552,-1.3916765331971583,1.1309912031208817,5.0490577092084035,-3.0671610062216352,2.2980557054663726,-0.045585630643377464,-0.16685172096274287,0.39347839192419926,3.128537340755127,-0.3926942984210413,-0.5136130491839808
5.466482877731323,-0.6662617051502275,0.6604097230345652,0.15270294219070593,-1.3372423401780762,-1.3916862286628133,1.1309473825481717,5.099509125597604,-2.955409403549501,2.2227765942094786,-0.05005370751520996,-0.15930190275558898,0.38444375895608957,3.128514452571533,-0.3926785627948206,-0.513644043599264
5.468510866165161,-0.6662437555197525,0.66043114586777,0.15268624363319955,-1.3373404614777884,-1.3916522225844474,1.1309592032484515,5.064082952916374,-3.162613483151363,2.6760400806370432,-0.04200223955014351,-0.16548397280319208,0.37650564854113555,3.128580256099365,-0.3926942984210413,-0.513644043599264
5.470538854598999,-0.6662609843849219,0.6604112745279599,0.15266889129406352,-1.3373207715048814,-1.3916721643371726,1.1309798883234532,4.912882285679737,-3.019965904108037,2.4916794002728806,-0.04375422835984438,-0.1565295174079258,0.37133559896381596,3.1285454469868164,-0.3926909605609339,-0.5136373678790491
5.472567081451416,-0.6662804238891377,0.6603826885881164,0.15269040691615793,-1.337273268745329,-1.3917002773079263,1.1310425604706829,5.0478500696173905,-2.9208722056223944,2.6669132544559764,-0.03543569000563948,-0.15312562142993955,0.3614994731723949,3.128549261684082,-0.3926470915423792,-0.5136221090899866
5.474595069885254,-0.6662535794596469,0.6604125956266544,0.1526731454549792,-1.3372981777636572,-1.391677279244297,1.1309864798293074,4.863092202561143,-2.890868764335624,2.649609845324081,-0.04174557304909185,-0.15702593833111592,0.3562450000190898,3.1285454469868164,-0.39266664186586553,-0.5136526266681116
5.476623058319092,-0.6662522089028713,0.6604090746774395,0.1526731379042883,-1.3372988659343283,-1.3916677337180154,1.1309901827543396,4.9250608223635375,-2.433942647502792,2.464393600192547,-0.05388935245592962,-0.14930105976295502,0.35563716984398375,3.128514452571533,-0.39266664186586553,-0.5136306921588343
5.478650808334351,-0.666258290365641,0.6603914361773855,0.15267024305012708,-1.337291842590769,-1.3916879772728628,1.131027574464489,5.195612259506985,-2.2221643537382274,2.5807041130601363,-0.04938326774709462,-0.146407801370795,0.34822348712006473,3.128525419826172,-0.3926437536822718,-0.5136459509478968
5.4806787967681885,-0.6662403083108064,0.6604125741784519,0.15268403091611688,-1.3372638593776356,-1.391679514417514,1.1310008090456618,5.125084186769545,-2.736475960543901,3.1095329572339496,-0.04033753937764373,-0.15995522239673135,0.34050512070478717,3.1285335260578613,-0.39262658754457647,-0.5136645475970667
5.482707977294922,-0.6662620331740862,0.6603927259159371,0.15266229851861918,-1.3372883119813,-1.3917028619173677,1.131026856109647,4.955425776487938,-2.0813657682968483,2.547445268231347,-0.055200451243197085,-0.1495940969818302,0.34266991010429637,3.1285525995441894,-0.39264232317079717,-0.5136731306659144
5.484744310379028,-0.6662583214331498,0.6603846924643513,0.15266409550383964,-1.3372903467828205,-1.3916979349782195,1.1310600286011259,4.914387282789122,-2.694543933585127,2.755543589408739,-0.039497485035898144,-0.14278103800357617,0.3259406297359697,3.1285406786152343,-0.3926189581500452,-0.5136578718768519
5.4867730140686035,-0.6662502234628042,0.6603852295773704,0.15265129300369518,-1.3373186295605832,-1.3916915467536881,1.13105750035995,5.149495809813458,-2.0708458653265422,2.30502235001321,-0.04619929269897339,-0.12456084975388353,0.3225275896129791,3.128537340755127,-0.39262658754457647,-0.5136678854571741
5.488801002502441,-0.6662512708659786,0.660386862428649,0.15266681354018172,-1.3372728640857212,-1.3917064788506304,1.1310312545470624,4.929296822876155,-2.495649492273072,3.014401707266201,-0.036405738466367285,-0.14919378076102516,0.32232356419346236,3.1285335260578613,-0.39262277284731084,-0.5136888662921351
5.4908287525177,-0.6662546443603722,0.6603774006504168,0.15264863152661912,-1.3372912339979388,-1.3917029537375962,1.1310480772016227,5.242431808470774,-2.050270674912433,2.397753664594669,-0.04974917791514055,-0.1285427834226679,0.30729773462678156,3.1285053926655273,-0.39262658754457647,-0.5136731306659144
5.492856979370117,-0.6662500422757542,0.6603771650443799,0.15266297601480056,-1.3372834064485528,-1.391701533691139,1.1310743403943728,4.958347173470708,-2.3317823758889387,2.6210006862994915,-0.04315679541414323,-0.14007960656814322,0.3086130933538769,3.128525419826172,-0.3925989309894007,-0.5136697928058069
5.494884729385376,-0.6662311848140414,0.6604016081793737,0.15263563307034234,-1.3373391355472715,-1.3916821167640057,1.1310330892896587,5.106328785788327,-2.1791255742967115,2.561248626523788,-0.04384531475411607,-0.1267815818613606,0.2942009081652186,3.1285454469868164,-0.3926304022418421,-0.5137003103839319
5.496912717819214,-0.6662372361001534,0.6603891972345519,0.15264523099397673,-1.337295144606095,-1.391692317104128,1.1310555724387694,4.833207114952721,-1.6939680187068453,2.153493433415922,-0.05855513771411637,-0.1220190741073942,0.3027519985648094,3.128514452571533,-0.3926027456866663,-0.5136855284320276
5.498940944671631,-0.6662346152014735,0.6603812367445607,0.15262318413941112,-1.3373343855475657,-1.3916951447291983,1.1310849135872096,4.949560230141799,-2.6434212905389343,3.2640816467940628,-0.026447323505826726,-0.1474998856708647,0.2903228808747582,3.1285297113605957,-0.3925979773150843,-0.5137003103839319
5.500968933105469,-0.6662358622538233,0.6603920758889672,0.15263466278908386,-1.3373425706903175,-1.3916876173863542,1.13105112493344,5.180678527865888,-1.6715617178639244,2.6408782771211046,-0.05062968268656086,-0.1199731113414698,0.2920570615999942,3.1285454469868164,-0.39262563387026006,-0.5136969725238245
5.502996921539307,-0.6662391394187583,0.6603706257641183,0.15263622482337577,-1.3372915586740248,-1.3917044251101731,1.131099609635642,4.995104650940353,-1.5693200879391171,1.987541736221315,-0.0577856388125634,-0.10946029680846862,0.29268982341556066,3.12850205480542,-0.3925746122943323,-0.5136888662921351
5.505024671554565,-0.6662410988861351,0.6603711922360894,0.15263819054283578,-1.337295122683015,-1.3917141318612725,1.1310792781190837,4.720545900912175,-1.6804961312948357,2.5357983102491275,-0.053582549237980066,-0.1277904979439898,0.29184138640573376,3.128521605128906,-0.39259082475771123,-0.5137127081500452
5.507052659988403,-0.6662241524441146,0.6603796896240187,0.1526259753522782,-1.3373596141836943,-1.3916907850193492,1.1311022959018067,5.148177318249812,-2.534483331799023,2.803977749668626,-0.02848203750632181,-0.12404118618413039,0.268004417059825,3.1285525995441894,-0.3925870100604456,-0.5137127081500452
5.509081125259399,-0.6662277046202422,0.6603733139342649,0.1526140705622911,-1.3373361468034894,-1.3917047054993812,1.131128421148584,5.253796932877304,-1.5153736951997565,2.260877549598792,-0.05584098325352939,-0.10642051720876373,0.26981003298829964,3.1285454469868164,-0.39255983034242803,-0.5137212912188929
5.511110067367554,-0.6662282483055131,0.6603719920285812,0.15262222821316299,-1.3373153984333164,-1.3917074984747095,1.1310921840058217,5.148634056167183,-1.6098315835272203,2.0306330730419853,-0.05039747123221814,-0.09991452640203995,0.2641993104745188,3.128514452571533,-0.39257842699159795,-0.5137246290790003
5.513138055801392,-0.666237123048057,0.6603612985998875,0.15262384273855853,-1.3373086120188,-1.3917204215185939,1.1311219223840627,5.059639588985334,-1.3947986801562677,2.0730231556620153,-0.05342660654453188,-0.10137293876380382,0.27086445872077697,3.1285297113605957,-0.39256316820253545,-0.5137246290790003
5.515166997909546,-0.6662334941064312,0.6603651105994386,0.15260029691363874,-1.3373461564362623,-1.3917156865107891,1.13108125321209,5.0437564105802455,-1.5703746513423613,2.520306373076934,-0.052244513604953906,-0.10647737955812069,0.2597308909829937,3.128514452571533,-0.39260656038393194,-0.5137432257281702
5.517194986343384,-0.6662472201292453,0.6603409851749812,0.15260413764106465,-1.3373464679592757,-1.391725103160177,1.13117877954591,5.053735172245353,-1.727444797078956,2.5996816441849995,-0.04183832232504935,-0.10498606501904761,0.254530236852521,3.1285344797321777,-0.3925545851336878,-0.5137093702899378
5.519237756729126,-0.6662244873258486,0.6603626261088817,0.15258719101663176,-1.3373695082058106,-1.3917106314797112,1.1311597616380853,4.879237277115882,-1.8464704426227416,2.338639868062467,-0.04091222317575261,-0.09866885091975877,0.25081770816978677,3.128549261684082,-0.39255077043642217,-0.5137398878680628
5.521265745162964,-0.666233730377436,0.6603544353025524,0.15257340769618097,-1.3374418259539216,-1.3916947613851194,1.1311617776035778,4.85473823065154,-1.9897828220385405,2.4065382125487345,-0.043652944848289174,-0.10424922455980679,0.2428521230995778,3.128549261684082,-0.3925979773150843,-0.5137093702899378
5.523293972015381,-0.6662121222619718,0.6603625601601137,0.15257907314084324,-1.337389887522609,-1.3916970594235967,1.1311432744835102,4.87784463355093,-1.7744926990840055,2.853647681143345,-0.03498363083329304,-0.10978025756047831,0.23773487631376908,3.128514452571533,-0.39256316820253545,-0.5137398878680628
5.525321960449219,-0.6662273662577589,0.6603676952011668,0.15260833165561188,-1.3373552754574292,-1.3917081325338096,1.1311266124053447,4.958149251675721,-2.1211366115340633,2.966083641323051,-0.03312360816055583,-0.1082183616814174,0.22656272356527463,3.128549261684082,-0.3925707975970667,-0.513733212147848
5.5273497104644775,-0.6662279731437675,0.6603390490545286,0.15254472650653492,-1.3374149006332363,-1.3917197081095711,1.1311850047166143,4.85088545775254,-2.5724434925605975,2.7283565504679377,-0.027325005245119653,-0.09782468546800971,0.21318473150612158,3.128514452571533,-0.39256316820253545,-0.5137518087970179
5.529377698898315,-0.6662204252593298,0.6603503953348703,0.15258231463098196,-1.3373722950866058,-1.391723371432714,1.1311679567444965,4.682773119231374,-2.439515698178995,2.9791302278163085,-0.025465131822618912,-0.10655349398715573,0.21285777966191216,3.1285454469868164,-0.3925436178790491,-0.5137670675860804
5.531405925750732,-0.666191852595719,0.6603769053733781,0.15256676255162474,-1.3374298591923122,-1.3916795862143039,1.1311272435613433,4.647995163230376,-2.217457990270654,3.3412769999184952,-0.02800900578476988,-0.11759876056415322,0.2110348183068434,3.1285263735004882,-0.3925707975970667,-0.5137603918658655
5.533432722091675,-0.6662113439630362,0.6603617275259324,0.15258464457588888,-1.3373990251302252,-1.3917027335917966,1.1311409776607773,4.696831977056689,-2.491490574663807,3.0720965277850607,-0.023055830060807875,-0.10953315708860573,0.2031036048870918,3.1285406786152343,-0.3925669828998011,-0.5137570540057581
5.535460710525513,-0.6661985389624894,0.6603649835903367,0.1525693773474771,-1.3374072617271615,-1.3917119413578023,1.1311238828285075,4.6549014495890235,-2.572234790338868,3.165191989289677,-0.020399983321172776,-0.11062886321141141,0.19842218114960142,3.128549261684082,-0.3925669828998011,-0.5138071219073694
5.53748893737793,-0.6662103014684893,0.660347368553911,0.15252631085734036,-1.3375097546212618,-1.3916906257500554,1.1311920951532326,4.553887085957873,-2.199461179593281,3.292992275367626,-0.020201113239536477,-0.11511035718644895,0.19836433420824223,3.1285454469868164,-0.392585579548971,-0.5137537161456507
5.539516925811768,-0.6662080399399231,0.6603542474246213,0.15252458728399837,-1.3374895528836235,-1.3916903037739914,1.1311931989907043,4.403033795925293,-2.6715797818782647,3.3783478174892947,-0.02225630690177792,-0.11595036222828424,0.1832756948470561,3.1285416322895507,-0.3925707975970667,-0.5137537161456507
5.5415449142456055,-0.6661974639699803,0.6603544265841201,0.1525521442967136,-1.3374483478200454,-1.3916909679549472,1.1311966163922031,4.538798889671465,-2.8056306741436203,3.1046501117742453,-0.019829809776531742,-0.10829821351059495,0.1798661569105474,3.1285335260578613,-0.3925388495074671,-0.5137570540057581
5.543572664260864,-0.6661898331480345,0.6603662467640931,0.1525478407984314,-1.337455675025615,-1.391682874942778,1.1311710757783848,4.4149517875993505,-2.7226246828310936,3.3044958343496145,-0.01810416952749859,-0.11313164373152784,0.17791463837224616,3.1285335260578613,-0.39255077043642217,-0.513766113911764
5.545600891113281,-0.6662088192429245,0.6603446581838841,0.15252358555889273,-1.3375095572576106,-1.391693834836832,1.1311854062977738,4.465925692044912,-2.8293247222371347,3.2470152602291993,-0.015722388133051754,-0.11065718344681426,0.17081149943353194,3.128537340755127,-0.3925893942462366,-0.5137627760516565
5.54762864112854,-0.6661837403621822,0.6603594397196846,0.15252068535906718,-1.3375153331467662,-1.3916751558939404,1.1311626353665254,4.178253258159148,-2.944488516585375,3.3668027858740315,-0.01232496808291252,-0.1143134011984796,0.17024552999349285,3.1285177904316406,-0.3925822416888636,-0.5137775580035608
5.549656867980957,-0.6661830527017616,0.6603494573918773,0.1525137272924507,-1.3375121735844957,-1.3916911382531563,1.1312427806412049,4.134949803808938,-2.7957237722879875,3.410912887457677,-0.020155949411302714,-0.121797182456967,0.16564392714840745,3.1285645204731445,-0.39251977602113897,-0.5137932936297815
5.551684856414795,-0.6661857761639733,0.6603501554978827,0.1524996455492263,-1.3375068934622956,-1.3916947655496716,1.1311908708619602,4.112327116003418,-2.693794671762199,3.0497657615714284,-0.017582002624732106,-0.11535919296779787,0.16942740029913714,3.128521605128906,-0.3925583998309534,-0.5138047377215784
5.553712844848633,-0.6661652085884602,0.6603595980997512,0.15249934686178582,-1.337572187102853,-1.391657556088473,1.1312292096121777,4.140904544557724,-2.741063859570184,3.3095165487823595,-0.01776516660338057,-0.12068292125207702,0.16915623429284418,3.1285454469868164,-0.3925426642047327,-0.5137775580035608
5.555740833282471,-0.666172320187884,0.6603593800460892,0.15247961830751658,-1.3376000305600648,-1.3916567183174204,1.1312089320602223,4.045658900370831,-2.7904359948174218,3.339406289482869,-0.021622962279652252,-0.11949091314079498,0.1650711576622576,3.128537340755127,-0.39257795015443975,-0.5137775580035608
5.557768821716309,-0.6661694028667885,0.6603490894618462,0.15247571327959167,-1.3375675333688013,-1.3916795144924041,1.1312517497942975,3.9235795337608455,-2.864116963945923,3.424799368721649,-0.016698578878278657,-0.1157158816991706,0.1632858835410618,3.128549261684082,-0.392526928578512,-0.5138080755816858
5.55979585647583,-0.666177733198822,0.6603433570953912,0.1524743494937735,-1.3375380169088555,-1.3917044248768655,1.1312356077866883,3.895417858049746,-2.861649119484104,3.391983791987034,-0.022283988071489177,-0.11904994390292695,0.15854163015034256,3.1285525995441894,-0.39253074327577764,-0.513839069996969
5.561823844909668,-0.6661668268171898,0.6603363895555606,0.15250630732189335,-1.3374722566005857,-1.3917026950194025,1.1312214393668703,3.9175784778857703,-2.7831819099536337,3.463959496496,-0.027545478044277646,-0.11985104389879954,0.15569800279853355,3.128486319179199,-0.39250451723207647,-0.513827149068014
5.563851594924927,-0.6661563193795647,0.6603526976410095,0.1524719850284918,-1.3375901374189667,-1.391667277073366,1.1312444037536697,3.7889000418131227,-2.733249673885133,3.2308253860593874,-0.02759635565833566,-0.11553036009001963,0.1598102639759981,3.1285416322895507,-0.39253074327577764,-0.5138137976275843
5.565880060195923,-0.66615223227598,0.660349021156134,0.15244735546373828,-1.3376162068459228,-1.3916653933516645,1.1312621035982837,3.710911230602455,-2.7966108496447664,3.057477146674377,-0.028612122894004617,-0.11845216325316854,0.15796420103849335,3.1285335260578613,-0.392526928578512,-0.5138204733477991
5.567907810211182,-0.666147142544077,0.6603572889815803,0.15245185737690534,-1.3375945368876703,-1.3916761183353161,1.1312294075351828,3.939693928253397,-2.975334465804742,3.287648110378705,-0.02191468035972674,-0.1178591904678918,0.1514359071153934,3.1285454469868164,-0.39253074327577764,-0.5138562361346644
5.569934844970703,-0.666138848798409,0.6603498254940547,0.15245719329183655,-1.3375991129063818,-1.3916721981117062,1.1312578297868756,3.9094453013982493,-2.9709255202755256,3.2044075338411355,-0.025678272030588,-0.11508592370563756,0.15773641535453964,3.1285406786152343,-0.3925069014178675,-0.5138528982745569
5.571975946426392,-0.6661468807012814,0.6603488854904929,0.1524593839176635,-1.3376042254891956,-1.3916775412550504,1.1312387559410626,3.795521723314348,-2.8325613166305996,3.216241654294416,-0.025160679984959387,-0.1125802869506891,0.15754863039944242,3.128549261684082,-0.39253074327577764,-0.5138562361346644
5.5740039348602295,-0.6661383147574922,0.6603498874886075,0.15247412476661604,-1.3375630704264765,-1.3916795940526658,1.1312643428738702,3.7506381662440216,-2.8882816511022984,3.262563638709686,-0.029901175762179,-0.11137410882865385,0.14834035406677676,3.1285454469868164,-0.39248353639711553,-0.5138562361346644
5.576031684875488,-0.6661327748854153,0.6603506423801235,0.15240500798434328,-1.3376736450783862,-1.3916634416229423,1.131255156415632,3.7082544619719586,-2.647021549325709,3.3241055851565617,-0.028763754790999296,-0.10833726011099698,0.1533857817952284,3.1285335260578613,-0.3925378958331507,-0.5138714949237269
5.578059673309326,-0.666126827462217,0.6603602234154895,0.15241470096308066,-1.3376812249214804,-1.3916493197783755,1.1312666282225532,3.5780636539292745,-2.9442418591405586,3.315231416507179,-0.02661121676507623,-0.11198202794759357,0.15010254773971804,3.1285525995441894,-0.3925259749041956,-0.5138562361346644
5.580087661743164,-0.6661340640945022,0.6603429123821603,0.1524219609114992,-1.337667642030831,-1.3916674385970778,1.1312718802475412,3.65726690460754,-2.7683081470768647,3.476825823917501,-0.03702454631274246,-0.11424819585526887,0.15125457160295877,3.1285454469868164,-0.3925259749041956,-0.5138681570636194
5.582135438919067,-0.6661106358860271,0.6603542380250746,0.15244030824442026,-1.3376642408178587,-1.3916501556173388,1.1312843684315403,3.552804466671887,-2.9376701235698204,3.341138032104824,-0.03243938093872733,-0.1143269766705847,0.14597895342698775,3.1285573679157714,-0.3924906889544886,-0.5138714949237269
5.584184169769287,-0.6661230427842852,0.6603438934690917,0.15240679479450384,-1.3376501564739545,-1.3916727738169483,1.1312769640791693,3.577127853893204,-3.1495951443286003,3.350971907630476,-0.02896139364091752,-0.11306272249392069,0.14693531025139228,3.1285249429890136,-0.39250165620912725,-0.5138919989215296
5.586211919784546,-0.6660895153654826,0.6603685034959288,0.1524091313445738,-1.3377175781844917,-1.3916172571869039,1.1312804182278404,3.665144461202785,-2.8684542723594806,3.6003626751331534,-0.02900576266364517,-0.11775502362424514,0.14774909968824493,3.1285297113605957,-0.3924983183490198,-0.5138614813434046
5.5882344245910645,-0.6661046314814504,0.6603490994090855,0.15240717748868315,-1.337706662387633,-1.3916452865777234,1.1313159625679998,3.744916393624538,-2.7259374467197195,3.200532270225627,-0.03821904997914895,-0.1134753446153648,0.14859887892414236,3.1285525995441894,-0.3924830595599573,-0.5138772169696253
5.590255498886108,-0.6661020866565092,0.6603436108698285,0.15238756191042996,-1.3377137531462628,-1.3916486738498057,1.131313787608095,3.6303825996617802,-2.895168868264362,2.9363061319696016,-0.03585392868410096,-0.10900775243103523,0.14535473548805253,3.1285263735004882,-0.39248687425722295,-0.5138886610614222
5.592276096343994,-0.666097065726677,0.6603554537320314,0.15240938675106327,-1.337690057126562,-1.3916476439839507,1.131303171086864,3.6640024669161595,-3.117290003241822,3.226579435294347,-0.03626664874217465,-0.11187270453263838,0.13918864540342196,3.1285525995441894,-0.39247447649110967,-0.513895336781637
5.594297885894775,-0.6660950431266027,0.6603481818816719,0.15239355076923095,-1.337728480519296,-1.3916354609761397,1.1313411812661927,3.586650300882239,-2.5776466939552267,3.2119819708694677,-0.04535285653385619,-0.11369348653118588,0.1424479067873182,3.1285454469868164,-0.3924668470965784,-0.5138738791095179
5.596325874328613,-0.6660951603042355,0.6603505830188618,0.15239436456009509,-1.337715111736785,-1.3916433563944717,1.1313195001395735,3.5339999812881477,-2.585985139209323,3.0808456819552816,-0.04194574850599178,-0.11091104120126534,0.14559403065659804,3.1285454469868164,-0.39247447649110967,-0.5138919989215296
5.598353862762451,-0.6660806709363329,0.6603462377033056,0.15236591684411277,-1.3377671205573554,-1.3916335864062144,1.1313520778037758,3.520821219684594,-2.331817251533209,2.8792782970394204,-0.0567573524476664,-0.10962966263897084,0.15009509102985086,3.1285454469868164,-0.3924625555621546,-0.5139043966876429
5.600391149520874,-0.6660931660780196,0.6603444225006567,0.15240045157636795,-1.3376521261082563,-1.3916653550879694,1.131281242425709,3.37744639722945,-1.8458475478907574,2.362987145348137,-0.07405860638952302,-0.11951883042576747,0.16779590694510457,3.1284982401081542,-0.39247066179384404,-0.5139249006854456
5.602433919906616,-0.6660840278140762,0.6603448860174025,0.15240316009646132,-1.3377126549870029,-1.3916326018987326,1.1313356043997072,3.3637729566990275,-2.308927317129581,1.950329639674153,-0.07062602664387246,-0.13376080958169337,0.1754739059859659,3.1285177904316406,-0.39245492616762334,-0.5138786474810999
5.604461669921875,-0.666084742384164,0.6603497345191871,0.15240262517030334,-1.3376794695434489,-1.3916571176791492,1.1312919058084325,3.3345606536593904,-3.032402658620907,2.7853540853180885,-0.047447595781614615,-0.14170193191980593,0.1656386215545465,3.1285297113605957,-0.392465893422262,-0.5139315764056605
5.606489896774292,-0.6660767570268888,0.6603458535568802,0.15240149257533653,-1.337695754542599,-1.3916476119902292,1.131351490044477,3.293577030757402,-2.9842144484267443,3.046367579364661,-0.04645138727439209,-0.12741263033346015,0.15488888136803025,3.1285454469868164,-0.39242393175234014,-0.513916317616598
5.60851788520813,-0.6660679415583407,0.66036549670297,0.1524069371392785,-1.3376729927571391,-1.3916433087925721,1.131286639255135,3.519135963404744,-2.9714052308143772,3.2778275901824525,-0.049984581980411016,-0.11421780250036506,0.13923306654924283,3.1285335260578613,-0.3924468199359339,-0.5139368216144007
5.610545873641968,-0.6660691063289044,0.6603606844191373,0.15241589132845235,-1.3376585673040826,-1.3916525905684665,1.1312792600675228,3.271693104986966,-2.484686501230084,3.243020132702555,-0.05322915680854637,-0.10685840495923417,0.14477287798399924,3.1285335260578613,-0.3924468199359339,-0.5139487425433558
5.612574100494385,-0.6660660538699427,0.6603574008473804,0.15240993616286297,-1.3376400848898131,-1.3916558246795039,1.1312810057111473,3.159522666209647,-2.6585454861184763,3.139037278413137,-0.0544418195119581,-0.1127200897460416,0.15536682069128158,3.1285053926655273,-0.3924348990069788,-0.5139520804034632
5.614603281021118,-0.6660816622049391,0.6603423608230569,0.15241080262956616,-1.337664400566804,-1.391663388660991,1.1313326100931054,3.174320570312783,-2.948226605535826,2.7312482358158894,-0.059358002718385774,-0.12455271527716733,0.16679295960829962,3.1285416322895507,-0.39242679277528936,-0.5139334837542933
5.616642713546753,-0.6660580633131813,0.6603651412285372,0.15241817681104108,-1.3376718153263438,-1.3916404525434085,1.1312894512292344,3.504529368607619,-3.0791814904689634,2.4592282326777024,-0.05430695106888418,-0.125632001396156,0.17227988588586635,3.128537340755127,-0.3924348990069788,-0.5139454046832483
5.618664264678955,-0.6660596885304787,0.6603571041289068,0.15241572427161196,-1.3376661233940625,-1.3916465329423602,1.1313115912826437,3.4165294346415354,-3.1091530997449683,2.1944843684528967,-0.060242186073017845,-0.11853994295619476,0.15935946275332952,3.1285335260578613,-0.3924191633807581,-0.5139454046832483
5.620684385299683,-0.6660582689170993,0.6603687180202049,0.1524207993161612,-1.3376601137489588,-1.3916514479256588,1.1312627308059915,3.3712873079262944,-2.7988798718573697,2.5637330082927554,-0.05562381419221919,-0.12655255873216786,0.15588207854533223,3.128549261684082,-0.3924458662616175,-0.5139725844012659
5.622704267501831,-0.6660554792308668,0.660360625891232,0.15242090782613762,-1.3376801541182999,-1.3916464053152364,1.1312818334913943,3.222597546863861,-2.6830171901563333,2.718463157348612,-0.05434206734488166,-0.13612674326959975,0.14523737381442836,3.1285454469868164,-0.39244205156435186,-0.5139644781695765
5.624742746353149,-0.6660605989404669,0.6603560428323495,0.15242117928736082,-1.3376493656265278,-1.3916589758165985,1.13131583321109,3.0217568103368295,-2.7327601364036016,2.384485633059083,-0.060035197995470795,-0.13727028587020915,0.1414004605006185,3.1285525995441894,-0.3924067656146448,-0.5139644781695765
5.626771926879883,-0.6660596799058336,0.6603634409248408,0.15240798814357748,-1.3376785887900093,-1.3916593500986927,1.1312808614978307,3.1487035389892397,-2.561198669942074,2.424400131843539,-0.06197809441711534,-0.15104424196173233,0.1438144573331571,3.12856833517041,-0.39244205156435186,-0.5139883200274866
5.628799676895142,-0.6660476035178367,0.6603643242458053,0.15241090931410925,-1.3376899504347184,-1.3916412586104143,1.131296940748652,3.0982524874918504,-2.589848490550365,1.3200315331318793,-0.07250015608682807,-0.14298889269739348,0.14881704362905193,3.128549261684082,-0.39242679277528936,-0.5139692465411585
5.630831718444824,-0.6660472711756422,0.6603545545524345,0.15241425991831864,-1.3376398199597745,-1.3916583435743197,1.1312720587918663,2.9551159942188434,-2.229829826628854,1.231959830769107,-0.08529387002126076,-0.161886922730956,0.15292680079620388,3.1284982401081542,-0.39242297807802373,-0.5139883200274866
5.632859945297241,-0.6660298403356735,0.6603774186105841,0.1524342386813078,-1.3376723582608405,-1.3916329150980171,1.1312580793180143,2.756327066496875,-1.8971847036628535,1.1895221576729802,-0.08902979719450116,-0.1715270327544978,0.15209133826143445,3.128549261684082,-0.39242679277528936,-0.5139883200274866
5.634887933731079,-0.6660509174447932,0.660353842965724,0.15246390719777098,-1.3375992324617725,-1.3916671070162776,1.1312615170740017,2.7512655293345607,-1.779786837461979,0.9288626155710544,-0.08875289346083672,-0.17970952848707722,0.14645155103438,3.1285297113605957,-0.3924143950091761,-0.5139883200274866
5.636915922164917,-0.6660495055345363,0.6603528432486154,0.15246224587444554,-1.3375932750679569,-1.3916754222961762,1.1312791880869428,2.626738931886738,-1.5682886678562262,0.532775639682985,-0.09378023459678297,-0.18880555556921036,0.14594833071890054,3.128549261684082,-0.39239532152284795,-0.5140035788165491
5.638943672180176,-0.6660531653337989,0.6603553984188631,0.15247870938193422,-1.3375589604729508,-1.391684805207238,1.131254345342227,2.5867031206281137,-1.1920652088028973,0.34085242573667995,-0.10243193273012971,-0.19552846268106414,0.15381794301621515,3.128549261684082,-0.3923991362201136,-0.5140121618853968
5.640971899032593,-0.6660270324152193,0.6603658840811266,0.15244307070316945,-1.33766062487587,-1.3916409799059353,1.131272500287127,2.3710164760605266,-1.3422175070167037,-0.023683533423211167,-0.10557234904653998,-0.20057105644782297,0.14740237823175995,3.1285416322895507,-0.39241058031191045,-0.5139969030963343
5.642999649047852,-0.6660296163992275,0.6603704434528667,0.15247798744040447,-1.3375909154364924,-1.3916620400837425,1.1312355219768733,2.3482820102232407,-1.1008460459472653,0.03292627776149665,-0.10471975187623261,-0.20549932562254872,0.15229720914631836,3.128553553218506,-0.3924029509173792,-0.5140240828143519
5.6450278759002686,-0.6660300736887366,0.6603691528203781,0.15244508236852705,-1.337656713279664,-1.3916463954347615,1.1312492209473726,2.3539011983590292,-1.1087926335493345,-0.17719769479607728,-0.11184678011414442,-0.20899061718800932,0.1553098384491556,3.128549261684082,-0.39242679277528936,-0.5140088240252894
5.6470558643341064,-0.6660350248965662,0.6603610717581936,0.15249583979118272,-1.3375640458764482,-1.3916779119283036,1.1312577220218403,2.2556031934381577,-1.219148128294947,-0.14090387492205336,-0.1107124436825321,-0.22302995187692964,0.1596730976450644,3.128573103541992,-0.39237958589662725,-0.5140312353717249
5.6490843296051025,-0.6660291455997223,0.660373406745558,0.1525026835134839,-1.3375858520122577,-1.391651866112204,1.1312138159746805,2.123036033469581,-1.0336448101094045,-0.3760289555526725,-0.11758013854729091,-0.22997029200806168,0.16576399278163106,3.128548784846924,-0.3924177328692835,-0.5140054861651819
5.651111841201782,-0.6660215303466333,0.6603703458046829,0.15250550565971507,-1.3375449756957054,-1.3916630462266921,1.1312282129393396,1.6025439762094242,-1.657033207135086,0.20781989729465544,-0.10607852564911108,-0.2632542395392845,0.16588901820285135,3.1285344797321777,-0.39237958589662725,-0.5140240828143519
5.653140068054199,-0.6660101523597264,0.660384731931221,0.15247742363589145,-1.3376227027922276,-1.3916366442621488,1.131228432248981,2.0694341581301687,-1.8626925902770266,-0.032114390625545164,-0.09767844194827008,-0.24369813726872683,0.14513879867039367,3.1285573679157714,-0.3924029509173792,-0.5140207449542444
5.655167818069458,-0.6660227747331648,0.6603623065406572,0.1524993698634348,-1.3376049226614644,-1.3916569074705316,1.1312504864428012,2.021324001551315,-1.1458337085323087,-0.4212580618211041,-0.113170871061345,-0.23902468825395268,0.15346199177544645,3.128565474147461,-0.39239532152284795,-0.5140207449542444
5.657196044921875,-0.6660248723119092,0.6603590833745658,0.15250367211293392,-1.3375639167808049,-1.3916753489826907,1.1312660410668305,1.6961880962625666,-0.6215725743628427,-0.4713234834171407,-0.12755825650948655,-0.2466904331250161,0.171840279346281,3.128573103541992,-0.39236432710756475,-0.5140393416034144
5.659223794937134,-0.6660234536610559,0.660366122268719,0.15249271004380024,-1.3376103478498602,-1.3916600021800767,1.1312414045740329,1.819095974153877,-2.4237312108206015,0.5592875202663434,-0.09159533613084586,-0.26674797186209,0.14748227953977708,3.1285764414020996,-0.3924029509173792,-0.5140326658831995
5.661251783370972,-0.6660259310441367,0.6603655672802331,0.15252906341440686,-1.337554451864282,-1.3916761040237111,1.1311972193754765,1.918235686452208,-1.4059897665854413,-0.2178725976009407,-0.11721088505813973,-0.24591141212159676,0.15610980911656266,3.128573103541992,-0.39241010347475225,-0.5140517393695276
5.66327977180481,-0.6660045037629638,0.6603674063721329,0.1525120107944247,-1.3375597065464302,-1.3916633014010926,1.1312531965420414,1.4719003926128615,-1.7175199195472117,-0.01418346671864218,-0.11452845411687734,-0.2648281936994528,0.16869546425008775,3.128561182613037,-0.39235097566713506,-0.5140517393695276
5.6653077602386475,-0.6660131109282404,0.6603670187269938,0.15252335581905474,-1.337579569927323,-1.3916499427646274,1.1312537037295158,1.8901775737561104,-1.9467305057179238,0.07767384710045527,-0.10626285687560523,-0.25693157552060564,0.15497343459691276,3.1285645204731445,-0.3923714796649378,-0.5140140692340296
5.6673362255096436,-0.6660100954980027,0.6603751382364476,0.1525230567843517,-1.3375767304633808,-1.3916543654117521,1.131166337821618,1.759652834550162,-1.123156185267781,-0.6590311152037639,-0.1341298291103499,-0.24500691095560118,0.17117738184991868,3.1285416322895507,-0.39242870012392217,-0.5140484015094202
5.669364929199219,-0.6659925342980759,0.6603741063648084,0.15251340043783493,-1.3375967247790719,-1.3916371379161852,1.1312573353324957,1.6468543375259346,-2.5075555599022548,0.3567062822411082,-0.09789632266895573,-0.2703455709056771,0.1544952766251101,3.1285573679157714,-0.3923557440387171,-0.5140293280230921
5.671393156051636,-0.665991855419173,0.6603763380159143,0.15250591004777678,-1.33762289019374,-1.3916329439548125,1.1312529732920003,1.9561655882074165,-1.4812880936606858,-0.4096050084522512,-0.11693800461145186,-0.2501377278745724,0.1629331568999496,3.1285692888447265,-0.3923700491534632,-0.5140326658831995
5.673422574996948,-0.6659939702718998,0.6603739555172773,0.15253476999894028,-1.3375418033187378,-1.3916631327738216,1.1311995281779075,1.6337448106439194,-2.1001097789803316,0.05606250162761395,-0.10911190193285267,-0.27171970785548816,0.1675320038272591,3.128553553218506,-0.3923700491534632,-0.5140755812274378
5.675454139709473,-0.665997242512922,0.6603640282946663,0.1525484947666446,-1.3375599969479255,-1.3916547032321949,1.131273086128047,1.9122918761148482,-1.521214918449137,-0.5512199016184578,-0.12004540858708837,-0.2463033800606094,0.1643766474636251,3.1285855013081054,-0.39233190218080694,-0.514038387929098
5.677516937255859,-0.6659723164159482,0.6603830529388087,0.15252945479644092,-1.3375648744045316,-1.3916416448497344,1.1312270639877489,1.615530219351957,-1.1422580655904815,-0.35957477009324273,-0.12688733443752973,-0.2692940615237479,0.18000198451271493,3.1285573679157714,-0.39233905473818,-0.5140722433673304
5.679545879364014,-0.6659877057049365,0.6603697252886584,0.1525437842922081,-1.3375602942200016,-1.391657547223128,1.1312469442182116,1.8486253453377983,-2.5577102098074023,-0.1493534091767384,-0.1054622518507218,-0.2720805224012857,0.1516185848955253,3.1285855013081054,-0.39233905473818,-0.514068905507223
5.681574106216431,-0.665987130369853,0.6603715973300393,0.15256698828696974,-1.3375152868615319,-1.3916667994767868,1.131199799784419,1.5955999134036152,-1.916515764759769,-0.562193341769843,-0.11947732552607412,-0.27924193514199397,0.17238625961449291,3.128565474147461,-0.39235097566713506,-0.5140836874591272
5.683603525161743,-0.6659730211430189,0.6603740640551685,0.15257468383353603,-1.3375035502543793,-1.3916513810792979,1.1312029344589407,1.6732446710877513,-1.9692608682599633,-0.48966338101530915,-0.11418762785985317,-0.2813737860767016,0.165536465547245,3.128530665034912,-0.39233190218080694,-0.514068905507223
5.6856560707092285,-0.6659930675976155,0.6603614421680383,0.152599305622639,-1.3374918824037199,-1.3916716757025471,1.131222956543821,1.569489685828626,-2.548495984382199,-0.2886137856042864,-0.10798152553511639,-0.29768273255765254,0.16819640238928096,3.128577871913574,-0.39233190218080694,-0.5140655676471155
5.68771767616272,-0.6659716176244453,0.6603868061258681,0.1525736029280916,-1.3375594471085164,-1.3916451427829246,1.131193892091509,1.6577279892219499,-1.3601882178455695,-0.8880899467442404,-0.12803705192894144,-0.2826441405605756,0.17968812631086328,3.1286045747944335,-0.3923581282245081,-0.5140870253192347
5.68974757194519,-0.665977990737364,0.6603757518923395,0.15259673369458374,-1.3375253694518463,-1.3916469131963534,1.1312383247733757,1.7156539597086264,-2.323611942638138,-0.5785524217635842,-0.1078327272072547,-0.2922798467499528,0.15839972761089394,3.1285974222370605,-0.39231998125185186,-0.5140531698810022
5.6917760372161865,-0.6659764691229314,0.6603675237582587,0.1525791973881927,-1.3375243883086494,-1.391663092261696,1.1312559109933913,1.4117793823287328,-2.492378523879295,-0.7401264236214079,-0.11499851158158063,-0.31162576961668864,0.16470929763659675,3.128600760097168,-0.39230424562563115,-0.5140836874591272
5.693804025650024,-0.6659643263413948,0.66038215483269,0.15260884348370957,-1.337520471799341,-1.3916464391556511,1.1311990587254233,1.197167207881541,-1.8811345966926587,-1.136089806835982,-0.12507105957235093,-0.31516088096810385,0.17252007180519982,3.1285974222370605,-0.39233094850649053,-0.5140836874591272
5.695832014083862,-0.6659648042453229,0.6603823314898641,0.15260583325318783,-1.3375215924914516,-1.3916523684759008,1.1312033613720907,1.390257935708136,-2.1331673104869218,-0.9996553213389111,-0.12083107000102208,-0.32284078430665764,0.16938564608645326,3.128612681026123,-0.3923271338092249,-0.5140960852252405
5.697860956192017,-0.6659669348909292,0.6603788144823829,0.15261638283493126,-1.337508096887118,-1.3916514180963282,1.1312004996104443,1.1926286817300693,-2.2383565760577837,-0.8858053355823083,-0.11618368101260688,-0.33284248834499147,0.16627144607519098,3.1285974222370605,-0.3923271338092249,-0.5140836874591272
5.699889898300171,-0.6659639002887681,0.6603800337184654,0.15262469884943702,-1.3374879459694224,-1.391649400995652,1.1311845961184432,1.175264462191608,-2.2235163228442807,-0.9434738943006462,-0.11980731214794849,-0.3403290083383815,0.1666680284505407,3.1285745340534667,-0.3923271338092249,-0.5140803495990198
5.701917886734009,-0.6659678904403694,0.660378789833116,0.15263994307936116,-1.3374932787835232,-1.3916559689217836,1.1311661099644528,1.0783494080265088,-2.2001910168866377,-0.9736638300073296,-0.11649526055174739,-0.34033900937917144,0.17080245524749846,3.128600760097168,-0.39234620729555303,-0.5140927473651331
5.703946828842163,-0.6659554484096437,0.6603802164807355,0.15261461085714245,-1.337563349450052,-1.3916266257075238,1.1312499427278095,0.9439778898397542,-2.0630130364623067,-1.1805174899085467,-0.12632312300558735,-0.34736978047126343,0.1684080600898754,3.128624601955078,-0.3923080603228968,-0.5140588919269007
5.70597505569458,-0.6659685526785057,0.6603685643344485,0.15266789521430907,-1.337430674257628,-1.3916697381652219,1.1311886935330726,0.8100588299005675,-2.2635649867305436,-1.300587469727606,-0.12069008117606947,-0.35560164125011445,0.16248123832395311,3.128586454982422,-0.39230281511415654,-0.5140894095050257
5.708003759384155,-0.6659557203083535,0.6603835394261065,0.15259879147670466,-1.3375301761732217,-1.3916573716142762,1.1311686655232784,0.6921811594975695,-1.9705219866160901,-1.2451528981394424,-0.12679513209356807,-0.35647438686526867,0.1640240684949196,3.12860552846875,-0.39234620729555303,-0.514132324849264
5.710031747817993,-0.6659343887251676,0.6603946370276468,0.15262987471337408,-1.3375386952469663,-1.3916263846169765,1.1311847013898575,0.6750593983521028,-1.8019998798697752,-1.3587504392165215,-0.1298090382833314,-0.3569157895931456,0.16306092267063027,3.1286141115375976,-0.39231902757753545,-0.5141046682940882
5.712059736251831,-0.6659500633092152,0.6603888661273594,0.15269048513302297,-1.3374548179511143,-1.3916458084899448,1.1311579378611165,0.4947325191369896,-2.013133204331242,-1.3258942521820012,-0.11987613045005717,-0.3652843002012459,0.1610631845765755,3.128617449397705,-0.3923152128802698,-0.5140927473651331
5.714087963104248,-0.6659559832750539,0.6603699838543254,0.15264766253371287,-1.3374625682357615,-1.391673461288899,1.1311627207017916,0.33334911170054415,-2.2361396043073194,-1.3590239171691256,-0.12134631940885797,-0.36872539812868,0.15727303872195864,3.1285897928425292,-0.3923223654376429,-0.5141356627093714
5.716115951538086,-0.6659363903643547,0.6603898366605295,0.15263575778138397,-1.3375647460386593,-1.3916255937000561,1.1312104179343556,0.5007834489452576,-2.0410131756062095,-1.8047697493591248,-0.12587961848983667,-0.3603025818443846,0.15748220754578998,3.1286489206501464,-0.3923152128802698,-0.5141013304339808
5.718143701553345,-0.6659627369010046,0.6603620652897343,0.15266440896244565,-1.3374578569543418,-1.3916783039878724,1.1312119660784787,0.4597035825850719,-2.179533669641416,-1.516508205701958,-0.12052771653842334,-0.3677271953317574,0.14790169109137785,3.1286255556293945,-0.3922918478595179,-0.5141199270831507
5.720171928405762,-0.6659475162321254,0.6603745503591991,0.15266119487118543,-1.3374638093821283,-1.3916721206765639,1.1311592645088124,0.2711791465171113,-1.9375449872812693,-1.475579976380104,-0.12013577997933883,-0.3749787228417751,0.14908825828800776,3.1286136347004394,-0.3923152128802698,-0.5141504446612757
5.722203254699707,-0.665946059486944,0.6603795330900291,0.15267896650428905,-1.3375161849948647,-1.3916458602191464,1.1311525204688624,0.3362074972788557,-1.9192942444725656,-1.584713238003779,-0.12223854565663517,-0.3741098142833783,0.15089305973989064,3.128636522884033,-0.39234620729555303,-0.5141165892230433
5.724230766296387,-0.6659465886818775,0.6603765960044907,0.15267470578886172,-1.3374880245390315,-1.391653314955207,1.131156242528767,0.21598991700178766,-2.187267548789567,-1.7769368201497289,-0.12509839941384515,-0.37837216731646284,0.1481782284608094,3.1286136347004394,-0.39233094850649053,-0.5141199270831507
5.726258754730225,-0.6659235770908765,0.660395360759801,0.15268922869528406,-1.3374755717157962,-1.3916365824310295,1.1311288664817665,-0.0625763871351061,-1.974816004196225,-1.8028796880138016,-0.12328264231974992,-0.384804268050666,0.15572786307875922,3.128610296840332,-0.39231902757753545,-0.514132324849264
5.728286981582642,-0.6659520698795401,0.6603651102120373,0.15271695338138647,-1.3374078152750926,-1.3916854729522181,1.1311542868128819,0.056906259696784534,-2.1548458819041887,-1.6525469301547804,-0.12185140816716143,-0.390242027025935,0.15036884368885928,3.1286255556293945,-0.3922990004168909,-0.5141471068011683
5.730358600616455,-0.6659247987177135,0.6603895399104418,0.15265746308656808,-1.3375815581993884,-1.3916140835475617,1.1312032788164799,-0.0029295898855840052,-1.9446335936354122,-1.6392528345293504,-0.12503601822723176,-0.3932665874179302,0.15224612400869988,3.128657026881836,-0.39231902757753545,-0.5141013304339808
5.73239541053772,-0.6659398561427763,0.6603731871705932,0.15267211064080408,-1.3375068623394843,-1.3916571965620435,1.1311846322099939,0.04777735377086734,-2.278781662311315,-1.7845523471363005,-0.12153170661252992,-0.3962400245443788,0.14625078099746283,3.128645582790039,-0.3923113981830042,-0.514139477406637
5.734445810317993,-0.665917418950178,0.6603987984119225,0.1526820900691332,-1.33755405168126,-1.3916091120793443,1.1311735802161225,0.08466986353023115,-1.994066164556153,-1.6713076619958613,-0.12402570779225637,-0.40691667663166,0.15553787024001853,3.1286532121845703,-0.39231902757753545,-0.5141032377826136
5.736473798751831,-0.6659137958641345,0.6604038704201399,0.15270096300379943,-1.3375271614510968,-1.3916168519616554,1.1311222004890558,0.03960999971535839,-2.4644691319008367,-2.0968081490020487,-0.12219221759979029,-0.40589196023339447,0.15315186095828281,3.1286493974873046,-0.3923381010638636,-0.5141289869891565
5.738501787185669,-0.6659079398396945,0.6604017350283996,0.15270905189747766,-1.337538776475965,-1.3916055331588744,1.1311562143040672,0.1174521360029559,-2.6004738095076587,-1.9252940300094363,-0.12122852086116886,-0.40992413341102296,0.15195512795195593,3.128657026881836,-0.3923152128802698,-0.5141099135028284
5.740529775619507,-0.6659321628524894,0.6603752456402958,0.15271877430989084,-1.3374946846060418,-1.3916482065724545,1.1311999874687262,0.05266282130463151,-2.1225608659855992,-2.022109088030386,-0.12610620992030314,-0.41466791165407685,0.15936890701216994,3.1286813455769042,-0.39228755632509404,-0.5141256491290491
5.742557764053345,-0.6659076067259092,0.6603975498989945,0.15272014768079017,-1.3375118202693308,-1.3916240653342322,1.1311524721661914,-0.026722864929439094,-2.1197445180665593,-2.178211378508358,-0.12882577417297045,-0.4175491042200743,0.16062538124200584,3.1286727625080566,-0.39230281511415654,-0.5141404310809534
5.744585990905762,-0.6659096218835228,0.6604061024993595,0.15275426404409143,-1.337438958084814,-1.3916314547126531,1.1310887644913898,-0.11211908490937039,-2.5065161078058957,-2.170061000630175,-0.1292939557367232,-0.4238824799244626,0.1604612818556662,3.1286422449299316,-0.3923152128802698,-0.5141437689410608
5.7466139793396,-0.6658989308892466,0.6603906423545566,0.15273294037990093,-1.3374997245087286,-1.391623805277044,1.1311993375186742,-0.1313661758661766,-2.5642767020910964,-2.0374109614995217,-0.12567201289847107,-0.4408142607081281,0.1642889881818105,3.1286813455769042,-0.39225608507265264,-0.514137093220846
5.7486419677734375,-0.6658960945341972,0.6604150486200903,0.15276080742614134,-1.3375062377266425,-1.3915985595221827,1.1310853653984447,-0.185357883003623,-2.5121843712205933,-2.6043031377617103,-0.12807836940463563,-0.4323356964896644,0.16089821598168705,3.128661795253418,-0.3923381010638636,-0.5141223112689417
5.750669717788696,-0.6658982861427336,0.6604083824623961,0.15272526869384942,-1.3375696768036687,-1.3916028157128042,1.1311437031849083,-0.29272238731254874,-1.9089650351985152,-2.407731037720426,-0.13564975330711057,-0.44525707441147006,0.17656907162269755,3.1287123399921875,-0.3923261801349085,-0.514137093220846
5.752697706222534,-0.6659087276434422,0.6604013576026342,0.15275188900554854,-1.3374720929369925,-1.391633437923692,1.1310835819235385,-0.20521352645688662,-2.491232478435787,-2.110399344625121,-0.12484340839320655,-0.4524276228788367,0.16841710916584837,3.128661795253418,-0.39233428636659795,-0.5141595045672815
5.754725933074951,-0.6659145901986143,0.6603920130095426,0.1527834207729249,-1.3374415651979787,-1.3916460230315337,1.1311108384903072,-0.15901996896554815,-2.1863236322185418,-2.488521000868878,-0.13765674150963458,-0.45209127498706336,0.17698661416997916,3.1286894518085937,-0.39230662981142217,-0.5141561667071741
5.756753921508789,-0.66589953882815,0.6603922538096733,0.15274051888691367,-1.3375275918804752,-1.3916261479044678,1.1311773553222546,-0.3451999220163612,-2.403929130898428,-2.5248218173355395,-0.13635758221058839,-0.46296418437814346,0.17804384851233235,3.1287171083637695,-0.3922842184649866,-0.5141561667071741
5.758781909942627,-0.6658899082659664,0.6604162983835232,0.15276517465284917,-1.3374893242951824,-1.3916132788147673,1.1310823697697028,-0.4112418219531023,-2.844314363176501,-2.657845104781307,-0.12783233897999913,-0.4739998571292288,0.178532572791504,3.128685637111328,-0.3923223654376429,-0.5141609350787562
5.760808944702148,-0.6658985919877703,0.6604039161801024,0.15277605680750597,-1.3375054215323912,-1.391608859483473,1.1311323895541068,-0.38692774598737145,-2.300419882692806,-2.795820652559737,-0.13490175628790818,-0.4710539718908026,0.18203396118223306,3.128701372737549,-0.39230662981142217,-0.5141256491290491
5.762836933135986,-0.6658871052187118,0.6604106980879266,0.1527894465683138,-1.3374834902961288,-1.3916123463811327,1.1311092004182381,-0.4777090262411392,-2.6810227623867435,-2.6068412512579533,-0.1270453979660324,-0.47849581433727756,0.17649776345724585,3.128706141109131,-0.3922990004168909,-0.5141528288470667
5.764864921569824,-0.6659050901919645,0.6603864262282271,0.1528061565111522,-1.3374679057618353,-1.3916353183392414,1.1311657897754666,-0.3336016567662743,-2.557160991739675,-2.7619237718825693,-0.13777124421141346,-0.47892722690457934,0.1806336013567498,3.1287337976643066,-0.39227182069887334,-0.5141437689410608
5.766892910003662,-0.6658999572429658,0.6603996868404315,0.1527871531061817,-1.337502523776649,-1.3916234270872792,1.1311298604676858,-0.48969853209515224,-3.0156988424850146,-2.4323599602466146,-0.12963664245430784,-0.49212863922219724,0.18074661337655626,3.1287337976643066,-0.39230662981142217,-0.5141528288470667
5.7689208984375,-0.6658902684288626,0.660394672677579,0.1527979875744903,-1.3374941340425872,-1.391636198965951,1.1311563732217709,-0.7910703675079415,-2.494287845124551,-2.855738664624281,-0.1361647995754406,-0.4906190045940924,0.19267973219447343,3.1287686067768554,-0.39227182069887334,-0.5141866842852991
5.770948886871338,-0.6658822804326479,0.660403251567669,0.1528059123419288,-1.3375139372014584,-1.3916112636248885,1.1311562112291609,-0.5805536656487555,-2.582494810004948,-3.1360181021771454,-0.13317084847246846,-0.4889471759471154,0.18572855378595632,3.1287614542194824,-0.39227515855898076,-0.5141561667071741
5.772976875305176,-0.6658731330146663,0.6604211932412309,0.15279611770779605,-1.3375327694763102,-1.391598527359508,1.1311177900207297,-0.6183343867144231,-2.9067908389982007,-2.7395677349034724,-0.1329702463634806,-0.5053691640739711,0.1780518929415591,3.128765268916748,-0.3922990004168909,-0.514167610798971
5.775005102157593,-0.6658505162847942,0.6604374771500185,0.15280615220411878,-1.3375458328101408,-1.3915731254129409,1.1310892868380094,-0.7682743704944615,-2.7537029411161233,-2.7656968507841757,-0.13527242623933722,-0.5081570467668992,0.18443897607685647,3.1287543016621093,-0.39230281511415654,-0.514167610798971
5.777032852172852,-0.6658948917563228,0.6603986329789578,0.1528137553734183,-1.3374981437923832,-1.3916236821548646,1.1311666945431675,-0.8003481022451977,-2.5621396188820125,-3.2189056039354456,-0.13338651698537501,-0.5068996052307605,0.19370270794306407,3.1287805277058105,-0.39227182069887334,-0.5141528288470667
5.7790608406066895,-0.6658743456447772,0.6604176105726062,0.15282199817355363,-1.337514517899325,-1.391600976531002,1.1311045737190786,-0.776100598824856,-2.80307746166298,-3.1045622919550104,-0.13819298373196393,-0.5174486575483837,0.1909527097206986,3.128765268916748,-0.39230281511415654,-0.5141642729388636
5.781126022338867,-0.6658724559063555,0.6604260667633269,0.1528285839641003,-1.3375130956316081,-1.3916017799815013,1.1310703091569185,-0.8227871262105295,-2.8923888458735303,-3.218182623881939,-0.13542730778695672,-0.5168162047962713,0.19213102164581075,3.128777189845703,-0.3923223654376429,-0.5141800085650843
5.783173084259033,-0.6658858454682455,0.660410194506994,0.15283388969794823,-1.3375325734451986,-1.3916050977191259,1.1311431794394653,-0.7474360597356335,-2.815326085631574,-3.035603602424052,-0.13130961028703264,-0.5212446375829158,0.19137303031640426,3.1288134294697265,-0.3922951857196253,-0.5141494909869593
5.78520131111145,-0.6658862798731722,0.6604058713970478,0.15286342661380264,-1.3374486582906708,-1.3916395224719411,1.1311119690730422,-0.9653029649824034,-2.6799261743032017,-3.212325890707541,-0.13392946476058068,-0.5205915746547936,0.19484174882408115,3.1288134294697265,-0.39227515855898076,-0.5141986052142542
5.787231206893921,-0.6658628147425674,0.6604229788025728,0.152828261620433,-1.3375224968032111,-1.3915976765012268,1.131097441257799,-0.7988260330918462,-2.9600274610794113,-3.5098930009958043,-0.13556925515073778,-0.5201091887447767,0.19031043066609182,3.128781958217285,-0.3922985235797327,-0.5141833464251917
5.789260387420654,-0.665876090746422,0.6604067327313435,0.15284364935663666,-1.3374986484886373,-1.3916119098326103,1.1311363509224703,-1.0083512284669855,-2.7963597465637497,-3.61403008615325,-0.13908239993452554,-0.5321832814468943,0.1988860621472801,3.1287895876118164,-0.39227515855898076,-0.514167610798971
5.7912890911102295,-0.665864433657469,0.6604174627263686,0.15284862867679325,-1.3375488473873418,-1.3915903560789968,1.1311296144113898,-0.94580784547734,-2.90146367504757,-3.798238588065786,-0.13554525968983672,-0.5369059082432601,0.19855285802211423,3.1288205820270996,-0.39229137102235967,-0.5141642729388636
5.793318033218384,-0.665864568668545,0.6604287563246496,0.15284744814398715,-1.337538249035986,-1.39159225858055,1.131101631959314,-1.0943819511977197,-2.972637521659392,-3.7154743652690265,-0.13301319140695556,-0.5427717116211239,0.20188270250190757,3.128828688258789,-0.39230281511415654,-0.5141766707049769
5.795347213745117,-0.665864452620631,0.6604252954368758,0.1528634191502356,-1.337500777045,-1.3915932988427637,1.1310961830051447,-1.1245749146700392,-2.9863280300435933,-3.4399291648559536,-0.13058758853784366,-0.5493420935435984,0.19819272863768986,3.128797693843506,-0.39229137102235967,-0.5141642729388636
5.7973761558532715,-0.6658851889883646,0.6603976148755601,0.1528602627836711,-1.3375135051984335,-1.3916115709865549,1.1311457402166398,-1.2859749458484877,-2.6282154734832264,-3.65676598503058,-0.1408083613213202,-0.5499606751315685,0.20074241191274955,3.1288058000751953,-0.39228755632509404,-0.5141494909869593
5.799405336380005,-0.6658735560600176,0.6604169420880139,0.15287960991409338,-1.3374978222426435,-1.3915973088416194,1.1310895711462678,-1.2471680882018485,-2.8865263036533952,-3.945885677744675,-0.13709238418428077,-0.5504176879103192,0.20109537118725246,3.128797693843506,-0.39230662981142217,-0.5141528288470667
5.80143404006958,-0.6658556813937894,0.6604361700421523,0.152877534213947,-1.3375291769654771,-1.3915713386318094,1.1310774316601462,-1.2441846820762352,-2.953150157837513,-3.7885461501950446,-0.13725032220783204,-0.5590936772505037,0.2031243092312274,3.128809614772461,-0.3923099676715296,-0.5141494909869593
5.803462743759155,-0.6658861807854802,0.6604057492235795,0.15291013496512293,-1.337430102878661,-1.3916190760057627,1.1311073121185042,-1.4645585030911414,-2.9888746822259664,-3.8428069217237497,-0.1349212474089451,-0.5680648765964511,0.2050604763102617,3.128797693843506,-0.39227515855898076,-0.5141461531268519
5.805490970611572,-0.6658623441146816,0.6604323569071177,0.15290628430520464,-1.3374645312741196,-1.3915857138674759,1.1310703266050994,-1.3278313912511617,-2.7207733513169408,-3.9221426136858892,-0.14141058610290574,-0.5701000087018688,0.21182693048355902,3.128797693843506,-0.39229137102235967,-0.5141461531268519
5.80751895904541,-0.665858107593595,0.660429415771515,0.1528805555494816,-1.3375020177052592,-1.3915921012450756,1.1310862651518672,-1.66652413942114,-3.1255372631517657,-3.8797518716726147,-0.1415257860759549,-0.583074184326748,0.2090389141394902,3.128821535701416,-0.39229137102235967,-0.5141766707049769
5.809546947479248,-0.6658563968931177,0.6604414417954876,0.15291331598853986,-1.3374498622708222,-1.391584392555469,1.1310081240842715,-1.3385744579172765,-3.2200489070591805,-4.18386037906773,-0.1368181706329745,-0.5868669062125056,0.21207345451303802,3.128774805659912,-0.3923223654376429,-0.5141642729388636
5.811574935913086,-0.6658651527753873,0.660426187757873,0.15289949511205442,-1.3374795660257586,-1.391595026106369,1.1310882795726098,-1.2128930658034653,-2.7979401130687727,-4.023347423880043,-0.13609507527297643,-0.5819462334049585,0.20954444574322706,3.128821535701416,-0.39228755632509404,-0.5141609350787562
5.813602924346924,-0.6658703231418193,0.660416155253801,0.15292102525145068,-1.337446639456678,-1.3916118240941628,1.1311123199683937,-1.2240985165031875,-2.550382873039567,-4.0027928400005575,-0.13727624720737927,-0.5748770766069256,0.19401721642457867,3.128840609187744,-0.39225989976991826,-0.514167610798971
5.815632104873657,-0.6658666219900321,0.6604272732262509,0.15287687844562697,-1.337492036930279,-1.3916007433138424,1.1310700670539162,-1.242006323156602,-2.7414928112250396,-4.065136039131626,-0.1349343489355,-0.5896360147753619,0.1901746859555913,3.1288134294697265,-0.39230662981142217,-0.5141800085650843
5.817660093307495,-0.6658666319360054,0.6604197921860623,0.1528986249115673,-1.3375021661818383,-1.3915902089643817,1.13111991700661,-1.4350112111844626,-2.868504468337388,-4.422977004042259,-0.13686360066090036,-0.5941608156545151,0.19723490269712124,3.128833456630371,-0.3922789732562464,-0.5141461531268519
5.8197021484375,-0.6658764439479845,0.6604147151889231,0.1528891185597658,-1.3374484105234603,-1.3916225600985905,1.131103448592949,-1.4576644044707754,-3.077989327802491,-4.064999314017783,-0.13456496227435735,-0.6061462699112343,0.2011132918787901,3.128821535701416,-0.39227182069887334,-0.5141833464251917
5.821728467941284,-0.6658666797324369,0.660413518670046,0.1528920810751351,-1.3374721298711274,-1.3915992969530584,1.1311333243150823,-1.3280834470945329,-3.529801558759223,-3.7763007733523177,-0.12874343828752607,-0.6038338173932702,0.1973666338165828,3.1288058000751953,-0.39225608507265264,-0.5141494909869593
5.823750734329224,-0.66588212577057,0.6604047670551834,0.15288103655501908,-1.3374700084387314,-1.391622418378913,1.1311658873426607,-1.3289805879083136,-3.02490127784917,-3.842878450967393,-0.13261981974777132,-0.5938532076335927,0.20109893047850658,3.1288444238850097,-0.39224416414369756,-0.5141642729388636
5.825772762298584,-0.6658765110807465,0.6604060140774234,0.15289102473668348,-1.337446091209475,-1.391623156761052,1.1311118226835628,-1.302158765810784,-2.7012215829851436,-3.714164204438025,-0.13670438442249422,-0.5876159510027983,0.19699258146865872,3.128802462215088,-0.3922680060016077,-0.5141766707049769
5.827792644500732,-0.6658658735724077,0.6604193223387848,0.1528754834732033,-1.3375435887619604,-1.3915952133431162,1.1311349395340942,-1.1708492372574288,-2.798717438060977,-3.8104543027785294,-0.1337456772090648,-0.58534136867051,0.18457784778092176,3.128868742580078,-0.3922842184649866,-0.5141709486590784
5.829812288284302,-0.6658814123050409,0.6604136325457868,0.15289039524491937,-1.3374880490988463,-1.3916068110643465,1.1311245002858972,-1.3357640306294782,-2.8834987427359478,-3.974835902093745,-0.13011019429941179,-0.5859137655100153,0.17940726250397676,3.1288372713276367,-0.392282787953512,-0.5141494909869593
5.831835985183716,-0.6658529636499213,0.6604297451002602,0.15287370129913253,-1.3375479105153392,-1.3915785274305967,1.1311268765841076,-1.2513017154291575,-2.6949592077344784,-3.953127574479008,-0.13468816491057034,-0.5812214002931935,0.18782681960591804,3.1288530069538574,-0.3922789732562464,-0.5141642729388636
5.833901643753052,-0.6658795691180568,0.6604154879148134,0.1528806083733041,-1.3374821058350448,-1.391616165012325,1.13108300803647,-1.1599946396745529,-3.027347204789167,-3.5724820722310406,-0.12621465557193115,-0.5840819554754301,0.19284366557750252,3.128821535701416,-0.39230662981142217,-0.5141800085650843
5.835929870605469,-0.6658615267089565,0.6604280084274475,0.15290263680746471,-1.3374595201511734,-1.3915997880774367,1.131059019514504,-1.0615030577903104,-3.1751215674224484,-3.59293030110973,-0.12815674115924336,-0.5726392620643701,0.19576596495891657,3.128802462215088,-0.3922951857196253,-0.5141766707049769
5.837958097457886,-0.6658554403246452,0.66043487990786,0.15289029976060736,-1.337455348310869,-1.3915950470441236,1.131072863303938,-1.0632891477630149,-3.0337037639396365,-3.2128855623984873,-0.1245590089337479,-0.5706358401038214,0.20425021192714854,3.128798647517822,-0.39227515855898076,-0.5141766707049769
5.840000867843628,-0.6658729054736436,0.6604033676321321,0.15286342177943338,-1.337511383639755,-1.3916155796911962,1.1311556094763617,-0.955002156198016,-2.654379762610662,-3.361362338826124,-0.13471626229145803,-0.5608025063249711,0.2084323904371777,3.1288372713276367,-0.3922632376300257,-0.5141800085650843
5.842029094696045,-0.6658844711547194,0.6604013501880137,0.15288015780319203,-1.337474468520073,-1.3916169024476204,1.1311343696598521,-0.859349828663441,-3.0484124799368155,-3.4156613459598146,-0.13271311144343415,-0.5563413746693343,0.19849469102255562,3.1288058000751953,-0.39227515855898076,-0.5141528288470667
5.844057083129883,-0.6658873520449101,0.6603998266564024,0.15289268364325875,-1.3374736973851526,-1.3916233668009628,1.1311363054844925,-0.9275915790093596,-2.711248252851417,-3.2968876800964333,-0.12822716895582983,-0.559495106177809,0.20032116576338282,3.128833456630371,-0.39227515855898076,-0.5141609350787562
5.846086025238037,-0.6658674796986828,0.6604207976642599,0.15288514528088534,-1.3374900897141933,-1.3915951385172272,1.1311170643819788,-0.7885177515799525,-2.893192956138706,-3.2501064126822365,-0.13139596243540613,-0.5552247239356787,0.1947769760696089,3.1288177210041503,-0.39227515855898076,-0.5141528288470667
5.848113775253296,-0.6658754431167466,0.6604108522381062,0.15287798157171079,-1.3375248089975735,-1.3916024021996445,1.1311246219191755,-1.0518553274770062,-2.9009616965890364,-3.4842022273931788,-0.13226204985694365,-0.5513890794246419,0.2019684919939891,3.128840609187744,-0.3922951857196253,-0.5141609350787562
5.850141763687134,-0.6658665816744869,0.6604186389215936,0.15289897545311948,-1.3374947498351932,-1.3915995713079627,1.1311180903942246,-1.0160233574217523,-2.9704224412315274,-3.434892927764938,-0.1315095962506416,-0.5552642637582055,0.209697637037933,3.1288444238850097,-0.39227515855898076,-0.5141642729388636
5.852169752120972,-0.6658768483762835,0.660413342516373,0.1528892024423618,-1.337495168257565,-1.3916015404464173,1.1311130864301389,-1.0231618886219462,-2.852142220304624,-3.40585799722606,-0.13064130979576377,-0.5561402400718721,0.2169422888022004,3.128821535701416,-0.39229137102235967,-0.5141494909869593
5.854197025299072,-0.6658652259929017,0.6604117371220205,0.15286941549763472,-1.337499213933752,-1.3915983624342334,1.1311392568317558,-0.9198594786576302,-2.962582147756771,-3.44088477094674,-0.13182081359056633,-0.5528012568306171,0.21314232322580873,3.128802462215088,-0.3922632376300257,-0.5141575972186487
5.856224775314331,-0.665878304657727,0.6604135890706186,0.1528866449939661,-1.3374800339481596,-1.3916069991078823,1.131120723705064,-1.05748510134523,-2.7120020103216365,-3.2734108328587963,-0.12545676741265335,-0.5576920185935831,0.21669070009258487,3.128821535701416,-0.3922789732562464,-0.5141528288470667
5.858252763748169,-0.6658568452622,0.6604350660012502,0.15288028038548973,-1.3374968754294374,-1.3915909064600018,1.1310738118904784,-0.8568752466054494,-2.9722309046026645,-3.475674449460204,-0.1303504324708316,-0.5515220199974007,0.2056012086388721,3.128821535701416,-0.3922951857196253,-0.5141800085650843
5.860280752182007,-0.66586246336152,0.6604213459779417,0.15286534584730208,-1.337517604320744,-1.3915906906371764,1.1311012723351415,-0.7082504141292632,-3.257755521161709,-3.342874529314175,-0.12760397268280074,-0.559114219961332,0.2022536829312303,3.128802462215088,-0.3922951857196253,-0.5141642729388636
5.862308740615845,-0.6658552120274857,0.6604398757891472,0.15290004702299298,-1.3374615255530702,-1.391590625595355,1.1310482337865457,-1.0073567957577172,-2.9305141165686384,-3.680866002648956,-0.13044004951797933,-0.5580065603579476,0.2085906944103082,3.1288058000751953,-0.3922951857196253,-0.5141766707049769
5.864336729049683,-0.6658846836409216,0.6604018866770175,0.1528824056199636,-1.3374678255599373,-1.3916176549414752,1.1311302152262956,-0.8562612700181389,-3.1900654571305287,-3.714622888592934,-0.12794605821759614,-0.5639237605139713,0.206508771814068,3.128802462215088,-0.39227515855898076,-0.5141528288470667
5.8663649559021,-0.6658681691193338,0.6604202202294124,0.15287687871912906,-1.3375055534096814,-1.391592139107549,1.131101917466317,-0.9798144312378947,-3.3141873040629664,-3.522449303962441,-0.12723922879066635,-0.5733195413587477,0.20980017928146302,3.1288058000751953,-0.3922951857196253,-0.5141528288470667
5.868395805358887,-0.6658677382133718,0.6604310648212476,0.1528852354401184,-1.337495116494732,-1.3915958823909655,1.13106835540572,-0.9748683885823239,-3.281587719772407,-3.594789745243138,-0.13308222376626533,-0.5786789985594123,0.21057113504014818,3.1288253503986816,-0.3923099676715296,-0.5141709486590784
5.870438098907471,-0.6658746892674381,0.660415663429873,0.15289669549636797,-1.3374752060838635,-1.3915998606903155,1.1310977570628542,-0.8895984603874353,-2.8754919044056932,-3.9473132169586163,-0.129912554490034,-0.5700147480357842,0.2085279725720138,3.128802462215088,-0.39229137102235967,-0.5141461531268519
5.8724658489227295,-0.665874381896739,0.6604160107131551,0.1529071399172617,-1.3374758068513921,-1.3916019767912784,1.1310916050364792,-0.8796325286160287,-3.0980986193856634,-3.9136483519779723,-0.12748356100447908,-0.5736455158180216,0.20109127150761474,3.1288181978413085,-0.3922951857196253,-0.5141528288470667
5.874493837356567,-0.6658560359196419,0.6604419803324538,0.15290509928313212,-1.3374842512460619,-1.3915724486773888,1.1310673921838088,-1.1274748518081905,-2.7539891501479605,-3.569161118868247,-0.13093888872155707,-0.5846542350242178,0.20404320716897234,3.128809614772461,-0.3922951857196253,-0.5141404310809534
5.876521825790405,-0.6658555779255114,0.6604308372429729,0.15287862339905278,-1.3375540840769655,-1.3915652236128728,1.1311213498538875,-0.9483875902215935,-3.072482205009213,-3.9291509588128632,-0.12564772544100358,-0.5773357200449661,0.19600029029536303,3.128833456630371,-0.39229137102235967,-0.5141337553607386
5.878550052642822,-0.6658659182262073,0.660434318684283,0.15289536937212406,-1.337496745159651,-1.391591776236209,1.1310662909689082,-0.9892971176339154,-2.8835592706562587,-3.7464781633547877,-0.12536908253703777,-0.5852160908298017,0.20475855272860166,3.1288372713276367,-0.3923099676715296,-0.514167610798971
5.880579233169556,-0.6658662855711472,0.6604232731378951,0.1528970646777752,-1.3374523711108381,-1.391602037362662,1.1310632023362333,-1.0315637613723352,-2.9255953947087665,-3.7460839335771188,-0.12538816565436584,-0.5848117668903747,0.20483955209992877,3.1287833887287597,-0.3922951857196253,-0.514167610798971
5.882621765136719,-0.6658868529727933,0.660399511819219,0.1528837287136683,-1.3374697801414681,-1.3916171154308714,1.1311306953654539,-0.9555473051451393,-2.6520849129060227,-3.9495958574851544,-0.12818930012182822,-0.5811055984511708,0.210514344026829,3.128798647517822,-0.3922789732562464,-0.5141471068011683
5.884649991989136,-0.6658782715412513,0.6604055815749017,0.15287557189531345,-1.337476611076736,-1.3916173206809248,1.1311147722403663,-1.0630796797594464,-2.9436151333021483,-3.723726929964605,-0.12377985405967776,-0.590616245038283,0.2044160209881908,3.128802462215088,-0.392282787953512,-0.5141709486590784
5.886713027954102,-0.665878061893725,0.6604164266008995,0.15288370585775238,-1.3374914902373634,-1.3916112004534102,1.1311077221073633,-1.086294901679568,-3.001936002275887,-3.8759414198716247,-0.12444904385901681,-0.5889633190437629,0.19928564930987885,3.128840609187744,-0.39229137102235967,-0.5141709486590784
